4
30
31
88
16
36
91
96
72
75
52
44
17
49
76
52
50
81
43
67
88
47
73
57
49
93
51
24
55
11
70
61
0
0
0
0
500
75
69
78
96
24
9
35
16
84
85
64
40
66
22
74
80
83
82
24
67
21
90
83
84
28
63
29
21
87
25
25
25
25
27
500
31
34
74
52
23
66
23
80
95
93
53
32
37
48
29
65
34
88
36
46
96
34
34
20
69
51
94
40
43
43
43
43
65
12
500
70
19
36
14
23
9
58
47
84
42
59
24
17
12
57
58
42
47
38
74
20
58
21
54
10
23
83
10
10
10
10
67
44
78
500
89
74
58
65
74
99
61
2
74
86
95
76
10
83
3
48
94
90
40
85
82
80
14
73
42
33
42
42
42
42
36
92
61
10
500
74
89
49
11
68
53
82
2
29
63
39
5
5
48
68
44
85
39
29
29
62
66
38
69
79
81
81
81
81
48
95
89
32
84
500
23
93
91
50
72
26
24
72
69
64
96
32
72
44
44
82
42
74
86
42
36
70
34
50
77
77
77
77
42
54
87
64
89
5
500
39
51
56
57
42
84
91
89
52
98
68
45
52
58
63
38
83
86
64
30
82
6
3
86
86
86
86
11
64
42
59
48
70
18
500
85
84
18
53
8
21
65
96
94
73
60
21
68
59
45
50
83
38
60
7
27
15
49
49
49
49
55
39
42
52
60
85
77
33
500
77
34
10
6
69
30
28
1
33
68
97
79
2
60
65
52
45
65
82
84
72
6
6
6
6
38
10
21
75
96
13
34
68
81
500
97
68
9
21
72
16
92
99
41
42
46
60
20
71
96
27
31
21
69
96
23
23
23
23
20
27
25
83
74
57
25
11
11
63
500
13
70
31
83
2
40
6
73
38
40
19
37
13
83
62
63
4
47
37
44
44
44
44
33
85
97
73
96
94
27
58
60
89
9
500
85
12
37
92
27
49
17
4
7
13
74
93
59
57
31
48
1
54
55
55
55
55
55
23
81
27
94
94
44
27
32
30
11
98
500
3
3
43
40
36
66
16
5
31
19
46
95
30
74
41
5
86
61
61
61
61
33
1
94
50
49
48
10
78
11
32
97
54
29
500
69
75
96
47
28
50
8
28
26
15
59
79
74
35
56
11
18
18
18
18
7
82
64
23
48
33
22
75
15
13
20
7
85
2
500
88
12
57
38
61
12
5
67
42
78
24
81
78
32
21
6
6
6
6
74
53
20
65
8
79
28
25
39
84
68
58
21
26
84
500
53
96
18
88
83
71
15
12
27
63
87
62
40
16
94
94
94
94
49
14
60
82
32
92
27
63
19
61
16
45
32
93
81
99
500
18
82
80
2
95
31
95
23
21
11
85
22
43
32
32
32
32
33
21
45
78
97
48
54
79
98
35
89
85
71
47
28
74
3
500
28
55
25
18
24
87
81
93
27
41
46
74
20
20
20
20
64
15
9
74
52
60
25
98
7
1
72
86
62
30
71
22
31
79
500
78
86
29
9
80
27
68
9
48
71
87
21
21
21
21
43
75
5
80
25
5
63
2
39
54
16
68
55
82
54
69
14
48
98
500
79
98
24
30
52
82
57
97
65
6
64
64
64
64
90
91
78
99
9
42
9
29
23
89
52
98
52
36
21
92
54
47
60
47
500
37
73
46
62
76
38
2
98
94
43
43
43
43
90
67
69
70
84
86
3
96
59
85
16
13
6
73
96
32
45
14
34
19
13
500
8
70
16
51
29
41
6
66
97
97
97
97
53
80
90
54
45
84
89
26
64
67
96
54
95
16
26
12
27
40
89
71
97
14
500
52
34
66
36
4
67
78
57
57
57
57
8
32
49
5
83
3
99
12
38
96
6
83
27
1
46
49
62
28
18
19
80
6
92
500
78
78
50
53
59
70
22
22
22
22
90
28
3
73
32
30
30
44
92
99
80
11
97
4
6
78
83
60
22
51
94
37
12
48
500
2
26
96
32
56
45
45
45
45
33
32
11
33
99
66
79
57
45
88
74
46
78
29
17
58
80
23
97
55
54
42
88
89
88
500
90
73
91
90
40
40
40
40
44
21
16
43
61
40
89
66
8
13
66
96
65
44
79
16
48
30
21
45
81
94
98
50
28
2
500
84
62
14
2
2
2
2
19
21
17
28
11
97
16
23
78
23
74
68
18
88
13
35
50
86
41
37
43
32
35
99
64
80
85
500
43
89
60
60
60
60
71
82
5
55
13
20
27
52
19
60
19
12
80
33
78
73
49
73
68
94
56
39
73
88
33
64
24
9
500
35
49
49
49
49
14
98
25
27
34
63
35
66
97
83
55
51
97
32
51
64
62
74
87
71
19
36
68
52
28
93
4
63
49
500
35
35
35
35
33
42
29
39
88
72
91
25
88
96
30
39
59
96
86
49
36
59
39
13
79
49
80
24
62
8
63
16
19
64
500
500
500
500
33
42
29
39
88
72
91
25
88
96
30
39
59
96
86
49
36
59
39
13
79
49
80
24
62
8
63
16
19
64
500
500
500
500
33
42
29
39
88
72
91
25
88
96
30
39
59
96
86
49
36
59
39
13
79
49
80
24
62
8
63
16
19
64
500
500
500
500
33
42
29
39
88
72
91
25
88
96
30
39
59
96
86
49
36
59
39
13
79
49
80
24
62
8
63
16
19
64
500
500
500
500
