3
50
57
29
24
68
45
68
93
7
12
16
70
26
93
74
36
75
56
55
48
10
58
11
18
57
69
56
70
55
97
97
64
57
8
91
58
31
38
81
4
47
2
78
98
59
58
6
24
31
85
89
0
0
0
500
95
5
58
82
98
86
63
28
52
47
1
12
21
89
76
61
97
38
69
31
94
76
44
18
89
19
71
43
88
65
60
62
13
38
57
86
37
38
5
75
35
83
17
94
83
55
97
65
57
41
41
41
74
500
95
14
51
83
85
66
9
16
36
1
17
91
76
65
43
63
94
3
73
82
13
3
2
97
10
55
21
63
18
87
56
25
55
37
69
65
26
20
64
50
55
61
31
7
52
83
91
96
48
48
48
74
19
500
55
26
20
65
27
25
85
54
54
9
20
6
18
12
68
16
3
78
25
69
30
66
76
25
10
63
16
88
56
1
26
23
67
73
29
7
60
70
2
69
3
29
43
44
21
82
73
8
8
8
27
81
27
500
6
35
57
3
90
46
5
2
11
18
90
73
13
8
18
91
32
81
74
81
66
8
38
15
82
97
1
21
45
47
35
66
58
80
49
47
77
38
49
46
72
64
53
21
28
4
24
24
24
7
63
3
86
500
87
3
78
22
11
68
27
80
21
83
92
7
29
37
79
70
87
45
92
73
29
38
14
8
54
46
73
13
60
24
56
48
82
5
96
89
76
27
60
5
94
64
81
40
84
34
34
34
21
28
72
99
24
500
74
53
26
37
54
10
40
6
4
92
99
78
2
23
60
56
22
74
28
88
35
39
85
90
47
43
19
40
35
65
81
88
98
14
37
39
93
75
71
37
11
32
5
27
45
45
45
95
82
76
59
34
95
500
88
23
70
93
91
60
17
11
1
96
82
33
97
84
24
48
63
86
86
54
68
45
77
99
81
60
46
38
85
57
58
83
57
57
61
44
90
94
75
71
18
27
90
33
33
33
45
31
14
86
41
46
47
500
9
44
55
81
70
5
71
13
66
5
76
55
99
41
82
20
7
28
5
60
10
81
97
9
79
38
56
78
34
6
59
83
93
38
88
25
42
2
10
25
11
35
96
96
96
63
53
25
5
92
1
11
47
500
8
32
36
30
27
9
77
73
3
71
76
10
60
2
71
67
54
71
68
33
62
29
53
22
47
47
79
27
7
55
80
71
82
55
47
86
76
20
23
30
78
59
59
59
50
94
15
89
90
36
22
4
58
500
27
72
52
94
39
94
66
83
52
72
30
61
74
60
9
35
27
27
69
20
68
20
90
44
72
12
70
36
43
76
62
39
53
14
63
53
69
49
54
55
20
20
20
7
44
2
79
55
54
93
28
5
54
500
62
5
74
75
38
48
2
65
35
75
9
63
95
41
70
71
99
24
98
33
47
96
6
38
23
96
51
30
82
48
68
46
17
31
25
87
31
41
60
49
49
49
53
54
46
40
80
2
2
77
15
90
85
500
11
29
94
98
98
89
85
84
89
97
12
90
6
25
59
48
66
77
29
7
83
31
68
30
38
39
28
95
76
46
29
27
37
38
21
32
48
68
42
42
42
71
98
76
32
82
18
93
51
28
28
23
80
500
39
96
14
10
28
55
79
87
50
10
99
92
84
9
94
50
83
24
46
43
34
37
28
65
77
62
3
76
21
53
41
71
53
21
69
43
81
21
21
21
16
90
91
18
40
58
96
29
25
2
12
55
60
500
87
41
32
57
75
85
96
35
24
69
24
20
78
38
21
4
46
31
84
35
43
20
27
78
2
94
8
73
47
95
47
20
46
14
7
65
85
85
85
72
97
12
80
41
26
50
66
50
35
26
24
40
92
500
70
27
79
29
17
88
90
24
83
50
99
14
68
52
59
40
6
96
94
57
48
29
82
70
25
65
97
41
4
13
19
22
20
71
65
34
34
34
25
23
36
23
61
6
8
90
64
50
5
82
58
48
29
500
81
32
80
30
61
74
52
55
33
15
70
97
55
89
63
26
5
29
58
48
58
13
52
93
64
63
45
11
88
9
63
97
43
32
48
48
48
23
90
95
65
33
50
82
3
25
18
43
27
50
95
51
38
500
6
49
34
3
32
37
52
86
9
44
97
92
1
23
79
17
30
2
58
29
74
41
71
43
69
95
16
4
43
92
67
5
33
92
92
92
17
92
3
36
39
82
23
55
62
20
75
16
3
85
99
12
81
500
43
21
43
17
63
65
63
90
39
49
58
14
22
4
10
68
88
97
65
61
54
41
30
58
83
60
37
97
21
92
46
54
13
13
13
44
49
97
35
42
54
22
92
63
50
51
44
32
58
53
96
48
57
500
65
83
87
20
92
99
54
60
19
62
35
23
14
98
84
33
43
26
55
25
65
61
56
32
7
61
68
85
72
96
5
63
63
63
18
4
26
67
16
49
35
85
5
6
50
85
95
38
38
92
5
81
44
500
22
89
2
95
16
24
48
12
97
71
67
94
61
17
16
96
25
5
66
90
84
94
47
75
8
66
41
35
8
96
7
7
7
20
18
14
88
73
82
66
58
94
88
99
87
6
31
62
78
35
88
21
27
500
91
10
77
82
61
18
86
35
80
10
24
15
45
11
75
17
26
34
32
19
67
54
48
46
74
78
77
7
57
41
41
41
10
15
17
97
66
81
2
51
12
3
83
24
24
81
51
32
37
72
33
29
26
500
36
15
34
99
96
18
53
77
5
46
72
16
58
71
49
53
56
45
59
89
93
21
83
79
33
45
26
4
22
22
22
28
80
39
65
89
26
63
67
3
14
7
20
21
82
97
59
79
51
85
62
68
31
500
92
45
45
23
62
24
12
47
17
31
72
79
11
45
84
77
14
59
75
53
3
42
61
85
90
70
65
15
15
15
64
30
58
72
32
11
29
69
9
22
36
14
76
67
76
49
95
24
73
73
58
97
23
500
96
32
13
98
27
24
98
99
59
19
95
2
58
71
28
13
36
21
62
99
19
11
83
57
95
67
11
11
11
98
21
27
21
97
93
80
86
55
41
70
24
23
44
60
97
64
32
96
94
55
89
18
23
500
1
90
67
59
83
30
7
63
15
72
46
69
3
29
70
72
18
13
81
89
91
96
81
41
95
42
42
42
51
63
49
82
62
28
97
44
41
38
32
31
65
57
42
47
68
15
74
31
5
49
41
30
63
500
80
3
78
56
88
14
16
23
62
93
4
46
80
11
95
75
8
51
77
16
20
93
99
97
30
30
30
37
87
61
60
70
38
14
89
2
78
12
55
98
76
78
52
44
42
16
25
48
91
30
85
61
87
500
43
93
62
89
69
75
65
55
22
79
24
39
70
25
48
68
87
38
62
45
29
42
83
52
52
52
24
59
50
58
37
46
14
63
84
89
61
23
81
21
17
37
14
99
54
83
30
85
42
15
25
17
23
500
59
85
28
2
79
29
63
14
25
51
22
77
66
27
58
41
17
35
18
77
2
72
81
81
81
78
52
51
57
23
31
16
94
65
25
82
90
7
23
22
10
82
87
83
34
13
67
78
66
96
7
61
5
500
49
31
53
32
39
80
37
78
97
20
25
11
31
97
97
44
39
45
98
2
85
25
25
25
99
88
61
41
47
46
87
91
51
55
45
10
18
41
19
62
35
35
7
38
96
65
72
57
28
85
12
85
46
500
96
26
65
8
49
86
1
92
25
79
99
4
54
89
22
29
28
67
22
75
84
84
84
16
51
26
85
47
7
10
77
21
79
21
13
56
28
56
20
14
13
76
79
71
54
13
78
23
55
44
12
75
39
500
36
71
79
67
79
36
42
89
18
65
47
80
84
90
35
10
2
94
43
44
44
44
71
53
70
35
68
80
46
61
78
2
68
58
76
63
97
11
37
22
90
15
44
53
12
47
71
95
95
87
33
43
86
500
56
49
59
17
23
93
89
47
76
75
12
63
23
84
22
41
88
51
21
21
21
69
80
78
57
45
69
33
42
55
43
91
50
76
42
38
38
32
55
92
35
32
89
27
68
32
71
31
71
36
27
46
84
500
6
50
65
66
49
70
42
60
71
62
45
35
20
78
94
32
20
41
41
41
87
60
81
8
3
5
45
28
11
73
41
66
92
58
67
91
53
3
8
63
69
39
66
26
83
98
32
55
48
26
15
2
80
500
23
93
40
88
7
3
81
38
50
71
57
30
75
90
68
88
3
3
3
52
31
32
8
94
14
73
41
27
91
24
89
8
16
1
73
24
96
78
97
64
78
8
70
9
86
35
27
2
42
81
97
23
45
500
67
35
11
8
78
4
62
55
83
83
8
45
79
51
56
97
97
97
77
68
90
79
67
51
93
32
44
30
31
18
22
19
61
22
9
37
54
69
6
23
6
46
77
3
42
77
18
70
78
94
80
83
32
500
4
50
5
50
83
62
91
62
42
90
61
83
98
69
44
44
44
83
46
11
40
88
30
12
20
71
48
15
78
73
76
98
7
53
15
17
72
95
89
64
5
16
58
81
13
98
51
75
79
63
98
31
7
500
49
58
92
89
43
95
26
17
59
69
93
93
66
78
78
78
2
91
29
91
76
44
65
7
50
51
43
16
37
70
19
96
67
72
50
70
94
24
80
56
8
27
41
49
78
87
11
62
44
45
18
45
12
500
62
27
44
90
27
31
90
11
13
1
37
69
39
39
39
4
34
6
50
12
46
61
29
21
66
13
5
69
89
24
83
73
48
91
87
58
61
53
3
98
4
14
78
37
42
84
23
36
23
3
83
52
67
500
93
79
3
89
4
73
20
17
12
33
3
41
41
41
66
98
86
69
28
72
42
81
97
51
41
20
31
58
44
43
85
69
67
98
45
45
92
14
82
48
47
79
49
27
68
69
78
80
74
98
67
34
1
500
31
9
50
98
64
97
70
46
80
75
9
9
9
39
32
20
82
3
3
46
76
24
95
30
68
33
34
99
96
6
85
91
67
9
10
28
28
35
62
94
31
46
18
11
88
20
53
64
78
39
22
35
87
500
72
8
63
33
33
75
14
61
16
1
1
1
35
53
72
16
13
39
18
33
13
8
4
96
84
79
75
97
51
84
56
73
69
48
38
30
68
43
81
2
81
2
23
46
73
38
47
81
9
70
96
70
6
500
56
64
60
78
32
46
85
58
76
76
76
86
8
28
4
61
18
40
8
56
84
96
79
54
31
66
94
50
9
39
66
37
17
12
84
56
24
73
2
71
30
3
73
76
1
11
1
93
88
77
21
99
57
500
29
21
86
23
51
86
20
84
84
84
23
10
94
48
13
17
38
82
42
78
25
19
83
72
86
59
5
89
58
74
67
4
25
59
78
42
35
55
45
82
76
91
14
34
33
49
16
95
31
92
22
13
52
500
8
41
31
85
55
1
98
98
98
43
38
95
4
53
59
84
7
13
37
53
95
22
74
37
42
22
58
12
28
47
77
38
61
13
90
56
33
5
43
68
9
57
25
72
12
84
83
79
76
95
66
35
38
500
53
84
3
90
91
27
27
27
1
44
67
98
4
94
82
72
29
63
14
3
80
19
8
50
34
94
13
54
69
91
43
18
99
46
47
85
64
92
77
20
54
12
17
29
12
32
25
20
73
83
57
91
51
500
10
71
67
22
91
91
91
31
93
50
81
34
9
67
66
16
96
9
89
80
76
78
54
95
15
36
85
94
79
69
71
63
52
57
65
21
70
83
91
15
94
96
23
73
45
7
3
46
26
98
65
26
18
500
68
94
50
32
32
32
60
10
85
53
10
10
77
45
14
93
64
59
36
89
3
43
66
31
95
59
17
27
28
76
17
9
73
53
65
48
97
52
87
75
66
86
61
88
11
34
19
58
36
64
65
27
23
500
12
69
2
2
2
20
19
36
63
51
46
97
77
42
93
84
79
43
73
37
32
68
66
51
91
72
76
20
33
92
56
46
3
4
72
2
81
93
79
15
95
5
47
46
80
72
80
14
53
59
66
97
71
500
58
88
88
88
2
76
74
89
95
41
47
96
65
46
41
29
47
54
60
27
6
39
21
93
60
9
85
71
74
44
20
95
93
51
8
42
21
38
60
88
98
17
91
67
11
53
92
55
55
89
3
10
60
500
75
75
75
87
46
40
56
78
52
54
41
34
12
63
17
18
67
73
78
92
99
43
39
7
69
89
89
47
71
87
26
2
56
37
28
35
21
44
41
7
43
77
29
45
88
48
1
22
51
20
33
97
37
500
500
500
87
46
40
56
78
52
54
41
34
12
63
17
18
67
73
78
92
99
43
39
7
69
89
89
47
71
87
26
2
56
37
28
35
21
44
41
7
43
77
29
45
88
48
1
22
51
20
33
97
37
500
500
500
87
46
40
56
78
52
54
41
34
12
63
17
18
67
73
78
92
99
43
39
7
69
89
89
47
71
87
26
2
56
37
28
35
21
44
41
7
43
77
29
45
88
48
1
22
51
20
33
97
37
500
500
500
