5
20
68
50
7
99
34
26
11
15
8
40
29
5
79
6
62
2
38
19
30
91
0
0
0
0
0
500
51
40
36
46
77
71
52
52
57
94
13
49
22
19
93
12
74
74
4
42
42
42
42
42
91
500
24
91
14
21
97
37
15
92
92
24
62
98
58
53
91
94
64
22
44
44
44
44
44
37
71
500
48
14
24
58
12
66
1
50
77
80
10
20
23
55
97
66
2
85
85
85
85
85
47
28
96
500
13
99
57
51
37
97
72
19
17
64
91
30
5
46
31
48
31
31
31
31
31
57
25
31
23
500
61
7
2
72
64
43
12
96
65
51
86
90
63
60
68
20
20
20
20
20
48
34
86
90
87
500
94
95
83
74
98
45
57
49
98
31
95
70
42
14
21
21
21
21
21
71
97
79
53
23
53
500
60
99
6
58
58
45
15
72
33
40
89
45
86
1
1
1
1
1
23
51
58
63
27
47
47
500
26
10
36
82
42
88
82
42
4
55
78
53
75
75
75
75
75
7
40
24
89
10
57
76
9
500
22
88
90
39
99
16
16
41
37
86
60
32
32
32
32
32
42
49
77
9
47
6
86
39
23
500
92
27
30
4
53
78
36
29
54
34
86
86
86
86
86
77
75
37
23
32
51
79
6
99
81
500
57
10
39
51
2
58
19
43
6
85
85
85
85
85
98
30
2
27
47
99
71
48
24
66
93
500
69
57
74
3
54
79
43
72
87
87
87
87
87
83
62
64
16
49
48
36
37
45
17
26
81
500
63
31
55
67
32
9
79
61
61
61
61
61
10
62
73
45
61
6
40
67
10
50
34
96
46
500
61
93
14
47
5
51
39
39
39
39
39
18
72
91
39
68
39
16
45
87
44
2
40
84
38
500
23
96
65
75
95
60
60
60
60
60
69
3
52
5
23
96
43
67
54
58
89
15
24
86
81
500
88
35
24
79
9
9
9
9
9
96
38
83
93
69
11
21
8
57
55
18
7
86
67
20
3
500
5
72
78
9
9
9
9
9
84
46
65
10
32
87
80
37
44
48
92
79
6
69
68
37
88
500
27
92
41
41
41
41
41
60
72
39
48
21
11
41
98
49
73
35
18
52
72
38
27
90
7
500
9
51
51
51
51
51
52
36
88
65
27
53
99
5
80
6
87
1
75
8
41
59
47
56
14
500
34
34
34
34
34
40
46
14
76
60
35
12
11
91
62
63
19
57
89
57
11
41
83
62
57
500
500
500
500
500
40
46
14
76
60
35
12
11
91
62
63
19
57
89
57
11
41
83
62
57
500
500
500
500
500
40
46
14
76
60
35
12
11
91
62
63
19
57
89
57
11
41
83
62
57
500
500
500
500
500
40
46
14
76
60
35
12
11
91
62
63
19
57
89
57
11
41
83
62
57
500
500
500
500
500
40
46
14
76
60
35
12
11
91
62
63
19
57
89
57
11
41
83
62
57
500
500
500
500
500
