    1   51    4    0    197700
1030019200
 810014100
1350015400
 910013800
 670016300
 490016200
1240012500
 780011900
1090014300
 790016700
 640013800
 730012000
 870017300
 990017500
 630013100
1270013400
 830015100
 990012900
 990011400
1330013000
 680013400
 740014800
 930013600
 460017500
1450014300
 810013600
 230017100
 840015800
 150017100
 720011900
 920014600
 290017900
 960016100
 810010200
 660016800
1180014600
1450012900
1130018700
 940017100
1330013000
 510012500
 310016600
 660014400
 940011400
 760012500
 960012100
 890010600
 580015300
1390013900
 370011600
 7300 6400
12800 7600
 8800 7300
 8300 8600
 640011300
13600 9200
 9000 6200
 9600 8000
 710011500
 710010500
 5800 6100
 910011100
10400 9900
 4900 6000
12000 5600
 8600 9200
11100 5900
10300 6700
11800 8000
 5400 5600
 6900 7900
 9200 9900
 3600 9600
13000 6500
 7000 5800
 3700 9400
 9900 8500
 1800 9300
 7200 6400
1060010000
 430011200
1100011100
 9600 8000
 5200 9000
13100 7700
1440010200
1190012000
10700 9400
1280010900
 3900 9600
 160010400
 740011000
10400 6900
 7600 9500
 8700 7200
10200 8700
 4200 7700
14900 9500
 3000 6500
18200 9800
 7000 7100
 900011300
 830013500
1650010200
11900 7800
1340010800
1240014000
 5500 4900
 8300 7600
1370014000
1490011000
 7200 8900
11600 8300
 370011900
 9300 7500
14900 7200
1600010100
 8800 8400
1220010900
14200 4700
 450011800
17500 9400
12400 8400
 490012100
11600 9000
 640011100
12300 7000
1320012000
 750014200
1130013400
11000 6600
 740011700
1580010700
1950010800
 930015000
1370012200
1810010900
 580010300
 600013300
1050012200
 7700 6700
1260010300
14100 8900
12200 8400
 8900 9100
1840011400
 3500 7100
1180014600
 850010400
 590013300
1200014600
 720013800
1240011500
 530013000
 950018500
 780014000
 630011000
 780013700
 730012600
1490013100
1130011500
1290013800
 760014600
1290013100
 740012900
 440010800
 930017800
 650011800
1390012000
 760012900
 500010100
 980014100
 290012600
 430014500
1050013400
 460010100
1200013100
1050015800
 730010600
1150011000
1140015500
1430010700
 940010000
1040016400
 660015100
 390010800
 960015200
1250014900
 530015000
 700013600
 930015600
 620013200
1290013600
 590014500
 8300 8700
 7700 8400
16000 7400
11400 7400
13700 5600
12600 8700
 530012500
 9000 7600
13500 8700
1460011400
 7800 6600
12300 7800
 4500 6500
 8600 8300
14700 8000
16400 5800
 9400 7700
12300 6400
1420012000
 510010400
17900 7700
12500 7900
 4500 9300
1100010600
 640010600
12200 8300
12700 7300
 7200 9200
10700 8300
10600 9000
 8100 9300
15300 6200
19400 8400
 910010000
13300 9300
18200 9300
 6400 7900
 6300 8000
10500 8600
 7000 8500
12600 7800
14200 6500
11600 8400
 9200 9600
18000 7000
 4100 8100
 280012900
 770012500
 3100 9800
16000 9800
1020012800
1040011900
12200 9700
 730011000
 8900 4200
11400 9100
17800 8300
1240010600
12400 8700
 920010300
1770011000
11700 8300
 8900 9000
1300011200
 9800 4800
18800 7600
12100 8000
 5000 6400
 7300 6200
 5900 4500
 6900 9700
 970012400
 550010200
1080012700
1000011400
11600 6100
 6800 9000
1480013500
1510010600
 7400 6500
1540014300
1020013000
 800010600
1170013900
1240010300
 990012900
1200010600
 430012400
10500 6300
1030012200
 8800 9900
16200 7100
11600 4300
11000 4900
10200 8400
 6000 7400
 5600 4200
12500 7300
13700 3600
 4400 3700
 9100 2800
 5900 6000
10600 3200
13600 4800
13300 5700
 6100 2800
10200 4400
12500 6700
 1700 3500
14800 2300
10300 2500
 4900 3900
11700 2700
 4900 3000
10700 4200
12800 7400
 6700 7000
11800 8200
11000 6000
 4700 3400
15600 4200
17800 8200
10400 7700
13300 4000
16100 8900
 3000 7600
 3600 6700
 9300 8700
 9400 4800
11000 7500
11800 5100
12400 6900
 6500 1700
17800 7100
  700 4500
 830014000
1030014000
 680017000
 730016100
 640013800
 850015300
 9800 8300
 550013200
1260012400
 900014800
1110012800
 970014400
1210015100
 590012400
 650013200
 850015300
 4300 9000
1330011700
 690012200
 350010700
 950010300
 1200 8700
 670013800
1010016500
 380014400
1080016900
 930015500
 580010300
1240013200
1380017700
1210014900
1000010800
1230018500
 450017100
 210014900
 750018100
1050014400
 700017000
 840014700
 970016500
 470010400
1430016400
 360014100
11800 8600
 790012000
10200 4100
 2000 5500
1220011800
13800 8300
 2500 6700
12300 5800
10600 9800
14600 5100
13600 5300
 9700 8200
 3900 6000
 8500 8700
13000 3400
 3600 9100
11400 6900
 9700 5900
 7800 9600
14200 6300
 6000 8400
 9500 4800
1490010200
 850011900
1510011500
13800 5200
 1600 9100
17100 8400
16800 9300
1470012700
14700 9700
14800 9600
 3400 8800
 330011100
1150010600
13600 4800
10800 8700
 9500 7000
14400 7000
 5700 6400
18700 9600
 3900 5100
 450018300
 9800 9800
 560012000
 850018400
1020015800
 530013400
1390012800
1120016300
1380012100
1000011600
1050014400
 540013000
 490015400
10300 9700
 520016500
1140014000
 700013000
 620016800
1180013800
 370015900
 590011400
1240016300
 620018700
1340017800
1190010900
 520016300
1390015100
1310015100
1460019500
1180016800
1110015100
 510014500
 270017700
1010016500
1310011100
 750014500
 620013200
1160012700
 480013800
1540015700
 500011600
 6800 9100
10200 4900
 9600 7900
10800 6500
 9100 4000
14700 3700
 8700 6400
 8500 4400
11000 5600
16400 6000
 9900 3500
 9700 4800
12000 8400
 7000 5800
17600 2700
11100 3500
 1800 5500
 6300 5600
 4400 5700
 8800 5200
 8600 7700
 4000 7800
 7000 8500
 7000 6800
 9500 5200
10600 4600
16200 8500
11400 8600
 8900 5600
15800 9300
 7700 7900
 6100 7300
 9300 9000
 8500 5800
 9900 7800
12200 5500
 6900 7400
 8900 4600
13500 7400
 5900 5300
 1500 8200
13100 7700
1470012800
 2400 7700
12100 8900
10400 6100
14900 9200
14500 8300
10700 5600
 4600 8800
 9500 7400
1380012200
 340011600
12400 9000
10500 9100
 830010400
1480011800
 670011900
10500 8800
15500 4200
 9200 8800
15500 5500
14300 8600
  70010400
17900 7300
17700 5200
14800 9400
1550010300
15800 6100
 3500 5300
 3900 7300
12000 4400
13800 8800
11700 5200
10500 6600
15100 7100
 640010900
19600 4200
 3900 8500
11000 7100
12200 7100
 6200 2300
11400 2800
 6000 5100
 8400 2800
12200 2100
14200 3400
 7300 2800
 9600 4200
11500 6000
 3800 6700
15700 3600
 9900 3000
 2600 6300
 9400 5600
 3700 6500
 9600 2400
10700 5400
 4800 7500
 9400 6700
 8700 3300
 6600 6000
13400 4000
16800 5300
 9000 8300
11200 6300
15500 5900
 4800 4700
 4000 6400
 7800 6200
 7500 2600
 9900 4500
11600 2300
10100 3700
 6800 4900
15800 4900
 2700 2100
10600 9800
 9900 5400
15600 6600
 9600 4400
 9300 7100
10800 7000
17000 4800
10500 6400
 9800 4400
1240010900
 7800 8600
18200 6200
11600 6600
 2600 7400
 5700 9100
 4900 8900
 8600 7200
 8600 5600
 4400 6900
 7900 6400
 7700 8000
10200 7400
 9900 4300
16200 7200
12300 7700
 8500 7300
16000 8200
 8500 6800
 6800 5700
10000 7200
 9300 7500
10100 6700
12500 5500
 6100 7400
 9500 8100
12900 5500
 6800 7100
10600 9900
1760011100
12900 8500
1330011400
 720010400
16400 7900
1080011000
 6900 9800
1200014300
 940013900
1740011200
1100011300
 550012700
 850014000
 520014200
 470011000
10100 6600
 530011100
11900 7800
1060010600
1070012800
 8100 9700
12700 6900
1560011700
 760012700
13700 7700
 9600 7100
 7100 9600
11500 6000
1320010900
 8500 7100
10100 8800
 6500 9000
 950013100
 9400 6500
 850010600
11200 4800
 9300 6900
13300 4300
13100 2800
10100 4900
 3100 4900
 8400 6500
12200 5000
 2400 8900
11700 5800
 9000 5100
 6700 8700
13100 7100
 5000 8600
 9300 3300
13900 6600
 7500 9700
13900 8100
12700 1600
 2000 8300
16200 6200
16500 5100
1340010500
13900 8700
14500 5200
 2200 4600
 2300 8500
10400 6600
12400 2700
10200 4600
 9600 3800
13500 2700
 4800 6700
18000 5900
 2700 3100
1020014000
1060011600
 860013100
1540014000
 930011200
 760012300
1060014600
 7300 9800
1650010600
 990010900
 280010900
 6500 9800
 3400 9100
 640012600
 740015600
 290014500
 930016200
 800014300
 910010300
 920012300
1390016500
1300015100
 690011000
1380017300
 770015900
 550014500
 920017000
1050013100
 800015800
1030013500
 630015300
 8100 9300
1150015300
 630012800
16300 9000
 8800 9500
14500 7700
 9700 8000
 3800 5600
1280013000
 9400 7600
15400 7200
10500 8100
 8300 5900
12600 9600
 6300 8300
 2600 9500
13600 7900
 7900 4800
15300 7500
1380010700
 9300 6300
13000 5900
1090010100
17800 5500
11800 5800
1190011000
 9300 9700
 6800 5200
13100 9600
16000 9900
 8800 9600
 7000 8400
1130010400
 8900 8700
14200 8100
 9000 9400
1400012300
1560011800
 850010300
11400 9500
1330014800
 4400 7700
17100 9300
1170010200
 3900 6500
1060010400
 5500 8500
1140012000
1210012800
 650010200
1030012800
1000013600
 7300 6800
14800 9600
1860014400
 830010700
12700 6600
1730015300
 560013900
 550010700
 960014400
 690012500
1180013800
1330011900
1120013900
 8400 9700
1740012700
 330012100
13800 9600
 6800 7200
 9800 9900
11800 8800
 300010800
15300 8200
 9900 7200
 340010900
10300 8600
 400010200
 9900 6400
1150011700
 550013100
1030012900
 9600 7900
 580010500
14300 9600
1710011400
 920013900
1200011000
1570011800
 400010700
 360012300
 820012400
 8100 6800
1020010700
11600 8500
10900 9400
 6500 8300
1650011100
 1800 6800
 660011700
 840013700
1030011300
 380015600
1470012700
 880011800
 240015600
 910013600
 250015200
 840010000
1000014200
 390016900
 960015700
 8400 8800
 620015200
1280013400
1560013000
1010017700
1050015600
1430013200
 440012500
 310015800
 660014400
 8600 9400
 880012400
1040011200
 960010600
 590013200
1500013600
 2800 9900
 8300 6700
1090013900
 700010100
16800 8800
10100 9500
 2100 8500
 600011700
 350010800
 720010200
 7000 5600
 2900 5100
 8400 4200
 720010700
 9100 8900
 9700 6800
14700 8100
12300 5300
 7600 8400
14400 9000
 7500 8100
 5500 4300
 8900 7000
 970010400
 8500 8000
10900 8200
 6400 9600
 810010700
12200 6300
 600010000
1150012700
 5200 8700
10400 7500
 8100 8200
 7200 7100
1300010300
 4800 9300
 6800 9000
13600 5200
 7400 3900
14500 4200
13000 9700
 4400 7400
15200 5500
14100 7700
15200 4400
13000 7000
12200 8600
 5000 7600
 3100 2900
11000 6800
13900 9300
 8800 7500
 6700 7200
12900 8800
 5200 9300
16700 5700
 5200 8900
 610014800
1900014400
1350015200
 520013200
1150017000
 730015600
1300016300
1330012600
 8000 9400
1110011300
1120017100
 900013600
1570012600
2030015100
10100 8900
1390013000
1910016000
 740015000
 740010000
1140014100
 740016600
1350014900
1520014600
1200016300
1030016000
1850013100
 510016100
17000  900
10600  900
 5500 3600
 8700 2800
 4900 3300
 4300 2700
10100 5900
 5200 6000
12000 6700
10700 4400
10300 3100
 8600 2900
12200 6500
15600 6800
 7700 3600
13200 7200
 9300 5900
 6800 5500
11300 7100
13200 3300
 8100 5800
 9600 3500
 6900 5200
 9200 1800
 9900 5500
 8300 2900
1090016500
 550014900
 860018500
 510017300
 460017400
1010013400
 530011300
1190012100
1070018100
1060015400
 830013800
1250015900
1570011300
 770014800
1350016800
 950015800
 700011100
1150014800
1320017700
 830015700
1000015600
 670017200
 940017500
 960013900
 850017200
 590012100
 8100 9000
 720011000
 8100 7600
1080013000
 670014500
1150014300
10900 8400
1290011600
 750011000
1610012400
1590015300
 880012200
1680012700
1150011800
 930013700
1290013600
13000 7700
1130011700
13400 9800
 440010200
11800 9000
1140012400
10000 7900
 9000 7500
 1800 5900
 7700 7700
 9900 5800
 3600 1600
 9900 5200
 8600 9000
 6000 3900
12500 4100
14900 8200
10900 1800
10100 3300
13500 9100
 4400 7900
 2600 2800
 6300 7600
 9300 8200
 8000 7700
 9600 6600
 9500 8600
 5300 6600
14600 6100
 3000 7700
 5200 9900
 7900 7300
 8600 8300
 4600 9800
 9100 9300
 8600 8300
10800 8900
 8600 6400
15500 8900
1350010700
 7600 9100
15700 9700
 9300 8300
 7300 8800
10700 9400
10600 7600
 9900 8200
12200 6100
 4800 8200
 9900 8700
11700 7800
 7700 7100
10200 3400
10100 3100
 5200 6000
 7600 4500
 8100 3700
 9600 5800
12000 2900
17600 3300
10600 6800
10500 5900
17000 4200
 7800 2800
 6600 4700
 9800 4000
 7300 3500
11100 2700
13300 1300
 8200 3000
 9400 5600
15000 2600
 5700 3200
13900 6700
 750010100
13900 8200
12700 2400
 1900 9000
16300 6700
16700 4900
1330010800
13900 9300
14700 4900
 2000 4500
 2400 8800
10300 6400
12200 3500
10300 4500
 9800 4200
13500 2600
 5000 7500
18100 6000
 2500 3800
 400017200
1090016200
 9500 9300
 930014900
 900013600
1240013400
1440018000
 710015400
1270013500
 820012900
 570016200
1010014900
12100 9600
 720012900
 930011700
 690011000
 810012400
1060014100
 710010000
 7500 9600
 8000 8200
 9600 3400
11900 5800
1750010200
10700 8200
10300 4000
1680011000
 7800 9600
 6600 7800
 980010600
 7500 7100
11000 9500
13200 7300
 8000 9100
 9400 3300
14800 8900
 5800 6700
1040014200
12200 7600
 700010700
1540015400
1540011900
 8100 7800
1610016300
1080014900
 860011900
1230015600
1260013100
1060014800
1260012700
 400014700
11100 9700
1080013900
 930012600
 4500 7500
14000 7700
1380012500
1370010000
11700 7400
1190013400
 410012100
 1700 9200
 940012600
1230011100
 770011900
 720010100
1150012200
 3800 9400
1560010900
 400010700
12100 2900
14400 5400
11300 7200
 9700 4700
13200 6100
 4800 4800
 2800 5600
 6600 6200
 9600 2300
 7600 4700
 9400 2400
 9100 4000
 5400 3100
14100 4700
 3500 1800
17900 7800
 900014300
1270015300
16400 7600
 4200 8400
 430012300
 9000 7500
 800012500
11000 8500
1230010800
1150010100
 720015400
17300 9100
 190012400
 970017200
1190016500
1520011400
 360010500
 310015100
 790012500
 860012300
 990010500
1110011200
1100010000
 600015600
1640012000
 150012200
11800 9700
1640014700
 530013300
 480011500
 860014100
 680011900
1080013200
1250011200
1040013200
 760010400
1640012400
 310011500
1130013400
 530012500
 3000 7700
1060011400
1360014300
 790012400
 600012200
1200013800
 510014000
1580010600
 530013900
 860013500
 630010200
1010013100
1130015200
 830013400
1060013100
 560014700
 880015500
1060011700
 720014700
 4100 1900
 8200 6600
 7400 8300
10300 7100
11900 6400
10500 8200
 7000 7600
16300 5400
 2500 7800
 9300 5800
 9000 1700
11100 3800
12100 2900
12200 2000
 6700 5600
17800 5100
 1100 2100
 8000 7500
1140011600
12700 9700
11800 9900
 7500 9700
1760012300
 2100 7800
10300 8500
11900 8200
10500 6600
 700011600
1620010000
 2500 7900
11500 8500
 490010400
 9500 6400
1100010300
 7600 8200
 4200 9000
11500 7400
1100011000
 9700 6500
 7300 6400
16900 7900
 2300 4100
11900 6800
 6200 5600
 890014800
     1.639