    1   31    3    0    175600
10600 3100
 7300 5200
14800 6400
15900 3300
10300 9100
 5300 6600
 7100 6900
 9700 7400
15700 4700
 6400 6800
11500 6300
 8800 7700
11700 7600
 9300 3600
11700 3300
 7300 7000
 8500 3700
10800 3900
11400 5900
 6100 6000
 3600 4400
 5700 2800
10100 2700
14300 5000
 5500 1900
 9200 4500
16200 8300
13100 8700
 7800 3800
 4000 7300
 6900 7300
15500 6300
16600 8600
10800 8100
 5900 7900
 7800 7100
 9800 6100
15900 4200
 7200 5700
12300 4900
 9500 7300
12400 7100
10000 8100
12500 5700
 7900 7900
 9200 5600
11600 3700
1210010700
 6000 7900
 4400 6900
 5500 7500
10200 7000
14800 4000
 6000 6600
 9200 9200
16900 8500
13300 7500
 8500 9000
 4100 7600
1180012700
12800 8500
1100013400
 270013300
 450010200
 730012400
12600 9500
 560012500
1070011400
 970013900
1200013700
 6200 5800
11700 7200
 730013600
 990010400
 9400 9100
 900011900
 4700 8300
 3600 6800
 4800 6200
 7600 6100
1100010700
 2000 8600
 770010600
1350014700
 970013300
 8900 9400
 170013800
1220015900
16700 9200
 770015100
 7500 9500
 8600 9200
 9900 9900
1040011100
15100 9500
1550013300
1750012900
 650014400
1660011800
1320014900
1580013300
1300010800
1200018300
 750012000
 910012200
 770014100
 860013600
1210010900
 540014100
1060016800
1460014800
 6400 9100
1480016400
 530014100
12600 8700
 380013500
 400010800
11000 7100
15900 9900
 2200 9200
 7300 8300
 880011200
 890010800
 660014800
 800012200
 860013200
1040012400
 660010600
 820017700
 820013100
 100012900
 830014400
1130013900
12300 9800
 500013800
1120016300
1290012700
12700 8000
1000016200
 540012200
 550012900
 580014000
 660012900
 930011100
 830011900
1320011700
1310012900
1520012800
 570013900
1450011900
1080013000
1340010400
1140010300
1040015600
 540014600
 680013300
 560013200
 660012800
1070010200
 300011800
 850014200
1360013800
 630014400
1230014100
 300012900
 450010200
13100 6600
16100 7600
 6900 4600
10700 6200
14400 2400
14700 2800
 380011300
12200 9300
13300 3700
15600 6200
 7500 7400
 870010700
1120011600
 670010600
1150010600
1320010200
11700 5800
 6900 8500
14200 9800
 9100 2100
12300 8000
1500010400
 8300 2600
 9100 6700
13000 4300
 4800 7600
 9500 6100
10900 9500
12200 9200
 3700 4700
11000 3300
 940010100
11900 7100
 7600 4600
 660010400
 7100 1700
 3900 2300
 7300 4900
 9300 4400
 8900 6100
 2800 6400
10100 8900
1080010700
 9600 7000
11100 8000
 4100 9800
16100 9300
 640010200
1150010300
 880010500
1160010500
 9600 8700
11600 8500
 7600 9100
 8700 6400
10800 8400
11600 7800
 660011300
 3600 9700
 6200 7900
10600 7900
14600 8800
 5900 5400
 9700 6400
1640010600
1350013000
 8200 6700
 4500 9700
1060013800
1550013300
1530014800
1750014700
 750010700
1690010200
1280014200
1540010900
1360010900
1260013200
 650013000
 910011300
 6600 9800
 7600 9700
1280012000
 5300 9200
 970011700
1550015400
 680015700
1430011100
 470014500
13000 7500
11200 5500
13900 5700
 8100 9300
13800 8200
 8500 3300
10900 4200
11700 6900
11300 7000
 240011000
 5500 9500
 2500 8400
 6400 8300
12700 6100
 3600 5900
 5500 6300
15600 5000
 980010200
 9800 7200
  800 4300
10800 7600
13300 7300
 670013200
1300011000
 8200 8800
10800 8700
10600 9100
1000014100
 360013200
 480012300
 380012500
 640012100
11400 7400
 220010800
 660012800
14200 8800
 900010600
 970013100
  600 8000
1200010800
 340012100
1030010700
10200 9900
12500 6700
 6400 9600
 560012200
 840013500
 390012100
 860011300
1060011000
 9700 9200
 4100 9100
1140010900
 980011200
1070013600
1180011200
 540010300
 8000 9600
1640010600
1190015100
1440011900
1350011800
1250012700
 520012800
 840011200
 5200 8800
 6400 9100
1300013100
 4900 9700
 840011400
1590016400
 750016600
1330010300
 360015500
 6500 8100
10000 2900
11700 4900
 6100 6200
 8900 9700
 970010500
 2200 9400
 9700 9300
12700 9000
13300 4700
 6400 7200
12700 8700
13200 2300
14000 7500
11300 9200
 6900 1800
 810015100
1050012000
 7800 9900
 730014500
 6400 7500
 2800 6600
 6500 8900
 9000 8500
1010011500
 250010800
 930013100
1200015900
1020013100
 970012000
 340015000
 8500 7000
 9800 7600
1090010900
 710011000
 2600 9500
 6800 8600
10900 8300
14100 8300
 5700 6900
10200 9400
1570011400
1350012300
 8200 9200
 470010500
 960010700
 940011800
1000012600
 770010900
10300 9000
11600 9000
1060011800
 5900 8200
1310010400
1030014900
 990015500
15000 9600
 720014000
 640011300
 760014200
 430012900
 780012300
 970012000
 8700 8600
 3200 9900
1060010600
10200 5300
 970012000
1160011400
 4600 5200
 570014400
 270013500
 580013800
 850013400
10700 8600
 240012000
 870013700
12800 7300
1020010500
 900014200
 2800 7200
 2700 9600
 520010200
 8700 9700
12100 4800
 3500 8600
 830010600
14200 4800
11200 6100
 750010900
 2600 4500
 6600  900
 8700  900
 9100 5100
 2100 2100
 9400 4100
11500 8600
 9300 8400
10500 3100
 3400 7700
 5900 9600
11900 6000
 2800 7500
 5900 8400
14800 2500
 9000 9200
10100 9200
  300 2400
 9900 8700
 210012600
 900015200
1200011400
 9800 4900
 980015000
 310011000
 300015700
1030018300
1040014600
 9200 7800
1170018100
 440014200
1020011600
14200 9300
12700 2400
 840011100
 4500 8700
1160014200
 740015700
12800 5700
 430013400
1400013900
1000013000
 610011000
1280010800
 4400 7200
 680011700
     1.472