    1   51    3    0    1146200
1570013900
1100014100
 910013300
 880014300
1010011000
1530012300
1040017000
1080013900
1830015500
1170015600
1180015300
1210013400
1100015000
1080011100
 560011900
1400016700
1110012500
 610015800
1340012200
 680014000
1510013100
 370014500
1020015300
1720015200
 840014700
 780010800
1300013900
1100013100
 410015300
1120015300
1220013100
 770015200
1130012500
15000 9800
1680011900
1720011500
15000 9700
1130014600
1320012300
 550016000
1030015000
1630012600
1030014200
 850015200
 890014600
 560015400
1230010600
1530010700
1310014500
 750013700
 910010900
12100 8000
 7100 9600
 210013600
1100014000
 600013500
 670012700
17900 8400
1100016200
 6900 8500
1030015600
1100015400
1140010100
 410014600
1020014500
1450015000
 4800 8800
1230015400
1390015300
 960015300
 800011800
 260015800
 9200 8300
 850012500
 360013700
1050016700
 7600 8900
1200017500
 910014200
 420016300
 910014400
1900012500
 950013000
1290013200
1560011700
1390012000
 820016200
1040013700
 870012400
 360014000
1470010600
1230015400
 110015200
 8100 7800
 520013800
1540010900
1450013300
1230015500
 5500 7600
 760012300
 530010000
 700014600
1360016000
 8400 7000
 7300 7900
1860014000
10700 9200
 980014300
1040017100
10700 8700
1020012000
 340012000
11800 5200
1260011800
 260014400
1010014200
 9800 9900
1300016800
 5100 7900
 7400 8800
1420012000
 7200 7200
 590014300
1080013100
 950011000
 760012100
 9000 6600
 890014000
 8500 7100
14800 9300
1280012900
1520010300
1680010300
1490012100
 780010600
1180010200
 4100 7500
 7600 6900
1600014700
 7400 9800
 5200 8100
 570013600
 2400 6300
1340011500
1200014400
10200 9500
 420012500
10400 7900
1150013400
1610014600
11400 6800
12500 7000
1820011900
1260010200
1280012200
1320015800
11500 9500
1150010200
 690011500
15200 7200
1090011500
 770012300
1510013500
 740010200
1620015500
 4000 6000
11400 9700
1860010000
 9500 5800
 880013200
1420013100
11900 9000
 310012700
12400 7400
1360013600
 7500 7800
 9600 8300
1600011800
17700 9600
17400 9000
1510010700
1300011100
14100 9700
 7200 6000
11600 7400
1640012800
1200010200
10000 9000
1050011500
 7400 6800
12500 9900
1710013100
1490010000
 920010400
 610010100
1430011400
 9000 7300
 5400 4600
2020010100
12200 8200
1030010200
1170012600
12400 7400
12000 7200
 4600 8400
12500 7100
14700 8500
 290010400
 810010300
12200 7700
1330012300
 7400 4800
 6900 7800
13400 8400
 8900 5000
 6600 9900
1170010100
10400 6700
 990010100
10000 6200
 780010400
10400 6400
17100 5200
13200 8500
16000 6500
18200 5700
16400 7500
 6800 8600
12800 6600
 6400 6400
 7400 6000
1740010000
 9300 7700
 4200 7100
 6700 9500
  900 5900
15500 6800
10200 9800
 8400 7600
 2000 8200
13400 7100
 9200 5200
12400 1700
14500 7800
10300 3300
10400 7900
11300 8100
 8600 2500
 9400 4000
 5800 3100
13300 4300
 7400 3000
 7700 8300
15900 5200
 9100 2200
13800 7800
 2700 3100
 9500 2900
16900 6500
 7900 2900
 6400 5300
12800 4600
 9300 4400
 6600 4600
11100 2700
12300 5100
 3900 2500
12900  800
13600 4000
15000 1200
13900 1900
11500 3300
12700 3100
11600 1200
 7900 4500
 9800 2400
12900 6800
12900 2300
 8900 2600
10300 7100
 8200 3000
 9700 3200
17800 5500
16000 2400
10000 5900
 690015600
1190013000
1190011900
 930015500
 790011600
1030012100
 720014900
 9200 8800
 530012200
1170015700
 990012900
 780012200
1630012300
1190014100
1130011800
 510013100
 720015200
1480012200
 770013600
 410010300
1190014200
 690010600
 980015600
1030014600
1050013400
 280014700
1630011900
1110010100
1230011800
1050010700
 8300 9600
1250014800
 940012300
 920014400
 790014400
 9600 8700
1400014200
 750014900
1050011100
 870014500
11400 9400
18300 9800
1660014500
1020010400
11700 7800
18200 5900
1210011300
12300 6100
1260011800
1120010500
11100 5900
 630010000
14600 9600
1090010400
 6900 6300
1430011100
 670010500
1560011500
 3700 6900
1080010900
17900 4700
 8900 7500
 8300 9700
1360012100
11400 4100
 320012700
11800 9200
1290011800
 7500 9500
10400 7600
15500 8800
17200 8500
17200 6900
15000 7600
1220011400
13600 8900
 6400 7600
10900 9100
16300 7300
1120010600
 920010300
 9700 5300
 6600 8800
12300 6500
16300 9300
1410010600
 8400 4200
1120013200
10500 6700
 790013100
1120010900
 8600 6400
10600 8900
 6400 5200
12300 9700
11500 4700
 880013600
17400 7300
13500 5000
1120010700
 6700 8900
 7000 6600
1470012100
 8900 8700
 4400 8400
12800 6000
 7100 9900
11400 6200
11300 8000
10500 6800
 4000 7600
17900 6500
10900 7300
12200 5500
 8900 7000
 7300 7300
13300 5300
 9900 5100
1060010300
 8100 7700
 810011200
15300 5200
 7800 6900
1160012400
 9800 8400
13100 7900
19300 8700
17600 5600
1120011200
1040014900
 550015900
1000014900
1020014300
1100011500
 430011800
 970016000
1400012300
 580016400
1370012900
1400013400
 810014600
 780013800
 200014600
 940015400
 830014100
 240012200
1050013900
 650013100
1210015000
 910014500
 520013500
 810014400
1910011700
 800010800
1160011100
1420010800
1260010000
 950014100
 940011600
 920015400
 320014200
1330013800
1310013500
 270014400
 890015200
 640014600
1490010700
1580012200
1380013800
 700014000
10900 8000
1230014200
1290015900
12600 9800
 520014200
1320015500
1520014800
 3500 8700
 750014600
1230015500
1400013900
 770012700
 750016200
14000 9600
 940013400
 720012700
1240016300
11000 9600
1000017400
1060014900
 830015700
1090015100
1720012800
1380012300
1670013200
1880011800
1700011500
 740016300
1340013700
 670013500
 810014700
18000 8900
 950015600
 470015700
 7200 7700
  70014600
1600010700
 980012200
 770015700
 1600 8100
 990011500
1020012500
 9700 6500
 280011000
1130012200
1220011600
 2400 6400
1040011600
 980012200
1240011200
 4800 9400
 690012900
13800 6600
 670010100
 5300 9800
1020013100
 8900 6300
 770014200
 840011600
 860012600
 800011800
14900 9500
12300 9300
1470010000
16300 8500
14400 8400
 760013000
1120010400
 420010300
 710011400
15400 6400
 800012300
 490012400
 5200 5200
 270011300
13000 7400
12300 9300
1060012400
 4500 5000
 880012400
 850011900
 1600 8300
1010015400
11300 8700
 310016700
11600 7500
 990011000
1130011100
 420013900
 610012600
1310015900
 530013900
 4100 9300
 9000 9000
 750013600
 800011000
 720013700
 8200 7900
 680013400
1500011400
11100 9100
1330010100
1490011100
1300010000
 810011100
 980010100
 500015500
 620013400
1410013200
 930011100
 460012800
 570015500
 390014100
1200011100
13500 9800
1180011600
 560014500
11100 8600
 3400 9400
1100014800
1400010100
 240012700
 9700 8700
1220011900
11600 8400
 690012500
 530013300
1190012600
 790012800
 5000 6600
1040011100
 880010700
1010012900
 870013400
 640010000
 930013300
1730010600
11500 7200
14500 9900
16800 9500
15000 7700
 550012400
1130010200
 650013900
 580013100
16000 8800
 990012100
 270013200
 610011600
 250013500
14800 8500
11800 6100
 990012400
 330010900
 480013600
1060012900
1140014000
 7300 9200
1570014700
1290014100
 960015000
 610010300
 540014400
13000 7500
 760011000
 260013200
1120015700
 5400 7700
1090016300
 970012700
 880015400
 470013000
1760011200
 930012400
1050012100
1060010600
 900011200
1160014900
 830012500
 940010900
 640012600
 980010700
1390014100
 600013800
10000 8400
 820012300
1270010100
1770012900
1600014100
 9500 7400
12300 3500
12100 8200
 3400 7500
1080010000
 9000 7000
1350011800
 4600 2400
 8100 6500
14900 5100
 7300 2600
 6300 9500
11200 9800
 9800 4700
 6800 9400
 9400 4100
 970010200
 8200 4600
14000 4900
13300 8200
15600 6200
16900 5400
14900 7100
 8600 7800
12100 6400
 3400 1100
 8200 4200
16100 8700
 7600 7000
 6000 5700
 6400 6900
 3000 3500
13000 6200
12700 9400
10800 6800
 4900 5900
 860013300
 590013900
1410012000
 810014900
1290010900
 130014700
 840016200
1560014100
 640015200
 5500 9900
1130014400
 860012500
 610016100
 960016000
1090013300
 490016000
1280013200
1270010300
1440012700
1430012000
1210010500
1100015500
1080013100
 610016100
 850015700
13400 9700
1110015100
 740016000
 850012800
 630016000
 950010800
16000 9300
1420015400
 820012300
 770016100
1490015600
 770011300
1660018200
 4600 9500
1170010300
1880013800
 9800 8800
 920015700
1450014500
1230012600
 300013500
12700 8000
1380015300
 8300 8400
1000010700
1640014300
1810011700
1810011700
1580013500
1300012000
1450011600
 7200 9400
11800 8300
1710016200
1190011200
10100 9500
1050015300
 7200 7700
1310013000
1690015800
1450010900
 890014100
1320010800
15400 7900
1050012500
 9500 3200
 2400 7400
 8400 5300
 9900 3500
 470010200
1200010600
 8800 5100
1340010300
10600 5000
 290011000
10300 5500
20500 5800
10300 8900
13900 7100
16500 6100
14900 7800
 9300 8700
11700 7200
10100 2000
 4800 5100
15700 9200
13600 7900
 1500 6600
 9500 7200
 6100 4400
16800 6800
1540010000
13000 7700
 6000 6200
 830013300
1290012800
 340011900
 780014300
1480011600
 640012400
 560010900
1070013900
 9000 9600
 630015100
 880013500
 980013400
 700013500
1350010900
1270010100
1480011000
15800 9700
13800 9200
 910014100
1120011400
 380013200
 790013200
14900 9800
 880013400
 610013900
 660011000
 410013400
11800 8400
1370010500
1190013600
 590010000
1050015700
 9700 7100
 220011700
 8200 9200
10200 7700
 480013400
1230014200
 8900 8400
1380014200
10900 9500
 310014500
10500 9900
20800 9300
1040012100
1400010500
16500 9400
1490011000
 970012700
1180010800
10400 7500
 4900 9500
1570012400
1400011800
 200010900
 990010800
 6600 9000
1710010000
1580013200
1340011700
 6400 9700
 520012100
 590015800
12800 8900
 640012700
 450013300
 950016400
 8200 9000
 860017300
 770014300
 760016000
 790014600
1570012500
1140012700
1390013100
1580011600
1400011700
 700016100
1060013500
 510012800
 610014200
1500010100
 880015300
 390015300
 4600 7900
 290014000
1320010700
1240012900
1080015400
 4400 7500
 7900 7400
15100 4100
 5900 3400
 5200 9200
1080010100
 8300 3900
 630010100
 9000 5100
1040010400
 5300 5600
13100 5200
12400 8000
14100 6400
14400 5300
12300 6800
10400 8500
10500 6700
 5600 2500
 8100 5200
13500 7900
10500 7700
 6800 6700
 7900 5900
 5700 4600
10000 5800
15400 9000
13600 7500
 7600 5000
18200 1800
 9100 6600
 8400 8300
1390011200
11600 3300
 320011900
12100 8300
1330010800
 7300 8600
 9900 6900
15600 7600
17400 7700
17200 6100
14800 6600
1260010600
13800 8100
 6900 6300
11200 8200
16200 5000
11700 9800
 9600 9500
10100 1800
 7100 7900
12200 5500
16800 7800
14600 9800
 8900 2100
 900013800
 820011700
13200 8700
1160014500
 570010100
1130013200
11700 9400
 920012800
1300011500
1530010900
1740010200
1840011600
1630011400
1050010100
1380010000
 520015400
1020012900
1750015100
 930010300
 800012100
 840016800
 420013700
1380012300
1390012100
1150010700
 590015600
 4600 6000
10200 7100
 7800 9900
 6900 8800
 840010500
 9700 6200
 530010300
13700 8000
11800 5300
13600 6800
14100 7500
12100 6200
 9900 8500
10000 6900
 550012000
 740010200
13300 9600
10300 8400
 6200 9900
 740011700
 540010800
10300 7400
15100 6400
13400 8800
 720010700
14700 5600
13300 8300
11300 7800
1290010100
10000 4100
13100 9800
18600 7400
16100 3800
19000 6300
21100 6600
19300 4900
 9700 7900
15800 6500
 860011200
10200 9800
20300 6200
11400 7900
 6600 9400
 9500 9200
 290010300
18100 5900
12100 2800
 6600 8300
 1600 8600
 700015000
 830012700
 680015500
 8000 9000
 640015200
1520013100
1060010200
1280011900
1440012700
1250011300
 830012900
 930011900
 550017200
 590015200
1360014000
 990013000
 450014700
 610016600
 440015800
1190012500
1390010400
1230013400
 590015700
1210013100
 9500 9300
 660012500
 7000 9600
18900 8000
 7100 9600
10400 8900
12800 7400
11200 8500
1060011700
 8700 9300
 9600 7500
 4500 9100
11900 8800
1370010800
 410010400
 9600 6900
 7400 8800
14400 7300
1690010400
1500010800
 8300 5800
 9300 6800
 860011200
 9100 7200
15500 6200
13000 8700
15500 7400
17300 6100
15400 7500
 7300 9700
12100 7700
 4800 4900
 7500 6800
16500 8500
 7700 8900
 4900 8200
 5700 6800
 1600 6300
14100 6400
11300 9600
 9500 8800
 3500 5700
 7300 7100
 780013500
1590011600
11100 8800
1360010300
1560011200
13800 9900
 690011100
1030010300
 540015600
 580013600
1480012800
 920011200
 370013000
 500015300
 310014200
1320011100
12600 9200
1090011700
 460014300
 8900 9300
13200 6700
14800 3100
16900 5800
18000 5900
15900 4200
10000 8100
13400 6100
 460010500
 9700 9200
17100 6700
 8800 7800
 7400 9100
 7900 9200
 3800 9700
13600 5300
13500 3600
11200 8200
 5600 8300
10700 6600
15000 8100
16600 7600
16100 6100
13800 6900
1270010300
13100 8000
 7200 5500
10800 7600
15100 6400
12100 9500
 9500 9000
10200 3700
 7500 7200
11200 5800
17200 8600
15200 9500
 9400 3100
1270015800
1520013400
1690013100
1500014800
 740014400
1170013400
 440010700
 730010600
1610017300
 760013600
 490012200
 540016300
 2100 9900
1360014200
1170017200
1000013300
 390015100
1780012700
1780011600
1550010600
1270015700
1420013200
 690014700
1150015100
16800 7000
1160015200
 980015800
1020010000
 690015200
1280010200
1660010400
1430015400
 8700 9900
1690012500
1460014000
1230016100
1340014000
 650011400
1080013100
1590015100
1140015200
 920014500
 980013500
 680012700
1190012900
1650016100
1430015200
 860012400
1600012100
 750016000
1270014200
 530018400
 790017300
1710013000
 810015900
 500017200
 630016000
 110017700
1470013000
10800 9800
 890016200
 300015400
 990012600
1020010000
 530011200
 760011300
1360010200
1020011900
 630012100
 740010400
 530011300
10400 7500
1500010700
1320012000
 7100 9100
 980010700
 6100 7600
 5000 7500
1440015000
 990010400
 3100 8700
 570013800
 3600 6800
1330011900
1310014800
1140010100
 490012700
 870013700
 420014400
12000 8000
1290014900
 380015200
 8700 8900
 670014400
13600 9800
1610011100
1430015000
 7600 8700
10000 5900
1730012900
 9100 9000
 7700 7200
 820011400
 4100 5200
13700 9900
1380013000
11300 8600
 570010300
14900 4800
 9300 9900
 680010100
 7300 4500
 4700 9100
11400 5000
14400 7100
1250010000
 6600 3700
1130015700
 320016900
 810013900
 280017100
1690012000
11900 9400
 880016100
 190013600
 520012700
 630011700
 130010600
1460011700
1100014900
 910013500
 310010700
 990012300
 8100 6800
12200 7900
17600 8200
15900 3400
 950011000
 410014200
11900 9300
13800 6200
1190012800
 600011400
11400 3900
15800 4700
14200 9100
 7700 2700
1280014000
1100011600
 500017400
1100018200
 440010600
 760011400
     2.425