    1   31    3    0    175500
1140014400
 8500 9600
1590014800
 840015000
 5100 7400
 870010300
11400 7100
15000 6500
 940014200
1000016500
1400015600
 320013700
10600 8500
1720013800
 520012200
1220012800
 600012500
 5600 9600
 820010600
11700 7700
1420011400
 5200 6800
1150014000
 500011600
1290011900
 900010800
 510015800
 600012900
 350013100
 730013600
1130011200
14100 8600
 9800 8900
 410012300
 860013700
 920012700
1560013600
10300 7600
 850010100
1460011500
 6100 5900
1350012400
1550016100
 2600 8300
1270012800
 5600 7100
 740013000
11100 9800
1320011700
1490010300
 520013900
1440016200
 780011100
1340012500
1010012000
 7200 9900
 7400 7700
 5700 7900
 8700 9100
1260012000
1070011800
 220013000
 410010000
 980013100
1110014300
 590012600
1320012200
 9900 9700
 630015200
1230011700
13600 8300
 510012000
 8000 7600
 270015000
 410010500
1070011400
 910013400
1030010300
 560014300
14400 8200
 7800 9500
 8700 8400
 6100 9600
 460011500
 350012400
 450012100
 450010900
1040011300
 410014900
 550015700
1160015300
1110016400
 5300 9800
1360012800
1010013600
 480010900
1020014700
1570018000
 640010200
 850014600
 440011300
 210015100
 870012000
 780014500
1010012200
 600016700
1260018000
 640013000
 900014400
 490013900
 250012400
 2000 9600
 3000 9700
 340011000
 590013700
 490015000
1350014100
1110015100
 4500 9300
1650012100
 850013200
 7300 8300
1170013700
1620017500
 8800 9600
 790014200
 6500 9100
 260014400
1040011200
 600013200
 750011600
 880015400
1460017500
 910012500
 720013800
 630013300
 410011800
 1900 9100
 5900 9300
 100010700
10000 4900
15100 3500
15500 4600
 9400 4700
14100 7300
14200 6900
 2800 4500
 6500 3200
20000 8000
 9200 2800
12900 5500
 8500 3500
 4200 4100
 4200 1700
10600 2600
13900 2900
 8700 4900
 8300 8200
 5700 3600
13100 4700
 9300 3700
 3700 6600
 5400 3400
 4400 3600
 6000 4400
 9900 6200
14100 7500
 8700 5100
10100 6500
13100 5300
 4400 7000
11500 5000
15700 7100
 3800 3800
11200 3900
 4600 6700
 5400 4800
 9300 3200
11300 5900
13400 2000
 3700 7700
12700 7200
 6000 2100
12000 3500
 8300 3200
 5100 5700
 5500 4300
 3600 4200
 6900 3800
1250015600
 7200 8000
11900 7200
11300 8100
 610011300
1260013200
1350014300
 3700 9300
 940011000
 230011800
 510013100
1080010700
1030013700
1170010100
 450015800
1440014300
 760010300
1010011200
 730011500
 5300 6500
 4700 8900
 4500 8600
 5900 7700
11000 9300
1050012200
1490013200
 880012400
1590015600
1330018200
 270011100
1290014800
 610012900
 890015900
1380012900
1420015700
1520012800
 700017900
1720018300
1040013400
1340014700
1110014500
 900011800
 850010400
 780010300
 970010900
14700 6600
10900 8300
 9200 6300
1520011100
1090013800
 5900 6600
 920010400
 4900 7200
 660011500
13600 8400
1100010900
11000 8400
 780013200
1730013900
10700 9100
 920010300
 860010100
 7400 6600
 5800 5800
 7400 5800
 6300 6500
13200 7000
 670013900
1370012900
1370011100
 180011000
11300 8700
 420014100
 680012000
1170011400
1220014100
1360010300
 480015700
1510011000
 8300 9800
11900 9600
 910010600
 6800 8800
 650011100
 560010800
 7700 9400
 570015900
1090012500
1530010000
 680012600
 7600 8200
 460015700
 220011400
 940012100
 720014100
 920011000
 660015200
1340010000
 730010100
 8100 9200
 420010300
 300012400
 150013100
 400012900
 270011700
13300 4200
16600 3700
 3700 5800
13400 2200
 6500 8400
 7700 3000
10700 4600
13700 5900
15700 3800
 5800 6800
14000 3800
 7600 3000
14100 1600
10700 2300
 7400 7100
 7900 6400
 5800 6300
 9200 5600
1870012200
 7600 8800
12000 8800
 710011800
 390011200
 5600 9500
1040012400
13400 8500
 710014300
 910012200
 4000 8400
12500 9200
 8500 9500
 3300 7900
 4900 8900
 3000 8600
 5900 7200
10200 9800
 890012700
 780012400
 430012800
12100 9700
 770012700
 710010000
1040014800
1630015900
1090010800
 740012200
 800011600
 590013100
 370010500
 770010500
 210011000
12500 6700
 5700 6200
 8600 8500
13800 5800
13800 8800
14700 5400
 690010900
1720010100
10300 5800
12900 6800
10800 6900
 8800 2200
 8100 3600
 7600 3400
 9300 2900
 690011400
 8100 7400
10900 8100
14000 7700
16000 8600
 6200 9100
1420011900
 7900 8700
14500 9100
11000 8000
 770013100
 820010700
 610010800
 960011000
 3400 9700
11200 8300
 670011300
 7000 7300
 950013000
15400 9300
 9900 7100
 7100 7400
 7100 8100
 4900 4100
 2800 7200
 6700 6900
 1300 5600
12600 2100
11000 4000
11600 2900
 6300 6300
16200 8800
 9400 3800
 9800 5100
 8200 4300
 6700 5300
 5500 1900
 6300 2100
 6400 3300
 8900 8800
 7800 6500
 950011000
1700012200
11000 7200
 6500 8600
 7900 8100
 6500 6500
 4300 3800
 7600 3900
 3700 5200
1280011200
 900017000
1890013300
1220011000
1110011400
1050012100
 9200 7500
 770010900
 900010600
 8200 9300
 610014000
1020014500
 3900 9600
1280010900
 880010600
 4200 9000
 5500 6700
 3000 6400
 6700 7400
11500 6800
 4600 4100
11700 3100
 7700 3800
 4000 8400
 4700 7600
 2300 7400
 6100 6800
 970010400
 590011800
 660011200
 530011300
 3100 7900
 6400 8200
 3000 9400
10700 9700
 6900 9400
 1300 6500
 3000 5100
 2900 5100
 3900 5900
 550012100
 3100 6300
 2700 9300
 2900 9100
 4100 8300
 620013100
 570010900
 520010900
 690011100
 1500 5300
 5400 5200
  800 4400
 4000 5700
 5400 5900
 1000 2600
     0.679