    1   41    4    0    190600
13700 3900
 720012300
1650013900
1300012800
 3000 7000
 5100 6800
1290011900
13500 5700
1580012000
 1900 6700
11600 6700
11900 3600
11200 7500
 570010400
 6900 9900
1150010900
 730010000
1080010000
 9800 4800
11500 6400
1330010200
12800 8100
12800 9600
11000 8200
11900 9800
 7800 9900
 8600 6900
 6100 9800
 8500 9300
1280012000
 220011800
 950010300
12300 4800
10800 4800
10400 7200
 500010300
10300 8500
 7100 6100
1260011300
 700010600
1090012600
1050011500
 800011700
 800016700
 340014600
1380012300
1190017200
1680012200
 580015700
1090017400
1610017600
1250013600
 850013800
1140015900
 820012600
1050014800
 400017300
1130017200
1760015600
1850011300
1600014400
1840016200
 760015500
 900016500
 550013500
1520014700
1220011500
 320014800
 990011000
 760011600
 420015200
1270018200
1040018400
1530015400
 710013300
1530013800
1310016100
18900 9900
 600015200
1520014200
1350013300
 6200 8300
 8600 6800
 860011800
15800 5300
1020012600
 6700 7700
11700 6300
14400 4600
 7500 7800
1250011200
 850011100
1390010800
 770011000
1050011400
15700 6100
15300 7300
1520010300
11000 7900
1640010900
10200 9300
1500011100
 4800 9700
16100 7700
11100 9900
1000010200
1200012000
 990011800
11000 9900
 6700 4400
15700 4500
14800 6900
 740011000
11500 9200
14900 5800
1720011500
 130010300
1010014100
 720013400
 180010100
1480013000
1180012800
1790013600
 470012100
1170013300
1560013100
13400 9200
 560013200
1090014300
 800012300
1050013600
 690015400
 840013000
1650011800
1790011000
1630010900
1750014400
 950013000
 770014700
 740011800
1300011000
1100010600
 470013100
1150012800
 520012800
 570013200
1390013700
 740013900
1440011400
 680012800
1480011500
1090011700
1760012100
 770013400
 4400 8800
 810011600
 740016400
1540012200
 960014700
 5400 9100
1130013300
12600 9400
 570011500
1130012700
 640011800
1370015600
 580012100
1110011700
14800 8000
13200 9100
1310014300
 900013400
1440011400
1040010200
1460011600
 540014900
1440010000
 930013700
1000011400
1220016000
 840016100
1110015800
 660011800
1500012000
1310012800
 640012700
 950011200
1330012000
1520014900
 240016100
 4900 3700
11300 5900
12300 6200
14200 3600
 5400 2800
 9400 6900
14800 5400
10200 2400
 9800 2500
 9900 3700
 9900 5500
 8800 2900
 6000 5000
12700 4600
16500 2900
17000 3600
13900 4800
17300 3900
 6100 2800
11000 4200
 2800 5400
15200 2100
11300 3000
 5600 2500
 8300 5200
 8100 5500
 6600 7000
10100 6800
12200 7000
14500 5200
 6100 2200
13700 1000
13500 5300
18000 3700
 3300 7200
 9300 6500
16000 2900
11300 7500
 5100 4100
12200 3700
11800 3300
 7400 2500
11000 6600
 4800 7200
14300 5600
 5200 6700
12400 7900
14700 3900
11300 3600
11100 4900
 7400 3000
12700 7100
11600 5500
15200 7400
 6900 4600
13300 3300
 7900 4500
10900 6000
13300 6600
 7600 6400
12000 5400
 8700 3600
15100 3900
12300 2400
 6500 6300
 7500 4600
12400 2000
13500 6100
 4300 5700
1500011600
1980013700
 540013600
1440011300
1610013500
1510010700
 340014200
1110015700
12000 8200
1140014800
1120016900
 870014100
1530013300
17500 9600
17100 8700
1690015900
1300014500
1190016100
10500 7200
1080012500
10200 9900
 890014400
1490010100
 3000 9500
 9900 8200
1610012900
 970013000
14600 9800
 840013700
1450012900
 870010800
1630011000
10300 8300
1160018000
 380012400
 910014400
1200010500
 710013900
 950016200
 670015500
1140017800
 560015600
 910015500
1280010400
1350012200
1380016700
1060015200
1440015200
 830013800
1240015400
 370016900
1340012900
 870016200
 780014900
1000018500
 690018500
 890017500
 770012700
1290012900
1210014400
 450016100
1040014400
1200013500
1510017600
 210017900
 190010700
1170016900
1230013700
1150013200
 520011700
 730010200
1120017000
 760010700
1050010400
 940012300
1200011200
1380015200
1330015800
13200 9800
10900 9500
1160010000
 780016800
 870011500
 660014600
 820010300
1270016800
 190017100
 930018200
1260016000
1030016200
1080015700
 510011900
1080011200
 700015300
1300015200
 710018400
13600 8300
12000 5600
 9700 4200
10600 2300
 4600 1700
15200 7700
 6400 1500
13800 2800
14600 4300
 9000 2800
 8700 5800
 9500 6800
11200 1800
13200  900
15900 2000
 8800 7600
12000 2700
 6800 5200
12000  900
14900 7300
 6900 7600
13000 9100
11000 7700
15400 7900
12200 6900
 7300 2400
 5400 1900
11500 6600
11400 5700
 6600 9300
1580012700
1430011600
 340015700
1090016800
1030011100
1090016100
 930017800
 720013800
1570013600
1760012000
16700 9100
1700016800
1150015300
1010017100
 9100 9900
1160013100
1040012000
 710015600
1340012900
 360012400
 8100 9100
1510011300
 790011400
14300 9000
 750015300
1460014000
 9300 9700
1680013400
 9200 9400
1330013000
 820016700
1190018100
 820011200
1110017300
 420019300
1110016100
1800015500
1900012300
1670010700
1890018300
 840016800
 880018500
 630010000
1530014800
1250012600
 330016900
1060013000
 760012400
 420010200
1350014600
1010014800
1570011600
 750016300
1590015300
1320012600
1920013700
 680010400
 620013700
 810014200
 870011200
 750013700
 770014800
 930010000
1400010400
1510011300
13300 8300
1490014100
 810012400
 940014300
 5300 9900
1160010300
 850011100
 550013100
 990012700
 440012300
 6600 9700
11200 6800
 9400 6900
11700 7200
 380013300
1200011700
 9800 6500
1520012600
 520010100
 420010800
13200 3000
 5500 9900
1200012100
12400 9600
 9600 8700
10700 4500
10400 4500
1040011000
11500 9700
1380011300
 7600 2700
10200 7800
 4900 4900
10000 9600
13200 4800
 4800 4200
11000 4200
10800 8700
13100 8900
10000 5600
 5400 8700
 7700 8000
 9500 6600
11100 5800
 5900 4200
14900 9000
 6000 4600
13400 7000
14400 7900
 9300 6100
 9100 7000
 9100 8600
11100 5900
12700 5200
15600 6100
 8400 9000
12000 5500
 6700 6500
11600 4400
14400 8400
 6700 8800
1270010700
1060010500
1510010700
11900 9000
 6900 3800
 5800 3900
11400 9000
11600 6700
 610010900
 800014800
 780017000
1380014500
1600013600
16200 9300
12600 9200
1680015900
 760014600
1260016200
 2300 7500
1550012800
11100 9800
 730014500
 9500 9200
 8800 8600
 8400 8200
 850013400
1350013500
1440010300
 630013600
1280012900
1400011300
1760010400
 1500 8100
 900011900
 6900 8800
15600 8100
17400 5900
16400 4000
1690010900
11100 9400
 970011200
 8700 5000
11600 7400
10200 5900
 6700 9600
13000 7300
 3600 7000
 7700 6200
14800 8100
 7500 8300
14100 5000
 7100 9100
14400 8000
 9300 5900
16700 7400
 8800 6400
1360011100
11600 9300
11700 7100
 860010000
12700 8300
10400 8300
14000 8400
 5900 9500
12700 8500
 7500 6900
 9700 7200
12200 7200
 6800 7800
1070011300
 820013100
1400013300
1150010800
 5300 5600
 8300 7100
1170011200
13500 5700
 360011300
1290011700
14000 7900
12400 8000
1370014100
 880012800
1050014400
 5700 7200
1080010900
 7400 8200
 670012700
10600 9000
 3900 8600
 7700 9000
1090012200
1010012400
10600 9200
 310011900
1090011100
 910010100
14100 9400
 5100 9100
17500 8500
1710010300
1690012500
1320011300
1210012700
1060010400
10800 9900
10300 7800
 910011000
1510010100
 300010300
1010012100
1620013400
 990013700
1460011000
 850010200
14500 9500
 860011500
16300 9000
1040012200
1180012600
1250016100
1000014500
1170016300
 660014400
 980012700
 610014700
 800015300
1170016700
 340016500
 900014600
11000 9500
11000 9600
 940011500
 380016000
 980014200
 840010500
1280016200
 570014900
1590010200
 9300 8500
 860010400
 690012800
11500 7500
 930011000
 5500 9200
1120013400
 380013500
 650014200
1300012300
 760012500
1280011600
 550010100
13200 8400
 940011300
1600012100
 700014400
 820010500
1240012100
 350016700
1350011400
 890014900
 780011600
1000017100
 710017400
 880018100
 770015600
1290015800
1220015400
 460013000
1060011700
1210015000
1530015700
 190018300
 740015600
 6900 7200
1380011700
11500 9800
 380014000
1110010100
 6000 9500
 4900 5800
1380010600
 840010700
14800 8000
 690013500
1520012400
11700 8900
1820011000
 7300 6100
 830013400
12300 9500
 700010900
11700 7700
1450012800
 700013200
1280015100
1040014600
1530014800
1210013200
 7000 7700
 5800 8000
1170013200
1190011100
 600015200
13900 2500
 9200 4600
 8000 3800
10100 6900
 7500 7100
 9100 8200
 7300 7400
13300 7600
12600 6000
 5000 4000
10700 2300
12500 5900
15600 5600
 1500 8400
 620010000
 980013900
1260010900
 580010400
10900 8400
 950011500
1350011700
10500 8400
 520013500
 760012300
10600 9400
1220011300
 4800 8700
 560011800
 8700 5500
 5600 4800
 6700 7400
1000012200
1060012400
12000 9100
 370010700
1180010400
1090010100
15600 7100
 3900 7200
11900 6700
 3900 6600
 6700 6500
13800 6900
 6800 7100
13600 4500
 6300 7100
14000 5700
 9600 4900
16600 6200
 7700 6700
 5800 8800
1320010600
1250013900
1500014100
1210010900
 770012300
 690011800
1030011800
 9900 9300
 790010700
 4700 9200
12400 8500
 8800 8700
13700 7300
 5700 1500
14000 2000
11200 7200
17200 5200
 6000 9400
 8000 9500
12600 9700
11900 8600
 4300 5900
10500 4300
11800 8400
15100 8200
 220011100
 8800 8100
12100 6600
 560013100
1230011600
 7600 6500
1470012100
 7600 9500
1470012400
 670010800
12900 9500
1440011900
1780013400
 130015500
 390012000
1220010400
1100012000
1590012500
 400014500
 8300 6300
1170010100
1350010200
 350013400
1320010100
1760010800
 3100 5600
15900 8700
 9800 8600
 120016300
     1.503