    1   41    4    0    176900
 540011400
13500 8100
12400 6200
15000 5500
 3600 6000
 310011900
1130011500
 4300 8900
1260011500
 7800 6100
 930012000
 6600 8400
 620012000
1220011300
 9000 7500
 650013300
 9400 8300
1080012400
12000 8600
1640011100
1220010000
 5400 8200
 370010500
10300 6700
1610014800
1130013700
11200 8800
 450011300
 500010300
 9800 9200
13400 8300
 9700 7500
14600 9300
 920011500
1350012200
11700 9200
 540011100
 4800 6400
15900 9600
 230011900
13300 3300
10700 5400
10600 3000
10500 5200
 5000 7400
 7700 8700
 6700 3900
 9400 8000
 8600 4700
 3900 9000
 9700 3500
 9000 7400
 6400 8400
12400 3500
 3700 8900
 7800 3300
13900 7600
14800 5100
11800 6300
 6000 5800
10900 3800
 8900 6400
14100 3900
1640010000
 4900 9200
 7300 3900
 7100 6900
 9400 5900
 5300 6300
 9500 5400
 6900 5600
14800 4700
15800 7500
 7300 7200
12200 4800
 5600 6800
 7900 5600
10700 4900
 5800 7000
1110010100
 930010200
1310010300
 890016100
 770012100
1100012100
 990012200
13400 8700
 450012600
1490012200
1070016100
1340011900
17400 9500
1030014600
 400011800
1870014200
17400 9500
 970014900
1040011400
1380012500
 910011600
14400 8300
1360016600
 870015100
 510012500
 770012700
 870014600
12200 9800
15500 8900
13600 8600
1260013400
1770012700
1070015200
1790010800
 560012500
 690010500
1370011700
 750014200
 880014900
 970014900
 520019600
 5300 7900
 730015100
 6800 8900
 970013500
 3600 7300
1120015900
 730019500
10300 8000
1370012800
 690012500
 360015400
1500013900
1390011200
1010018200
 800011800
1030016700
 640011100
1150012700
1220015300
 670012900
 490016000
 460011900
 640018400
 890010200
1210011000
1020012100
1070017200
1450010900
 880017100
1430012300
 240011900
 460015100
1110013200
 420014800
 910014900
 560014000
 750013100
 770010500
 900011000
1040013700
 580012800
1150011700
 680013700
1220012800
1400010900
 8300 8400
 380011300
15400 6700
1380010900
1190012500
10200 8900
 990012800
 4900 9100
1020012100
10300 9000
 9000 8500
 670011400
 3600 8000
 460013400
1060012000
1370011900
1160013500
 880012500
13600 9000
1100010300
15100 9400
 2100 8100
 280015300
13300 8700
 3600 7800
 5800 6200
1110012800
 7500 5100
1250011400
1080010000
 940012900
10600 5300
 6800 6000
1430012500
13000 7800
 940010300
 7900 5400
14700 8300
13800 9200
15800 4700
13200 8500
 8700 5900
 1600 9200
 8900 8900
1390010100
1220010400
10600 4800
 3800 9000
 1000 5500
1230010600
1540010000
1270010700
12800 4900
1120010000
14300 5500
15300 7800
 4700 8900
 210010800
16500 7000
 3200 7000
 8800 7200
 7000 6700
10200 5000
 9900 9300
 7100 6700
10600 7900
 5900 9900
12600 6900
13100 6600
 8300 1100
 5500 7400
14500 2500
13000 6100
13400 8700
11100 4200
 8800 9000
 3300 4000
 8600 7700
11700 2700
10000  700
 8200 7700
 2500 2900
 3000 9600
10800 6800
13900 7000
11500 8700
10400 8800
12200 3200
12100 6400
14600 5000
 2500 3100
 120011000
14300 4700
 2500 3900
 8800 6100
 9600 9500
1150010200
 600011200
12600 7300
 7900 9700
1300010900
15200 7300
 9300 8200
 3500 6900
16500 6400
14900 8000
11900 8400
10800 6600
11000 8500
 5700 7300
11100 8600
10200 8700
 9500 8400
 6700 7100
 4600 6800
 5200 9100
11500 9400
14600 9000
1260010300
 9600 8200
14600 7900
11500 7000
16200 6300
 3200 6800
 340011600
13900 5300
 4700 5700
10100 5300
11900 4400
 6500 5700
13000 7200
 820011100
13600 5000
15500 4100
 9800 8000
 4000 6800
16900 8000
15300 3100
12300 9900
11400 5000
11300 7800
 5700 5100
11200 3500
1070010300
10000 8500
 7100 7400
 4900 6200
 5100 9700
12100 2900
15100 2000
13100 3500
10100 8500
14800 6000
12100 9700
16700 4800
 3700 6000
 3500 6200
14500 5800
 5000 8200
 6600 7700
 880013800
 440011200
 810014700
1030013100
 700010300
 370015900
1060011200
 890015200
1340011000
1640013900
1110012600
 790010900
 710013000
13100 9200
1800017600
1010016400
1140011700
 680013900
 820013000
 740011100
1170010400
 6700 9000
1630012100
1280014100
1250015100
 840011900
 680013800
 7500 6100
1520012500
 450014800
 5900 9200
 880011300
 460014000
10300 9400
11400 9400
 5900 5800
 590010800
12700 7100
11200 8600
1280012700
 9300 6900
 750012400
 4200 6500
 930010300
13000 8400
 8300 6300
 760011200
 2400 5800
 460013400
 8500 9200
11600 9500
 920011200
1140012400
11800 5600
1050010800
12400 7800
 1900 5900
 320013600
12700 8000
 1400 8300
10800 1600
 8600 5100
 8200 8500
13400 3500
 5400 8400
 6000 1800
14800 6900
14700 5100
10000 4200
 5400 5500
11000 1300
 8300 6200
13400 3900
14900 9200
 4200 8800
 5400 2100
 6400 6600
 8600 3400
 7000 6300
10600 5500
 8500 5500
13300 2400
15700 7300
 6400 5600
13400 4600
 4500 6500
 6900 4800
 8700 4500
 5500 6100
 7900 3600
 910014700
13500 9800
 600012600
 4800 7100
1480010500
1420011300
 9700 4400
 660010800
10600 6500
 740011600
1250010600
1370012100
 530012700
 4700 6500
 550011300
 7600 4400
 790012700
1120012000
 920012400
12100 5400
1510012300
 7400 7000
1370010100
 340011300
 580011600
 9700 9300
 4800 9200
10300 7600
 8200 6500
 4500 6400
 8900 8200
 9500 6400
11500 5700
1530010500
10600 4100
 6100 9700
 5200 3800
11100 7400
16100 8500
 9600 6800
10200 8600
 4800 4500
 620011000
 7800 6600
11500 6700
 7600 8400
14500 9900
11100 4700
11900 9200
 9900 5000
 5000 4300
 550010700
14400 5500
 2500 7100
1530011500
 7700 8200
 420011400
16600 6700
1570011600
 810011900
 7600 9600
1220012900
 8500 9800
1360012800
13800 7200
 5900 8000
 300011400
 6600 8700
 840013100
 940012700
1290012600
1090014200
1240012400
16500 9500
 7900 9400
1550010000
 4400 8800
 660015900
10900 9300
 6200 7200
 570010700
10600 9600
 9300 8500
1300011800
17100 9100
1230010200
 660010700
 560010800
1200012200
17600 9800
1140010700
12000 9300
 600010100
 680010400
 920013100
1310012800
 870014000
16000 9900
1100011100
13700 6600
1050010000
 660010000
 650014900
16200 9000
 3700 7200
 7000 2700
15800 4300
14600 5200
15200 4100
13200 4200
 9900 4200
 3000 5000
 9600 5300
13000 6500
12000 6400
 9900 2700
 4200 4800
 2100 4700
12800 6700
15900 6100
13400 7200
12100 3800
12600 5700
14100 3400
16200 3700
 4600 4700
 1900 7900
16400 2800
 4000 3300
12600 6200
13100 4100
1220010400
 6900 3900
 9200 9200
 7200 3200
12500 5900
15300 8100
 6000 5900
 7300 8300
 5600 4200
 780010700
 5500 4000
 8600 4600
 6600 6300
13700 9600
14100 3300
 8300 9300
11200 4600
 4300 4100
 6400 9000
10900 5400
 4200 7100
1510010000
1040013400
 9700 9400
1140012300
 670010100
1190010700
1130013900
 820012800
 520011300
 520010500
 640013700
1080011400
1400011000
1200012300
1020012500
1530011100
1030012700
16000 8500
 330010300
 450013900
12800 8800
 510011300
1480014400
1050014400
 550011600
 420015000
1000012200
1510018600
 950017900
 960012100
 370015600
 520013700
 830014700
1170013900
 840013800
1360012600
1050016100
1180015500
1090013500
 410015400
 440013300
1410013600
 150015500
 750014700
1250010700
 890015400
1400014700
1420015700
 570016500
 310010500
 700015200
 8900 8600
 940016700
1300016000
1090016500
12800 9500
1690016200
 770010700
1570014000
 480015100
 700015800
1090013200
 650012900
 7200 6000
 1500 9800
 7800 8600
1390012000
1100011800
 9900 4800
 2700 9900
 2400 7200
1080010600
14000 9900
1110010400
12500 6000
1000010700
13200 8300
13700 8200
 3900 9800
 220010400
15400 7700
 1600 8800
 810011500
13400 7700
1640016000
 610014800
 8000 9900
 660012400
 880011200
 4400 9900
 8500 9100
 5800 7800
1480010300
1480012600
 850013400
1090010300
 540012300
 7400 5300
1150010900
 500013200
14000 8100
19200 8700
11500 9500
12800 3900
 7900 8300
 9000 2500
 860010100
13100 9400
 780010000
17600 3100
13300 9300
13800 3600
 9700 7300
 8100 8200
 8500 9500
16600 6400
 5600 5900
1270019400
 630018100
 410013600
 540015700
 720014800
 910012700
1230012000
1040010500
1130014000
1530015800
 840017000
1470013700
 320015500
 5400 7700
1080014300
 500016700
 900017100
 720012500
 260016000
 400012300
1000018200
1310017600
1090018400
 970012300
1260017100
1110011300
1430015200
 150016000
 220018500
1330014300
 260013500
 670010200
 2800 6600
 490012600
 8900 4600
11900 5400
 9800 6800
1040011400
12700 5800
1010011500
13300 6600
  900 6500
 3200 9800
12300 7600
 2400 9500
 6200 3500
 8500 9600
 5900 6100
 9400 6100
 7300 7700
13800 8500
15100 4200
 7100 7700
12300 3800
 4600 3400
 6900 9800
 9900 4000
 5000 5600
 4500 7000
 9200 7000
12200 6800
10000 8200
10300 6200
12500 4700
10400 4000
13400 4000
  900 3600
 2800 9700
12700 3100
 2200 1600
10600 8500
13900 8200
11900 9500
11400 5700
16300 6200
 9500 2200
16200 5500
 4100 5200
 580010600
12200 4400
 6000 2200
12000 6000
 9800 7400
10600 8400
12400 6400
10400 8700
13200 3800
 1100 5800
 2900 9200
12600 4800
 2100 7200
1190010800
1110013800
1600015700
 960016700
1610013500
 380015400
 5400 8500
1230014000
 570016400
13400 5900
1440010500
 7800 5500
11800 8500
 4100 9400
 630011800
10300 7600
 4300 7200
1490011800
 830016400
1110011300
 530012100
 740014000
1130012400
 500014600
1230014700
 810013100
 710015100
 800011400
1510013200
 500015100
15400 7800
 2600 9700
 3900 8700
12700 8400
 440010800
 690010200
 930017000
1110012200
 760012900
 4800 8100
14600 3800
 1900 3700
15600 4300
 2300 3900
 300015600
     1.743