    1   51    3    0    1134800
 520017300
 320012400
1790011600
 690011700
 530014200
 2800 8000
1750015900
 980017300
1300017300
 920011600
1000011900
 380016300
 910010500
 890016500
 9100 9500
 750017600
 690017700
 410013100
 940014600
1200014700
1060016900
1120017900
1090011900
 720015000
1200010900
 340012000
 3600 8000
10600 9600
1430011700
 720014400
 810014500
 800012100
1180011100
1090015900
1320016000
1560012200
 320013500
 720012300
 9000 9600
 8200 8400
1700015000
1230015300
1320013500
 740016200
 670014400
1070010800
1190012300
1330017200
 690014900
 550014100
 5100 5900
2030012800
 5100 6600
 8400 6100
 610010000
20100 7500
1030010200
15400 9200
12100 6700
1320012900
 5200 7400
12200 7900
 850012100
1230010300
 740012800
 4300 8800
 7400 9000
12600 9800
15200 5600
 9900 7000
13400 8300
1350013400
 8400 6900
1470011600
 6300 9000
 520010500
 8700 8600
17500 9400
 4800 5800
 8400 5900
1110012200
15000 8900
 7600 9600
14600 7300
16600 8700
 5100 4500
 9900 9400
 8500 8900
 9500 9600
19700 8000
1350011400
15900 8800
 670011100
 990012200
 7400 8600
 9800 5900
15800 9300
 5400 5300
 5600 4900
11300 9800
13500 7100
 620010300
 8700 9800
10900 5800
 8500 4800
 6600 5900
 8800 9300
12300 9700
 5900 6500
 6300 7600
 9400 4900
10300 8700
12200 5600
13300 7000
 7500 4700
13200 3300
11000 9700
15600 9200
 7400 8400
 420010400
 5500 5700
10300 8800
 4900 5800
 810010200
14200 8300
11900 6300
1370010000
 6800 6500
 5600 8400
11400 6700
16800 3400
12700 6300
1430011700
 9700 7900
 8300 5700
 9500 8200
 5900 9500
10500 4300
10400 4700
16800 4300
11000 3900
 8100 6400
16700 7000
17600 7300
 6600 5500
11800 7600
 6300 9100
 830015300
 680018500
 600012200
1720019000
 690019700
1230020200
 980015800
1280011700
 210019500
1010013900
 560018000
1160011600
 640019100
 770020800
 660015400
1160016700
1350018900
 960020700
1030021300
1050011500
 490018200
1210011300
 440014300
 380011900
 800013200
1560013700
 820018600
 510017900
 900012500
1330013600
1090018200
1120019200
1310016700
 550017300
 760014300
 570012900
 600012500
1690017700
1000016700
1640015800
 460018100
 860015300
1080013600
1170015900
1290019900
 560018600
 230018200
 6500 6300
 4200 8900
1890011400
1190013900
1450013100
10700 6200
 960013000
 590011300
10000 8700
1090015000
 890010200
 930015900
 710012700
 480011400
1080012700
12800 7300
1230010200
1290012000
1230013200
 920010600
1360011800
 490010800
 5600 9300
12200 8600
1510010900
 7400 6700
10100 9700
 900012900
1280010100
1150013100
1530011200
17600 4600
 4800 7900
 900011200
11000 9100
10200 8800
1830011600
1430014100
1180011400
 920014300
 760014100
11300 9700
13100 8200
1470013100
 8400 9200
 7500 7300
 8300 6200
1560012300
 400012600
1050013300
10200 9700
14300 3300
 360012900
10100 7600
 430010400
12800 5300
 950011500
1080014000
 8400 8400
13400 9500
1400012700
1270014300
 900014800
 8800 2700
 220011600
12000 4100
 5500 7400
 6300 6000
 9900 7000
15700 6900
1130012500
 230011300
 9000 4600
13900 6900
1400011200
1010012500
1020010800
 830011000
 8400 7300
 4400 6700
 3300 6400
1540010900
 7400 9200
18400 8900
 730010700
 9700 7500
13800 7000
14800 9600
1130013000
 860012100
 140011900
1750010300
1030011100
1300011500
 9200 7400
 9500 4700
 430010800
 8900 5200
 9400 9700
 8600 2900
 810010800
 720012100
 3700 6800
 9300 8200
1180010300
1120012000
1130012600
10900 4900
 7600 9500
12000 3500
 3400 5600
 4100 4100
11100 4600
14100 5100
 750010100
 8500 9200
 7800 4800
11600 4900
11300 9600
1360010500
16000 8600
 3700 8700
 7400 5700
 9500 4300
 8500 4200
17000 9100
12600 8400
12700 7200
 7900 9600
 6500 7300
11100 4900
12400 7300
1330011300
 7500 9900
 6000 9600
 610013900
1110014500
 920014200
1270014500
 160014200
 940012000
 540013400
1140013000
 740014300
 880015200
 6600 9700
1160011200
1290015600
1070016100
 920016100
 940015100
 380012900
1130013400
 400010100
 420014500
 890012700
1490010600
 930015700
 440013000
 830013300
1270011000
1210012500
1000013800
1200016500
 620013600
 700010100
 550012500
 490013700
1580012000
 890012300
1660010100
 570012900
 820012700
1190011300
1290012500
1180014200
 680014100
 190014900
1070011000
 8600 4100
1220011300
 1300 9200
 8800 6700
 580012900
10900 8400
 760013800
 900010600
 6200 9300
1120010600
12400 5500
11000 8300
 880010000
 890011500
 3700 8500
1070010000
 3500 8800
 4100 7800
 9400 6800
14300 8900
 9500 4900
 4600 7600
 770011000
12200 8200
1230010900
 9800 9100
12000 3900
 6100 5800
 6400 9200
 6000 7200
 4800 7100
15300 9400
 880012000
16200 9300
 610012200
 770012100
12200 7700
13100 6000
1130011000
 7100 7100
 2300 5300
 9200 8600
 780015000
 540014000
 810011000
1070017500
 700012200
 970018400
 870015400
 320013800
 960015100
1090010000
1290012900
1150014700
1050015100
 840013300
1200013800
 360013100
 550011100
1280010800
1320013200
 9000 9500
 960012300
 710014900
1090012400
1290015600
1450013800
16800 6300
 540010600
 780013500
1090011200
 920010700
1650014100
1340016400
1120013900
 950016800
 580016400
1270012000
1410010700
1300015800
 920011900
 720010000
1040015700
 6100 6000
1070011400
1090012300
 960013500
 930012600
 6500 7400
 550010500
1140010400
13600 9800
12100 8200
13400 7700
1290016300
 9600 7000
1410014500
 550011200
 580014400
1190012200
1580011700
 680010300
10300 7400
 970014600
1350011600
11000 9400
15600 6200
1790013500
 4800 8900
 950011400
1100012400
1050013400
19000 8200
1460012100
1240010100
 910011200
 830013500
1080011600
12800 9600
15400 8100
 8200 7500
 7600 9500
 590011700
10400 8600
1080010600
 9300 9300
 920011700
 670012700
 5200 7200
11100 8700
1320012700
1210013500
1320013600
1260011400
 930010400
13800 9600
 5200 6400
 560010800
11900 9100
15500 6900
 700012800
1020010400
 9400 9600
13100 7300
1110010000
1540011300
1770013200
 470010700
 9200 6500
10900 8900
1030010100
18600 9600
14400 9500
12200 7600
 910010300
 8000 9500
10900 7700
12800 9500
1510011700
 820011400
 750012000
 6300 5100
 900011800
10100 6100
1170012700
1280010400
 7200 8100
12800 9500
10900 5600
15100 8400
 690010000
 4700 8900
 5100 8100
 9800 7700
 4500 7300
 7600 4900
13700 4700
11900 7200
13200 5100
 6400 7200
 5500 8800
11200 6500
1630010200
12300 8800
13800 1500
 9200 5600
 7800 7700
 9100 5100
 5500 4600
11000 8800
1000010700
16600 8200
1050011200
 780010500
16200 6100
17100 5300
 710010600
11300 7000
 5800 5300
 5100 5100
1400012200
 7900 4200
 790010700
 8900 8700
14000 7400
1600014400
1070013500
1240012400
1260012800
 630010300
1450011700
 6900 9700
 600014000
 570012400
18000 9900
 850014700
 530011100
1140010800
1570010600
10800 7400
1310010600
1440016300
 720012600
10000 9300
 490012200
 740013400
19000 8900
11400 6300
18500 8600
 5400 5800
11000 7800
1060011000
1210011900
15000 9100
 590012200
 280013800
 7800 2900
 860010000
 840010500
 2700 5600
 8100 7100
10500 8500
1190010200
1020010900
 9600 6000
 6900 7900
10800 4400
 2200 4500
 4300 4000
11700 2900
12800 4100
 8800 8400
 8100 7400
 6500 5300
10300 3600
12400 8400
13000 8800
15300 7300
 4800 6900
 6400 4700
 9400 2500
 7800 3300
15700 7600
11900 7700
12700 6000
 8300 8700
 5200 7100
12200 3300
13400 5500
12000 9800
 8200 8100
 5800 7800
 940014200
1060013500
 9000 9600
1400011100
1490010200
1260012400
1010013500
 9900 9900
 330010900
13000 8600
 6300 8600
 6600 6200
 9100 5900
16700 8400
11100 9800
 210010200
10100 9700
14800 7700
1360012100
1100011800
11400 7900
 8500 9100
 9200 9000
 3300 6200
 4400 5500
1650011000
 850012000
19000 9900
 700012800
1050011500
13400 7300
14600 8000
1240013200
 830010500
  700 9600
 910013600
 430010400
1080011800
11600 9800
1380012200
1260013500
1130011500
 960011000
1310010100
 4700 9500
 6600 7800
13700 6900
13800 9400
 9400 9500
1070010200
 790011100
11700 8700
1350012700
1560011900
18000 7700
 6200 8900
 9000 9900
12000 7400
10400 7100
1720011400
1450012900
1010010500
1050013500
 670012700
13300 8200
14900 8000
1390013400
1010010400
 8400 9300
 7400 8800
12800 9400
11400 4700
14700 5500
 6200 7000
 520013400
 4200 6200
 990011700
 4500 8900
 730010700
13100 8700
12600 9400
12900 5100
 5500 5300
 610012200
11600 8900
16000 9000
11500 6300
13000 8500
 9000 4600
 7700 9300
 8200 9000
 4600 9700
11600 7500
 910011100
17000 8500
 990010700
 800012000
15800 8700
16700 6000
 7500 8400
10800 4300
 5000 4400
13400 8500
1430010300
1220012100
 960012800
 9500 4600
 3000 9700
12400 3600
 5600 6000
 6100 3700
 9100 4700
16100 5500
1080010100
 2500 9400
 9500 4900
14200 5200
1340010000
1040010700
11000 8300
 8000 8800
 8600 6100
 3900 4400
 4100 4000
16100 9300
 8100 8700
18400 7500
 6700 9900
 9900 7500
13200 5100
14300 7400
1200011600
 800010000
  600 9600
 970014800
1480016500
 750017300
 540011600
 570014200
 930010100
 380010800
 7200 9500
13800 9100
1070010400
1270014600
 720013800
 430011200
10100 9900
1600014700
1260015200
1450013200
 860013200
 730011000
 9600 8800
 6300 9000
1150013900
1060013900
1550012300
1040015000
 670013100
15800 9700
1680011800
 790016200
1110014400
 620014100
1290018600
1330018700
12400 9600
 980015500
13900 9200
 520011300
 620012200
1280012200
1510010800
 790017400
1070015500
 9100 8000
1290011200
1210014500
1580016400
1810016500
 540015600
 940011100
1160011800
1070012200
1850014600
1480012300
1130012500
 980013800
 770010600
1190011500
1370014200
1500016600
 910016400
 810016700
1200013100
1220016200
 670010300
1360014500
 550011300
 430015500
 740013500
1680011800
 660014600
 660011000
1030014200
1430012100
 9200 8900
1300010900
1480016600
 510012500
 880011200
 670013400
 780014700
18500 8900
1180011000
16400 9700
 490010300
 940012600
 900012300
1010012100
1450010500
 380012200
 380013700
1320011700
 7200 8900
14900 9900
 7100 7100
 600010000
 5800 7800
18300 7500
 760010600
 6300 8600
1180010300
16000 7000
 9900 9800
13800 9900
1520011200
 6900 8600
10300 7500
 6000 7900
 8300 9100
19700 8700
1230010200
18200 7600
 560010600
1110010400
 9700 6900
11500 7300
1560010900
 5500 9500
 3800 9800
 3500 9600
12100 5600
 5100 6600
 5200 3000
 8600 4200
15800 6300
 9900 9100
 3400 9100
 9200 6800
13800 5700
1250010500
1030010600
11600 7100
 7200 8100
 8000 6900
 4400 4200
 4600 3000
16300 9600
 8600 9900
17700 8100
 590010800
 9300 9000
12300 5400
13400 6900
1220011800
 7200 9500
  700 8800
10300 4500
 2300 2900
 3300 4400
10100 2400
13500 2800
 8900 6900
 6000 5600
 7000 5100
11200 2100
12000 6600
11000 6900
13300 6600
 5100 5200
 5500 3300
 7300 2300
 5900 3600
15300 5700
10000 6300
14800 4200
 6600 7100
 6500 6100
11900 1600
12800 3800
11400 7900
 7100 6300
 3700 6200
 760013200
 640014700
 770012800
1890013600
 6200 9300
 820010000
1240016400
1640013100
 860013700
1510011200
1680012500
 6700 8700
1100013600
 780013100
 980013800
2070012100
1380015600
1770012900
 690015300
1140016400
 820012800
1090010200
1680013200
 5900 9100
 5500 8400
 8200 5900
12900 4200
14600 5900
13700 2800
 4100 4200
 8100 8300
13500 5200
16600 7500
11700 5800
12300 3700
10200 2500
 9100 6100
 7200 4600
 3800 5000
12800 6000
 8400 8700
18900 6000
10100 8800
 9800 9000
16400 4800
17400 2600
 8700 7600
11300 3900
 4500 2500
 9700 2900
14900 3800
10500 7500
 3400 6400
 8300 5900
13000 3000
13300 7600
 9200 7800
10800 7100
 7400 5900
 7400 4300
 5100 2800
 3600 4000
15100 6600
 7600 7300
17400 5200
 6800 8100
 8700 7000
13100 2600
14100 4500
11000 8800
 7900 7100
 1600 6900
12000 9200
1340010600
 640011000
 560010500
11300 8500
1650013000
1240012600
13900 8600
 9400 9900
 8000 9800
 9200 7000
 5600 6200
1080011900
1000012800
1680010700
1060013600
 790012300
16400 8100
17300 8800
 690014000
1150011300
 590010400
1070013000
 350011700
1180019300
1640016200
1310014400
1280011100
1340016700
 900012500
1060016200
 270016700
 650017600
1860013200
1060017000
2000014900
 690016200
1190018400
1280016000
1430013700
1440012800
 800011000
 200012500
 2100 6400
 910013800
1400010800
14500 8500
10400 5400
1020012000
 8800 7600
 870010700
 460011500
 300012500
15100 7500
 720011300
18800 9400
 790010300
1000012800
1430010800
15400 8600
11000 6800
 9200 6100
 1900 7800
 4400 4000
10300 3200
16500 3500
13100 5900
14900 9200
 9100 6300
 7900 2000
10100 4800
 6700 6000
11100 3900
11100 1900
15600 2000
11000 3000
 7100 2300
16300 3600
17300 5200
 7800 5600
11600 6600
 6700 7600
11800 5800
1080010400
1260011400
14900 9600
 3400 9600
 6800 6500
 8300 5300
 7600 5200
16700 9900
11600 9000
13800 8000
 680010300
 6800 7800
10600 5800
11700 8200
1290012100
 650010800
 480010500
1250015800
1060017200
1300015700
 560015700
 520012000
 730011300
 550011300
1480015500
 960014100
1500013500
 700015500
 640012500
1240011600
1330014200
1090017700
 750016800
 360016600
1200014100
1240017500
 890014700
1000010200
 240012800
 550013900
1760012100
 9500 8400
1970010500
 710010000
11300 7800
1330011800
1460013600
1340013500
 830015000
 130016000
1820017200
 650012800
 910015600
1220016600
1050017600
1730012300
1470016000
 990014200
1070015000
 680017600
1350015800
1510013700
1400011400
1030011300
 860013100
 610013000
 610014000
 970011700
 740011800
1430015400
1160017000
1300014600
 910017500
 400016800
1360012400
1460012100
1080017400
 930014500
 600013500
 820010600
11200 8100
 7900 7600
1200011300
1230013500
1460010900
1150013900
 660013400
16500 9000
17500 7800
 900013000
12000 9100
 7700 7200
 9200 8700
 5900 8700
1190012500
1020010600
1540010400
 990012000
 6500 8800
15300 8900
1630011500
 820014600
1060014000
 570013900
 7100 5700
 9200 5100
11600 7600
18200 4900
12600 7700
 9600 8100
18400 4300
19300 1900
 6800 7000
13500 4300
 7600 4300
11700 5500
 9800 3300
16000 3700
 9800 4500
 7000 3900
15500 5400
16400 6900
 7800 7200
10600 8300
 5400 9300
 960013700
1810011100
 540013700
1000014500
1180011400
12900 9900
1320013000
 660011200
 100011900
13000 7700
11000 8000
 540010000
1540010400
1650010800
10500 9600
1120011300
 760012700
1040017500
 540018000
1520013900
1630011600
 960015900
1080011900
 680010000
 5200 9600
14200 5400
15200 4800
 9600 9800
 9600 7400
 5500 7200
1830011100
19300 9000
 7100 6500
13500 6600
 7900 8400
1120011700
1320017000
 590013300
 440011600
1170014800
 760013800
  90014100
10000 8100
 2500 9000
 770012200
     2.507