    1   31    2    0    1115200
 5100 1500
10500 1100
 6400 6900
 8400 7100
 8500 6400
 8400 6000
10400 8900
 9600 5600
12000 3700
10500 7300
 7300 5900
 5000 8400
 8300 4400
 8600 7900
11500 7500
 8400 5100
 6700 3200
 9300 7000
 3200 7000
 5100 5000
 7900 7500
11600 7100
 5800 2500
 6700  700
 8700 9900
 5600 6000
13700 4500
 6000 6800
15800 4200
 5600 4500
 9400 9100
 8400 4300
 8000 3100
 7100 6100
10100 4200
12000 6100
10700 3600
13000 5700
1250011400
 6500 4800
 6900 8000
10100 4700
 920010500
13500 1700
10100 8100
 5800 7500
11300 2400
 3500 9100
 7000 9600
 7600 2000
13000 7400
 760010000
 6300 9000
 7600 6800
 3800 4300
12300 9300
 800010900
16900 4900
 7600 7800
 830012200
 620012900
 720011000
1260011500
 990013500
 790012300
1040010900
13700 9700
1100011100
 940012300
 890010800
1290010800
1220013900
 8000 8700
 460010900
1230013600
 730010200
 7000 7700
 390013500
1030011100
 6500 9800
 6700 8100
1220014400
 630011500
16900 7300
 9500 9400
1300011000
 8100 8400
 9500 6000
10600 7900
14000 6000
 9500 9200
 8400 3400
11700 3500
1420012000
13400 6500
1100010300
 8300 4400
1480011800
10600 4800
 6800 8800
 8000 4500
12500 4100
 940010400
 7400 9700
 6900 5500
 9000 9200
 5900 7400
 9600 7000
1470010100
 9500 6200
19600 9300
1020011500
 9800 3700
 7300 8200
10100 8500
 8100 9400
11800 6000
1130011800
1380013200
1030012600
 6800 9200
 5700 7600
 920011400
 760010900
1200011000
 960010700
 850014900
 880011500
 330010100
 610012200
 980010000
12900 8400
 660016500
 860014800
 8700 5100
 6900 9300
1360012200
 560012200
1740012200
 500011000
14600 7700
 9900 7100
 920010200
1260010500
14500 7300
14100 7100
11600 5100
 8600 9000
15400 6000
1040010700
 7000 5700
 900011800
1270010800
10100 4800
 7900 6900
 7900 9700
 9400 4400
 620012400
1050010500
15500 7700
10400 7600
20400 7100
10500 6900
10800 9800
 7300 6200
1150017300
1110013400
1360011300
 980015700
 730014300
 570017000
 880012500
 810016500
1150015400
 920013700
 8600 9900
 830014800
 370015600
 570013400
 980015500
1260015700
 6200 7500
 8700 8800
 910018300
 720014400
1410013000
 510015300
1710012000
 450013100
1310010500
15400 8700
1360013800
 470011000
 820014000
12000 9300
 930014100
1510012400
1220011100
 8100 8900
1230011900
 430013000
 880011400
1010012400
1530012700
 9500 9800
 8900 8400
 620015100
 550011100
1010010900
 900013300
19300 9100
 850010400
1250010700
1390014700
 860013600
 860016300
1060011900
1140015600
1410014800
1020012900
 3600 9200
1270014200
 570014700
 790012500
 580014900
1290014900
 8200 6400
 5700 8000
 960017700
 310013800
1410012000
 960014300
1610011400
 900012300
1500014300
1370012100
11500 9400
 920014400
1520012700
1170015100
 780012500
 760017700
1340015400
 980011800
 820013900
 640014100
1000010200
 690018800
 960017000
1490010900
 930012400
1980014000
1090014000
1090015200
 840012900
 870012200
 710012900
 810012700
1060011700
1170015500
 7800 9300
 500014100
1060015300
 500010900
 5500 8900
 580014900
1060011700
 580013800
 510011900
1000015100
 500012700
14800 8500
 760010800
1440013100
 6700 9100
 6000 7000
 9900 8700
 6900 6700
1290010900
10200 4600
 800011000
 990010900
 2600 5400
 6700 6000
 960010100
13400 5800
 740011400
 8200 9500
 7600 9300
 6100 7800
12500 6000
 6600 6800
17700 9300
 6100 5200
 6000 7600
1190014900
 9500 7400
 530012000
 6900 7900
 9800 6700
 660013600
 460013000
 6800 8200
 820012300
 370010800
 760010500
1200013000
 7500 9200
1700012600
 730014700
12500 7000
 530011400
1330014800
12200 7900
 790011800
 5000 7600
12500 7200
 770013400
 710012800
 4000 8600
1020012300
 650010400
 710010100
1260013200
 6700 9200
1730012300
 970014500
12600 6800
 820011200
1030012500
 7200 7800
 930012400
1280012400
10300 9500
 8100 9200
 830011900
 9600 9200
 630013000
1080011100
1580012300
10800 9600
20700 8900
1070010600
1120010600
 7200 7400
 900013700
 970011200
 7200 6900
 510015000
 570015000
10500 8300
1250013400
 590014000
 970013300
1060013300
 860010100
1550014600
 450016500
17100 9300
 310013200
 7000 8400
10700 6200
 260010300
 700010200
 8700 6200
13400 8900
 770010600
 7400 9400
 6800 9900
 4900 5800
11800 9800
 740011700
17500 5600
 7100 8500
12500 7500
 8600 8500
 7200 6900
 5600 8000
 9300 8200
 6100 5200
 8500 3800
1380010700
 8300 6700
18600 6400
10000 8800
11000 4700
 7700 5900
 790013900
 690014400
 4700 6700
 960012100
 620014900
 750013800
1290011500
 7300 9000
1770014100
 960015600
12000 9800
 780012600
10400 4100
 670010200
15000 5200
1060010500
 8200 8700
11400 8400
 4600 8000
15500 4500
12100 2700
17800 9400
11500 5000
10600 4400
11100 6700
 450011600
1060010200
13000 6200
10100 4300
18000 9300
 620010500
15600 6800
 1400 7700
 8600 7000
 3400 7500
 9700 5700
1370010200
 9600 7300
18600 4000
 7700 6400
12900 7100
 4100 4200
 750010000
 5700 9000
1100017600
 470014200
1560010800
 970012800
1470012900
 870011600
 5500 4500
1070012100
 5400 7900
15500 8100
 800010500
13700 5200
 7000 7700
 9900 5600
 3100 7800
1430010100
1020010200
1650010700
 9600 8900
 920010600
17700 9300
 640011700
14000 8900
 3100 9200
17800 8300
 600010600
15600 3800
 1500 7500
 590010700
1680016300
 100011900
1440011400
 6800 9900
 490014600
     0.834