    1   51    2    0    1199300
1020013600
1320011200
1570011900
 500013200
1330010400
 800010000
1000014300
 880010000
 500011300
1200011300
1190010200
 890012600
1190012300
 810011100
 8000 9500
1690013200
 890013200
1360011800
1130010400
 870010300
1500011000
17300 9200
 950013300
1530013400
1310013800
1400011300
1630011500
1150011700
1060014800
 950014600
 450012000
 870014900
1320011400
1200012900
 9200 9700
1680013500
 9600 9500
 990013300
1120012500
1110014300
1070015300
1260012600
 580012000
 750013400
1310010900
1860014300
1380013400
1010013800
1120012600
 970011200
13100 6800
17700 6600
 1800 7600
12800 5600
 5900 6100
1160012600
 9900 7400
 720010500
1270010300
11700 6100
10100 8000
1010011200
 7300 7500
 6600 7400
1600012400
 580011600
1220010900
13200 9400
11800 9400
15600 8300
15800 8300
1310012300
1360010500
15300 8200
1210010400
14900 8200
11800 6500
1040013600
 730013600
 6100 6300
1070011600
12100 9200
1150010900
 9500 8100
1670012600
 8000 7300
 8900 9000
1200011600
12100 8600
 970011600
14600 6900
 370011100
 780010000
 9700 9800
1970012400
14300 7800
 810012100
1220011400
 8100 6400
14100 8200
 7000 9400
13300 8200
 9300 7500
1180013600
 8700 6200
 3600 9200
11100 8900
11600 8500
 840011000
1250011500
 850010000
 8600 8800
1690011300
1050012600
13900 9300
 9800 8000
 7800 8400
1460010300
17600 8100
 970012200
1580012700
1170010200
1490010100
1700010600
10900 9700
1090013800
1060013500
 4300 9400
 760014100
13400 6700
1380012300
 8900 6800
1650011900
10200 6700
1110012000
1100010500
1160010500
1120014400
10900 9200
 730010600
 750012500
15000 8300
17400 9800
1320010800
1150013200
10300 9500
10200 7400
 670014000
 850012700
 670012000
1310017500
 680010600
 320012600
 740012200
 700013000
 570015600
 780015200
 390014400
 400013000
1210014700
 750016500
 910012600
 820011400
1100011900
1030014500
1280012000
1390015800
1100016900
1200014800
1090013700
1250015000
 670014200
 650017500
 670017000
 360014100
 710018400
 8500 9600
1390016300
 430010700
1180015300
 550011000
 870016500
 790013800
1060015100
 650018800
 990013800
 520014100
 290016900
1370011600
1440012800
 900015400
 930017100
 690012600
 540012100
 8000 4300
10300 3500
16600 9400
10200 2200
 4100 5000
 3800 4700
 5100 4600
 8300 7100
 8800 7200
 6500 5900
 5900 4600
11100 7100
10700 8300
 9200 5100
 6300 3700
13800 4100
12500 6200
12800 3800
16800 8000
11200 8600
13700 6700
13600 5800
14800 6500
 4000 5800
10200 9600
 9400 9200
 6700 5700
 910010000
 7900 2800
17600 8000
 6600 2600
11200 7600
 7000 2600
12500 8000
11300 6300
14200 7000
 860010300
 8600 5600
 8900 6300
 6700 8400
17400 4100
10700 6000
 9200 7100
13000 8900
 6100 5400
 6100 3800
 3600 7800
1250010300
 9100 9000
 640010600
1090010600
 9600 6700
 9000 5900
 7800 9700
 5200 5300
 4200 6900
1370012000
 4300 9400
 980011200
12000 9900
12200 9700
14100 6100
13500 8500
1420010900
11200 7400
14800 9800
 9800 9800
12600 5400
 9900 6500
 870011900
 500012200
 5600 7400
10000 8400
 980010800
12400 8500
 7900 9200
1460011900
 5700 8600
 7500 6400
1080011400
1160010200
 7500 8600
13600 8800
 210010500
 6300 6800
1000010400
1810013800
12600 8100
 6300 9800
1070012100
 5800 8700
1320010000
 7400 7000
 4100 9400
 7900 9300
 6900 4700
 6600 4300
 7100 9200
 3100 4600
 3100 5700
1170011100
 6700 9100
 8500 9900
 9100 8500
11600 8400
11100 5600
12200 7200
1430010300
10300 7300
12800 7000
 9900 8900
11600 5200
 6900 3700
 600011500
 580011700
 4200 4600
 8000 8100
 8000 8900
13700 8300
 4800 7400
1180011100
 4700 6700
 8200 5300
 860010400
10900 7300
 5700 8100
10800 6000
 4600 9600
 3500 6500
13100 9000
1500012000
 9500 5400
 8600 9500
 770010700
 4700 6200
 810014100
 530015200
 970015300
 850011900
 780010600
 740013800
 420010400
 360011800
1290016400
 520013100
 930015800
1080014700
1160014400
1290010400
1300013300
1390015000
1090010700
1380014900
 950014200
12000 9800
 870011700
 750015800
 510016200
 460012500
 900011600
 910015800
1240012200
 670014100
1350016200
 520013700
 680010400
 960015900
1080015200
 660011900
1240013900
 270014900
 510010000
1120015200
1680018800
1140013100
 680013500
 950016800
 530013900
 950011600
1290011500
10800 6800
11900 6700
 730011500
 7100 7000
 5100 7900
1420013300
 250011500
 980012000
1470010600
1540010600
16700 8100
13300 9300
1720012700
10600 9800
17900 8700
1080011200
13700 7700
11600 5400
1140013900
 500014000
 8700 6300
1310010600
1000010800
1530010700
10400 9500
1630013400
 6000 8700
10700 7800
1380012600
14800 9000
 900010500
16400 7700
 530011900
 9000 9000
1150011100
2020014000
14900 7200
 950012000
1320012800
 5600 8000
11900 7000
11900 2300
 8900 2000
12000 7200
 8200 2700
 8000 3600
16900 8900
 9000 7200
13600 7500
11200 6000
 8500 6000
15000 3800
17300 4900
 9400 8400
15300 5400
12900 2600
14100 6800
16400 3400
11500 1000
10600 9600
 9600 9700
 4500  700
 8600 6000
13200 5900
12100 6500
 9100 4800
16700 9000
 9700 4000
10000 3000
11100 8200
11100 3000
10800 5800
12400 1900
 5900 7500
 7500 4500
13300 6500
18500 9100
13700 1100
10200 7700
11100 8200
 9800 2800
 5900 5500
 6700 5200
 8600 7300
 5400 4000
 5100 5100
11600 9700
 9500 6800
 9300 9100
 6300 8000
12200 7700
10900 3700
12900 6600
15200 8500
11300 5200
12200 9000
12600 7500
13900 3300
 5100 5800
 8700 9400
 8400 9700
 5100 6600
 7600 6500
 8300 9200
16000 6000
 5100 7500
11100 9500
 6400 7100
10900 5400
 9600 9200
12500 9400
 7700 6900
 8300 7900
 7400 8200
 5100 5000
15900 8500
1220012100
 8000 7500
11500 7300
 480010100
 5900 7600
1010012100
 6700 6000
 630010600
 4800 9800
 8300 6200
 9900 6600
 6700 8100
 9300 9000
15800 8600
13900 9600
10200 9100
18700 4900
 8500 9700
1600015100
12900 6900
1390010200
 400012300
10900 3800
 8500 3500
 840012900
1130011000
 510011200
18600 7400
 770010200
10700 5300
 540010700
1300012200
12700 6900
1560015500
 810011900
1160013800
 9200 6400
 780010700
17500 8900
1300011800
1070014100
13200 6400
 8500 8900
 380012500
 700012300
 3000 8300
 3000 8500
1160013400
 660012600
 840011800
 910010200
1170010400
11200 9300
12100 9400
1440013400
1020011200
12900 5800
 990011500
11500 9000
 6900 6600
 610014800
 570014800
 4300 5800
 810012000
 8000 9500
1380011900
 4800 8900
1170013700
 4700 8100
 8300 9000
 870012600
11000 6200
 560011900
10900 4600
 460012200
 360010500
1310010700
1500012600
 9500 6400
 860013200
 770012200
 4600 6300
 5800 5300
 4300 4200
13800 6100
 3000 5100
 9700 5700
13000 5000
13400 4500
15100 4500
13300 4000
15400 5300
10900 6200
16000 9500
 9800 3900
12800 5200
10500 6800
 9700 6700
 4500 6700
 6800 7400
11300 7900
 9700 7000
13500 4900
 8800 5300
15200 6000
 5600 5500
 8700 7400
12000 5600
1290010000
 7800 8500
14700 8300
 3300 4600
 7300 6700
10100 5400
18900 9200
13500 8700
 7500 5700
11700 6800
 5500 7100
 7700 4000
12400 9200
12600 6600
10700 8300
 6300 7000
15000 6800
14200 3300
14200 5600
17900 8100
12600 4800
14700 7000
15500 6900
16600 2700
 5300 3800
12000 9100
11300 9400
 8200 4600
10300 5900
 9200 7900
19300 5800
 8400 6300
12900 9100
 8700 5700
14200 3900
12900 8600
15800 7400
10500 6100
 8700 6000
10700 7700
 8400 4300
19200 7500
 980010900
11000 5400
14800 7100
 7600 9200
 7700 5900
 9100 4100
 6500 2800
 4900 4100
11500 3800
15300 3300
14200 3300
 8600 3000
18000 2900
 6500 4500
16400 8600
 9900 2000
11200 4000
 7000 5800
 9800 4200
 5100 4200
 8000 6400
11600 6200
 4900 5900
16800 2800
 7800 4300
12000 3800
 1800 4600
11100 6100
12300 3800
14600 9100
 6100 6900
13500 7400
 6800 2600
 7200 5100
14800 4100
16100 7900
11700 7700
10800 3300
10000 5300
 1000 6200
1200015200
1160013900
 390012400
1290012600
1320011900
1520011700
1570015800
1350013800
12600 7400
1510013900
1640011700
 6500 9300
1100017200
1100017200
 6400 8400
 840014600
1030011500
1770014500
 750011000
1340016000
 900010300
1310011600
1150014900
14100 7700
1030014500
 6300 7000
 960014600
 740013100
1810012900
1170014400
10500 8800
1370015700
 680014300
 8300 8300
 7000 5800
 8400 6500
14500 6000
12700 7100
10600 6400
17400 2200
 9000 7600
1480012400
12100 4200
13200 7800
 3600 9600
 9700 3300
 7800 2800
 720010300
10100 9200
 5700 8700
17400 5400
 6500 7500
 9500 3400
 5000 8000
11900 9800
11500 4700
1430012800
 720010000
1060011200
 8100 3800
 6500 8500
16500 6400
12600 9700
 940011500
12200 4800
 7300 6800
 3900 9900
12500 6100
14500 6000
14600 9800
10900 7200
16900 7300
 850011500
1640013000
 8500 6200
1110010500
 890011200
 9500 8700
 2700 7900
 740011500
1150013200
 7400 7600
15200 9700
 8200 7500
13600 5800
 3300 8300
 970012600
12100 4500
1380013400
 640013800
1430011800
 4900 5700
 710012000
12500 5600
17700 7500
1260013000
 9000 9700
10900 4700
 310010200
11300 9100
12300 7700
12800 8000
1380011900
10800 9700
13300 6000
 960010100
11800 7500
 8300 5100
 690013200
 530013200
 4300 4400
 850010500
 8900 8600
1260010400
 6100 7700
1310012300
 5100 6900
 6900 7700
 920011300
10600 6400
 630010500
11900 4800
 320010800
 4500 9000
11700 9500
1630011700
10900 5700
 730011600
 900011000
 5200 5400
1150010000
1350012400
1530014900
1190010600
1220011500
1330013800
14600 9400
 5300 9000
 930015800
 920016100
 5400 9600
 770010800
 880014300
1650012300
 580012800
1170015900
 710012100
11500 7700
1010015400
1300011800
 850010500
 760010900
 800014500
 5700 9500
1650014200
1170017400
 8700 9400
1210013500
 490015900
 660011500
1590013600
1310016500
1420013100
1010013700
1440015100
1610011100
 810010500
1000017500
1030017800
 430011400
 620013900
1130015500
1560014200
 710014000
1420017300
 900013300
1150011200
1010016700
1210014100
1000013900
 750012700
 810015900
 640012400
1630015400
1410018600
1090012000
1220015500
 740017100
 880012900
17400 8500
1060011800
1440015300
13600 7100
1470011200
 330012700
1050010100
 9400 9800
 730013300
 980013500
 730011600
1810010000
 690010300
10900 8800
 670010800
1280013400
11800 8700
1470015700
 860014200
 930014000
 9200 7500
 710012500
17600 9500
1080013100
 960014600
1320010200
 680010300
 570012700
1000011900
1290016200
10100 9600
1160011500
 630013300
 670011600
 600011700
 460014000
 810013600
 750013500
1440010100
 440011900
1110011400
 450012200
 890013600
 880011400
1150016600
 550014300
1050014900
 520010200
 370012600
1370011700
1440015500
 900015200
 930010700
 720012900
 440013800
1640011200
 870011300
11500 7100
 9400 8400
 960012200
 290012700
 7400 9200
11600 5600
 800013100
14900 8600
 850011500
1410013100
 390011000
 9600 5900
1220013100
1370011500
 6800 5200
1450010500
 460011900
 7300 5400
1200012500
1810016100
12900 9100
 8700 9600
1120014100
 370010900
1090015400
1360011100
1060012500
 920016600
 620017100
 530013300
 990010900
1080017100
1130013000
 830015400
1540017300
 680014900
 770010200
1090017100
1130015800
 840010900
1370014700
 240016000
 6600 9800
 970016500
1850020000
1310013400
 680014100
1110018100
 690014900
1360013600
 580013500
 810014500
 810013900
 430013600
 700016800
 8600 8900
1520014000
 4600 9400
1150012000
 640010200
1020015400
 890010400
1170015000
 750017300
 850013600
 670011000
 450015400
15200 8500
1290010300
 810015000
1080014600
 5400 9000
 600011800
 890018700
 860010200
 340010200
 630019400
1050017400
 820018000
1390013800
 750016800
1360012300
 410017300
 840018600
1110013800
1250022000
 620018200
1360020400
 370013100
 620017000
1150015700
1740018800
1210020600
 770012800
1040015900
 410019100
1050011400
 400011500
 8500 3300
12500 7900
 6600 8200
16500 8200
 8900 6900
1380010900
 3000 6100
11000 5000
1310010100
14900 6000
 7000 7800
14900 4700
 6300 9400
 8000 6400
13700 8600
1790011300
13100 4100
10300 9500
1150010200
 2200 5300
 340017000
 7400 8300
1140014500
 660011000
1560014400
 780010800
1300015800
 250010000
1000011500
1190014600
13800 6800
 590014400
13900 6900
 540014400
 690013000
1310012600
1700013900
12100 8500
 940015600
1050013900
 2400 8100
 5600 6500
1020010500
12000 3800
11000 8400
 9200 2800
16400 8000
 8000 3200
 8600 8600
11600 6600
11700 8100
 950010800
14100 6600
 3600 6600
 7500 8900
10000 4500
19300 6900
14000 8000
 8000 9200
11800 5900
 8100 4900
 6800 8100
12000 4800
12700 6900
 7600 3500
15200 8100
 8700 2700
 9600 5900
 9600 7000
10100 5800
 9700 8400
10600 4200
 5900 6600
 6100 6500
13800 5200
16700 7900
12100 5200
10100 8000
 9300 6800
 8800 2900
 9700 8600
1870013100
 8000 8700
1310013800
 8900 8000
1380010900
1240012500
15200 7200
1050013700
 7800 6500
1030012400
 800012200
1880010400
1040011400
10800 8400
1440014200
 720011600
 8000 6200
13600 4500
 6000 9300
12400 9300
 4100 9100
 7900 6300
 9600 9600
1150011600
 5400 5200
1200010200
 3900 8400
 4700 4400
12200 9700
1600013600
10600 9400
 7900 5200
 890011100
 4200 9900
 940015800
1470019100
 410015100
1060010900
1320018600
1480014400
 760013700
1550013600
 560017700
 830012800
1270017300
1880020400
1380012000
 970016800
1210019000
 360014400
15100 7900
 6100 5300
 790010300
11300 6500
1200010500
 800012200
14100 8900
 2400 6600
 680010300
 9500 4300
18600 7600
1320010100
 6700 9700
11200 5900
 6200 7200
 760015100
1290015700
1160013000
1450019400
 930015400
 810017800
 940011800
 710014100
1780014200
1020017900
 970017800
1340010100
 630015000
 680016700
11600 3600
1180010600
12200 9300
11900 1800
11700 8300
 7700 9400
 8300 3000
1530010100
1830013700
14100 6800
12000 6900
1110011700
11000 8700
1210014100
14300 8400
 590012700
13600 7000
 630013500
 700011300
1420012200
1640014500
11800 7500
1030014200
1010013800
 1400 8100
1510016800
 710013300
1510015100
 6400 9500
 820011800
1380011700
1800015400
1320015200
10400 8500
1160012600
 220014000
 760013100
1410011200
 270015800
 680011900
1000015100
1840018000
13000 9900
 690015400
1120016800
 560011900
 770012100
 790010200
 630015000
16100 8000
14300 4200
1090013900
1200014100
 7500 7100
 870010500
 8800 7300
 690013300
17100 7100
13400 9800
1080014400
1290011300
 7200 6900
 880011600
 7800 3100
18400 7400
 990011000
10300 6000
14000 5800
 7200 9000
 6600 6400
11500 9600
1930012500
14100 4300
 8900 9800
1240011300
 4800 6400
1730016400
1190010500
 680015300
 980015400
 640010400
1070014500
1270012900
 870017100
 300015000
 820015800
 850015100
 4100 9200
1300014000
 720012700
 2600 7800
     2.801