    1   21    4    0    152400
 970010800
 6600 6300
 3600 6300
 5600 6000
11400 9400
11400 6100
11400 8000
1710010900
16000 6000
13200 8700
15600 7700
1350012100
10900 8800
 9800 9900
13800 9900
12100 9100
 590011300
1260013000
10000 9800
  900 7300
 8200 9400
 4500 7800
 3300 6200
1600010100
 8100 9100
13800 9000
1510013500
14700 9300
13300 9300
15500 8400
1440014100
1400012000
1210012700
 870013300
 920012300
 720013400
 760015000
1330012000
 4400 8900
 290010400
 680013000
13600 8900
1240010300
13700 9200
18600 7100
1770011300
15200 9300
1760010000
15500 4200
1330010500
12000 7900
1350012900
1330010500
 7200 4900
12700 4000
12300 6500
 2000 9200
 1600 9000
14700 6100
 7100 6100
11800 5800
13500 2900
13100 6900
11400 6200
13600 6600
12400 2500
12200 6000
10400 3400
10700 8400
 8100 6000
 6100 2000
 8400 3200
11500 2300
 3700 5500
13600 7900
 8300 3900
 8800 6500
12800 8100
11100 2900
 8600 7200
10800 6300
 960010000
10200 5000
 9000 7100
13800 4800
 8100 5200
 7200 9300
1090010800
 8800 7700
 4700 5700
 510014900
1220012100
1210017600
1180015700
1080011400
1310011600
1300016700
1340017800
1170017200
1160019700
 620018100
 810016200
 760017600
1230015500
 570013000
 9700 7800
1400012300
 9100 8300
 6900 8200
11800 7200
1410012900
1420011000
1360011600
1770012300
 900011300
1200012100
1370013800
1100010800
 9600 7700
1680010100
15300 6800
1230011800
1490011100
1270012600
 9800 6600
 9000 9100
14400 6400
11900 6700
 630011900
1290013200
 870010500
 200010000
1630013400
1260017400
1580016900
1420016600
1060010800
1100012900
1760011900
1390010500
 940016000
1580017000
 690014800
 520015600
 8200 9900
11600 9600
1350015300
1410015500
1300015300
1550017200
 630015800
1070014800
1120016300
1190013900
 840010900
13700 8300
1200013100
1140014500
 960013800
1120016400
 900014800
 500012600
 940014000
1080012100
 2700 9700
1570010200
1400016200
1250013500
1230018500
1280016200
 730011000
11600 9300
1330012500
 270015400
1220012600
1170012100
1660014900
 880012900
1030012900
1310014500
 910011400
 780010300
 910010700
1580015500
1210013200
 7700 8100
14000 9700
 6900 8800
 380011400
1700013400
 990011800
1020012200
1380013800
 790010800
 7500 7900
1200012900
10100 9800
1520011400
 5200 8400
 680011400
 7200 7500
 9300 8100
10500 6900
 5000 9500
1540013000
 510010000
 5800 8600
 9000 5600
 5400 8100
 6000 6900
     0.272