    1   21    4    0    151800
 4200 4500
11100 4700
11600 5900
 3000 7300
10100 5000
13300 5200
 6400 2700
11000 7000
11400 4200
13800 1500
12200 3400
13800 6000
13000 7000
11700 4400
13700 6900
11500 5300
 8500 4600
 8100 5500
 3900 4500
 4700 5600
14300 1200
14000 3200
 5500 5200
13200 7400
13800 5600
 8900 3800
 9000 3300
11700 7300
12200 4100
11100 1700
13700 1700
11100 8300
14300 7100
14700 8700
11200 5100
 5400 7700
 5100 4100
 7100 7500
 1900 4800
17900 9700
 950011700
1760012900
1730011200
13000 9300
10600 9500
1460012900
14800 9600
13400 7300
16300 8400
1200013900
1850012800
1790014200
1380010800
 300013200
 260010400
1140013100
 340011100
 520014400
1130012100
1260011200
 3600 8700
1180012600
1010012300
16600 8800
15100 9200
1310012100
1580013500
1350012600
1630013600
1440011200
1030012400
1040012700
 450012200
 720013100
 8500 3600
14300 2600
 6400 1600
12600 6300
12300 5500
15000 2500
13200 3600
15000 6500
14000 4600
10700 6300
13600 4800
12200 2900
10100 4900
 9500 7500
 2300 4600
 6100 7900
1580017000
 760014600
1400014800
1380015700
1570014000
1370013100
1650012300
1460019400
1010014700
1330019400
1250016700
1140016800
10400 9000
 230016800
 7100 9700
 920014500
1440019500
1490010900
1480013500
1250016100
1740018700
1330016100
1010012400
1150015300
1100016400
1100010700
 960017300
 410011000
 640017100
 930010900
1170010100
12100 9000
10900 8700
13700 8400
1110014500
13800 9000
1430014400
1090012200
 590011500
 5400 4100
 660011500
 2200 3800
 9600 9100
16100 9300
1460010700
1250012400
1520014500
13500 8100
1610014100
1400013200
 960010500
 9800 9900
 470010600
 6600 9600
14100 9400
1140012000
1880014600
1180012400
12500 8700
1030011600
 960012500
10700 7300
 840013300
 6600 7500
 570013100
1040017800
1690019800
1120019400
1150011600
1040018600
 890019300
 930014100
 750016900
 540014300
 440016300
12000 9800
1600017800
1450014900
1710018000
1500014700
 980016300
1030010300
 570016200
 720011200
1300012900
 960014900
1170013200
1080010900
1030013500
 900015900
 360013200
 570016200
1470012900
1300010700
 8800 9800
 730010900
 460014700
 840010600
 250015000
1580014000
1270011900
 630013300
 680014800
 670013000
 390015200
 950015400
 710012300
 420014400
 900012400
 260014300
 410013300
 180010100
1010013200
 170010600
 4100 5700
 810010700
 1500 6600
 7300 5500
 600011100
 3500 6500
     0.407