    1   51    4    0    198000
 8500 5400
16000 5800
20100 6400
12900 8100
18500 3300
 4200 2400
12400 6200
 8100 9900
11400 4800
11500 6300
11900 7300
 4800 9700
16200 6100
10200 7100
 4500 6500
 8600 4100
 7400 7400
10500 5600
 9900 5600
 8300 9900
 8700 3100
 6000 3400
 7000 8500
13000 6800
 7300 8600
 8200 3900
10600 6300
 9600 6000
16300 3200
14900 3000
12400 9200
1660010200
17600 3500
11800 5000
 2100 8300
11300 4500
1210010000
11900 7100
 6200 8900
 6600 8200
12000 9700
 5000 8500
13600 6300
1160010800
1010010800
 7600 4600
13100 7700
 6300 6400
12100 8400
 5200 6700
15000 5000
11500 4800
10600 5500
10600 2200
 8800 2700
11000 3300
11400 7200
12900 2400
10600 4200
16500 6600
13200 8300
 8900 6200
10600 4500
12400 5100
 9600 2000
 6200 6700
 9600 4500
 9000 6000
11200 8300
 4400 2700
11200 4100
10700 5700
 4000 4600
 9400 7200
11600 2800
 2700 4800
 9200 7000
 9100 2300
 8100 3900
 3400 8300
 9500 9100
12100 2500
10300 4300
10600 5600
 6900 4600
13000 8700
18900 5300
15700 7200
 6100 6500
14500 7500
12200 6300
 4300 5900
15800 8000
14300 8000
 7300 5300
 3500 4900
 5200 3900
 7000 5600
 4400 4400
1880018100
 850011700
1740016200
 710015700
1390013800
 720013500
1360015800
 690017000
1470013700
 720012200
1500015600
 570015800
 840012100
 490014100
 310013600
 680012900
 720016200
 810011400
 880016600
 470017700
 840013300
1040017300
 990011700
 880016700
 870012100
1150018700
1380016200
1400017200
1090013500
1520013400
1400014500
1250013900
 580012200
 960015300
 970012300
1230011200
1110010600
 670010700
11000 9800
 5700 9700
1180014400
1420014000
1330014100
 300016800
1060014700
 340016100
1200015100
 420016800
1280016700
 960013200
 990014700
1090014300
1320017000
1340012500
1280011000
1760019400
1500021000
 940018700
1280012600
1390017900
1170014800
 840019500
1170017300
1110018200
1290020900
 440013300
1310014100
1210015800
 590010800
 990019900
1320012500
 450017500
 930018100
1130013300
 800014500
 120021100
1080021900
1430015200
1100017100
1230016400
 880017100
1490021300
2080017900
1720019700
 740019000
1630019300
1400018400
 340018600
1690017700
1520017600
 950017100
 480014100
 730012000
 680014100
 610011400
13700 8100
 3800 8900
 8800 5700
 7600 9300
 8800 6800
10000 7700
1150011800
 880012700
1140012000
 9100 6900
 7500 9900
 7400 7500
 560011800
 8400 9600
 730012000
 700012500
 4000 8700
 760010100
 5800 7900
 8600 8000
 530011700
 7100 8300
 5900 9500
 640013200
12000 8300
1010010000
 760013100
1190013700
14200 8400
 7400 9900
 6000 8100
 690010600
1030013000
14900 9600
1090011300
 170010700
1070010800
 8200 9800
 890011400
1080010200
 950010100
 630011500
 8500 6900
 3700 6900
 7400 7500
 1300 7500
 510014900
 900012700
 830012300
 970014700
 970015900
1280013400
 990012100
1020015200
 900014600
 880011700
 750013300
 530013300
 810012400
 710015700
 790011500
 340015700
 830016800
 700012100
 730016100
 620011600
 810015800
 460011500
 680018100
1080015300
 900016400
 630013400
1060013400
1320013700
 750013300
 710011000
 570014700
1040012300
1580010600
1210010500
 240010500
11400 9300
 9100 8800
 760014000
1210012900
1070012900
 610016100
 720013500
 340015000
 660013900
 120015600
 8100 6200
 8900 8900
 7100 6600
12000 8300
10200 2700
 8800 5300
13000 3000
11000 8200
 7000 2700
 9200 4300
 7700 2800
10500 2200
 9400 3600
 8300 5800
 4700 6000
 8500 6300
 6300 7800
10700 8800
 3300 4300
 8000 6600
 7900 2900
 5300 6100
14200 5800
11500 5700
 9100 4600
13700 5600
16500 3700
 7900 1900
 5700 7000
 9100 2800
12200 5600
15400 3700
10300 5000
 3900 4300
12200 6600
 8500 5600
10600 2000
 9500 9700
 7300 9700
 8300 4300
10500 8000
 5900 7900
 8300 8700
 3600 8500
 910010800
 7000 9200
1220010800
10300 7500
 9000 8900
13000 8300
1120010400
 7100 5700
 9400 6900
 7900 7500
10700 5300
 9600 8600
 8500 9000
 4700 9200
 870010000
 6500 9700
1080011200
 3100 7800
 8200 9600
 8000 5300
 520010900
14300 8900
11500 9500
 9100 8900
13800 9600
16700 6900
 7900 6100
 5900 8900
 9200 7500
12400 9200
15600 6100
10400 7900
 4000 7200
12400 9000
 8700 7900
10600 7300
 970011600
 730011600
 8500 8900
1060010000
 610010200
 830010700
 370010800
 870011900
1080013300
1250010700
1030013900
10200 8400
1020014200
 890011500
 860010700
 640010900
 930010700
 8200 7600
 850014500
 2500 9900
 9000 8800
 730015300
 790013700
 530013000
 860010700
 510011500
 5600 4900
1160010200
 8700 8500
 630012600
1090013800
14300 9900
 6300 9700
 740014900
 6700 8400
1150014100
1640012400
1230013800
 260013200
1210015300
 970014300
 7700 9600
1180017600
1020017600
 7200 6900
 770014700
 450013400
 590015400
 220013700
 6900 9400
1410012500
 720013100
1440013000
 5600 8200
 800010500
 4400 8700
 290012500
 640010300
 660013000
 750012700
 810010300
 460011700
 7800 8000
 9900 9600
 920012100
 820010000
 810010100
1080014500
13300 9900
1340011500
1030013600
1460014100
13600 9600
1180010700
 5500 8200
 900011600
 910013400
1240010000
1080011600
 600011000
1040010900
 580010000
1120012300
1360010400
1270010300
 300012700
10100 7600
 2800 8500
11300 8300
 3500 9100
 9500 5700
 7900 8600
14000 6100
1100013700
 6000 7700
 9200 9700
 7900 5800
10700 7600
 9700 7000
 8200 9400
 590011100
 790011200
 610013100
1150014200
 4000 8000
 780011800
 8800 8000
 6400 9500
1500011000
1260010600
10200 7200
14700 8300
17100 9100
 9100 7300
 480012300
 9900 7400
12300 8800
14600 8700
 9200 9100
 4700 8700
1220011200
 780010400
11600 5700
 910014800
 690014900
 8300 8300
1150013400
 620013400
 950014100
 410013900
 750013400
1480014700
1120013700
 560011400
 950012000
 820013400
1100011700
1010015100
 850013100
 670014400
 790015500
 650011900
1220015000
 460012500
 810014500
 950011100
 710017200
1560014000
1330015200
1090014200
1540014500
1760012500
 980012500
 440011000
1050013800
1260013700
1440010500
 870011900
 530011400
1240011600
 750010500
1230013600
 960013600
 740013600
 860015200
1210012800
 660013900
1020013400
 460014500
12900 6600
1070010200
 6700 3700
 8900 6800
 7400 4900
10200 4400
 9100 7200
 7900 6400
 4800 9000
 8100 9600
 5900 9000
1050011100
 3600 4900
 7600 9400
 7800 4100
 5600 9800
14000 8700
11400 9100
 9000 6000
13600 6700
16300 6600
 7900 5200
 5500 8100
 8900 6500
11800 6400
15100 4500
10100 5500
 3700 4800
11900 7200
 8200 6300
10500 5400
 930010700
 750010700
 7900 8000
10400 9600
 560010100
 840010300
 330010700
 700011500
1190015500
 710012300
 270016800
 750014800
 840015200
1090018700
 970010400
 840010800
1120014400
 9200 9800
1230017600
11700 9700
 840015100
1330014800
1320010500
1420011300
1020018600
1520019400
1230012600
1410014400
 940014900
1000014200
1180019000
1590015600
1470017500
 850016800
1370017500
 940016400
1090015800
1700016600
1610016500
 320014000
 940012900
 440010600
1270013100
 580010200
 8300 7500
 7400 9000
 5300 6100
 8100 7100
 7000 5900
 7500 9800
 370010100
 790010100
 650012700
 780013400
 5800 8300
 760010900
 5100 7700
 6600 8500
1120010100
 9400 9500
 6800 7800
11100 8900
13600 8200
 7400 6600
 670011900
 6100 6300
10300 9300
15400 8500
11600 9300
 1900 8800
1100011200
 870010300
 8100 5100
1160014600
1030014600
 6100 7200
 770012800
 340012600
 690013600
 100013100
 8400 5400
 6200 8700
 9000 6900
 8000 7200
 840011200
 2600 5000
 8900 5600
 7300 9900
 7600 8500
 5600 9900
 8500 5800
 4900 7500
 5900 7900
11300 5000
 8600 5100
 620010600
1070011500
14000 4800
 6600 6400
 7500 9600
 6400 6000
1130011300
16400 8300
1240010100
 2600 9400
1200010900
 9600 9800
 7600 7700
1200012200
1040012200
 7000 6300
 7500 9200
 4300 8000
 5900 9800
 2000 8400
1050011200
13300 9000
1220010400
1160012600
 4400 5800
11900 7100
 9700 8300
11700 5100
 410011600
11400 5100
 8900 9200
 380010900
15600 5600
11500 7300
 880012800
1450013500
18500 7100
 8900 8900
 9200 8700
10900 9100
1520013000
18900 9600
1360011400
 630010800
1550011300
1200010200
1070010500
1300010600
 990010500
11200 9500
11200 6900
 8600 4800
 7900 7300
 6200 5000
 7300 5500
 7500 8500
10400 7100
 7000 6000
 9400 7500
10400 1500
 5800 5000
10700 6700
11100 5800
 5200 5100
1120010100
10000 5600
11100 7300
 6800 8400
12100 8700
 8900 5200
11900 6100
 9700 1800
 7500 7100
11500 7800
17100 4700
15000 6000
 6700 5600
13400 4900
10500 4200
 7600 7500
16100 3800
15000 3800
 4500 8300
 6000 2100
 3500 3900
 9800 2600
 4300 4500
 7400 6000
 600010000
 710010300
 470010300
 550012900
1060013600
 7000 8500
 620011100
 8300 7900
 8900 8600
1390010300
13000 9700
10300 7900
14500 9100
15100 8500
10400 6800
 340012200
 9000 6600
 9700 9500
11900 8700
 8600 9500
 4800 9000
 960011500
 510010600
11400 5400
1120014800
1020014800
 5400 7300
1070013100
 390012800
1050013800
 300013300
1160012700
 6000 9500
1110011000
11300 6400
 3700 7200
1060012200
12100 9000
 400010300
1060014300
 9300 9200
 970011000
 460013800
1090014200
11000 9500
1160010900
11000 7300
 760011700
1300013400
1890010100
1620011500
 700011100
1470010500
12200 9800
 540012400
16600 8300
15300 8200
 660012600
 3700 4700
 5000 6400
 8600 4900
 5000 6700
 920013700
 340014300
 780012700
1180015700
 9300 6400
 840014200
 9800 8700
1120013700
1510013500
1480013700
11900 6200
16100 5500
1570011400
12600 9700
 420011700
1050010800
10600 5500
10400 8400
 9400 7100
 6900 7400
11100 9200
 3800 9000
12900 9100
1340013700
1240013700
 490012100
1200013800
 460014700
1250014400
 470015300
 6500 1400
 4500 8000
10600 5800
 5200 7900
 6200 2800
 8000 5700
 7200 4000
14000 2300
12200  800
 9700 8400
14000 9400
15700 3000
 9100 4200
 4000 7800
 8900 3400
10700 9300
13400 6500
 8800 8300
 3900 7500
10600 9200
 6600 8000
11000 5300
 940010300
 850010300
 6700 3000
10600 7100
 4700 5600
 9400 7700
 2800 5800
 840010400
13400 8400
 930010200
 9200 5400
11200 8000
11500 6300
16700 4800
16000 3300
1330010600
1750011700
17500 5300
13300 6500
 350010200
12000 5700
1220011600
10200 8800
 840010600
 7800 9900
1240011500
 330010300
14400 7500
1350012700
1220012700
 6800 5200
13500 9500
 6300 8100
1350010200
 5900 8300
 750012600
 7300 5200
1180011500
 5100 6200
 650012500
1210010900
 710011500
 4000 7000
10800 7100
15300 8900
 8700 7800
10700 8300
 8400 9100
14300 6200
19600 5400
15500 4500
 5800 4300
15200 6300
12900 5700
 5900 8000
1480010500
1280010500
 960010700
 680010400
 700011500
 430011000
 510012100
 9900 9500
11600 4600
 3200 7100
 9900 9000
 8700 4200
 9000 5800
 430010600
1020011400
11200 4800
10900 6600
10600 7700
 7000 6800
1260010900
18600 7600
15700 9500
 6400 8800
14300 9700
11900 8600
 5000 8200
1600010100
1470010100
 6600 7400
 3600 6900
 4800 5700
 7900 7500
 4400 6100
12200 4200
 5000 7100
 7000 9700
12100 4400
 7100 6200
 350010800
1080011400
15300 5400
 9200 7100
11100 6100
 8500 7500
1460010800
20000 7400
15900 9200
 6200 8500
15600 8800
13200 7800
 5600 8700
15300 8000
13300 8000
 9800 8100
 6600 4400
 7200 2800
 4800 4900
 5400 3300
 680010600
1200011500
11600 6300
12700 7900
 870014100
1360014900
10800 8100
1270010000
 890010800
 850010000
1090014500
1590011100
1420013000
 720012300
1290013100
 930012000
 940011500
1610012900
1510012800
 290010200
 7900 9300
 3200 7300
11100 9800
 4500 7500
1310011400
12800 7400
13900 8900
 9800 8800
14800 9000
11900 6500
13800 7000
 9300 2100
 9700 8200
11600 8100
16000 5200
14600 6200
 8200 5900
13600 5000
 9400 4300
10600 8300
16800 4800
15900 4900
 3100 9500
 9100 4400
 4100 6200
12300 4800
 5500 6800
1020010500
1120011400
 7200 7200
12200 6900
 9700 8800
11600 8000
 8900 6300
 7300 9400
10700 5800
16300 5300
14200 4300
 6300 4700
12600 3200
 9700 3900
 8000 8400
15500 7800
14400 7900
 370010900
 6600 8800
 270010300
 9800 9200
 370011000
1310011100
 900013600
1400014400
11100 8500
13200 9800
 930011900
 900010500
1140014000
1620010700
1460012600
 770011900
1330013200
 960012000
 970011400
1650014600
1560014600
 310011600
 820012000
 370011600
1160012700
 500012200
 550010400
1160010700
16000 9700
 7700 9300
 9800 8400
 860010700
14100 9900
19000 6900
14500 8100
 5200 7600
14800 8100
12200 6900
 740010200
1380010900
1150010900
 970012100
 810010400
 700011500
 470011000
 480012100
1470013000
14800 6500
10900 8400
 3700 7500
 9100 8400
 940012400
11500 9000
 900010700
 520010100
 960010400
 4800 9400
11600 9900
12000 8800
11000 8700
 4800 8600
10700 5200
 3600 3000
10900 5300
 3100 2400
14900 9900
 9400 8700
1110013000
 830010100
1440012900
2000010200
1600011900
 620011200
1550013100
1320012000
 510010100
1550015700
1350015700
 950011600
 610013900
 700013800
 500014600
 530014400
 720016500
 630015900
 860016400
1210020700
1580017200
1090019000
 350018400
1230018700
 900017700
 990018000
1010017200
 800017100
 820016500
 990013600
 570011400
 760013700
 330010900
 730011100
 6100 6700
 920011300
15100 8700
1250010300
 4500 9600
1100011500
 840010400
 8100 7800
1360013800
1250013800
 3800 8000
 700011500
 130011000
 870012200
 190011500
 8900 2800
12000 6600
15300 4300
10300 5700
 3700 5100
12000 7200
 8500 6100
10400 3000
 9500 9900
 7500 9900
 8100 4300
10300 7900
 5600 7700
 8200 8600
 3300 8200
14400 7600
20100 6300
16400 5800
 6500 5900
15600 5200
13300 4900
 4200 9600
16000 9400
14100 9500
 920011900
 5300 9900
 680011400
 570010400
 540012000
12300 9400
1110011300
 670010600
1110011500
 580010400
1180011400
1430013100
1330013100
 300012400
1060011200
 340011600
1200011900
 420012200
1430017700
 480017000
1440018900
1180017700
 700014100
1360020400
1150020400
 920011100
 760017300
 650015800
 430018000
 430016100
 500010900
1300011600
1070010500
 580011000
1470012100
1340012100
 590010900
 4800 9200
 3700 8700
 7200 9900
 3100 9300
15100 3300
12600 2500
 6500 7100
14500 5200
12300 5300
 9700 8900
 7300 5400
 7000 7000
 4200 5800
 5000 7600
 870012600
1080014200
 970013300
 710013300
 860014400
1080010300
 620010500
 850011000
 390011100
13200 6700
11100 8200
 9700 8200
 7400 7800
12600 6400
 6000 6900
11700 7100
 4800 7500
1250012000
1100011900
 6700 8700
 6800 8200
 4000 6000
 5900 8600
 2000 5800
1520017500
 930015500
 450017400
 710018200
 690018000
 600018900
11500 8100
1200015500
 890014100
 880016200
 650014400
 4000 7200
 7000 5700
 7500 7800
 6200 5900
 4500 8900
 8100 6600
 2200 9300
 7300 4500
 2600 7200
 5800 9800
     4.364