    1   21    3    0    162800
 620011700
11100 8300
1490011800
1240010600
 580013300
 7800 9300
1450012500
1070014400
 720011500
 490012600
12500 9600
1650012200
 550012500
 870013600
 6500 7400
12600 9700
1400010600
12500 9600
1160011300
 420012700
14300 7800
13200 8500
1320010100
 6700 8400
 4400 6400
1180011500
 690012500
11400 8800
 6000 6500
 6800 7700
12200 9200
 7900 6900
1160012200
 1700 6900
14600 9100
 8500 8000
14500 8900
 680010500
 4600 7500
1630017500
1100016900
 410018100
 660014900
1310018800
 960020700
 670017400
 670016600
1230015700
1730018100
 670016800
1050019900
 680012300
1460016000
1330016500
1450015900
1210017600
 240017400
1210016600
 550016300
 300013800
1030018400
 560019900
1080016300
 680014300
 770014900
1370016900
 800014700
1190019400
 320012300
1530015700
 860015500
1530015500
 840017300
 330015500
 340014400
 580012600
1240011100
 880012000
 710010900
 630015800
1150011300
1650011300
 630015100
1030011500
 600014700
1440011500
1250011100
1430011400
1130010900
 190014500
 8700 4600
15800 9500
11400 9800
10800 6100
 1400 3800
11300 5800
13400 6300
 6600 3700
 860010000
 4900 7200
 9700 7800
13300 5600
 9600 7500
 9600 8700
 6700 4200
15800 5800
10700 6600
15200 3000
 7600 5400
 8700 1900
 8000 3700
11200 4900
14200 6300
 3800 4900
16000 4000
 9600 2100
15700 3700
 7400 4900
 9000 4700
 600012200
1140012700
 670017300
 690012300
1300013100
 830016800
1210010400
 260014300
1530010700
 810012700
1530010900
 7700 9400
 410016200
 7600 7500
 6100 5600
10800 7400
16000 7800
 6200 5300
1030011400
 5400 8900
14300 9400
11800 7000
14200 9100
1070010300
 1700 5700
 810013400
11100 9800
1700012400
 820013200
1230012900
 6400 7200
16300 8900
1140010800
16300 8900
1160010500
  40013300
 8000 4100
13700 6000
11600 4900
15400 8600
 5000 3900
18500 5500
 5200 4500
18400 5200
 9600 6800
 6400 5300
1340010400
 830013400
12100 8700
 300010100
15400 6800
 8200 9500
15400 7100
 8100 6600
 370013100
 600012100
 9900 9700
 330013300
1340010500
10400 8800
1340010400
 8500 9900
 320011300
16000 6000
 5400 9300
18900 5900
 5000 6300
18900 5900
 9800 5000
 7400 9700
 670010800
1240014300
1430014200
1220014100
1180015900
 470014200
17200 4700
11300 4500
17100 4700
12000 3300
 1200 7400
1390014700
1040011900
1070012300
 570018000
1060012000
 940012700
 8200 5900
 740011500
 630017800
 9300 9500
     0.328