    1   31    2    0    1116800
1160012200
 730013500
1270010900
 940010700
 840012400
 630010700
 8200 9900
 940013800
 810014700
1340015600
 740015000
1240015000
 450010000
 320013600
1460010400
 660016600
 980013200
 920011800
 630015900
 880014900
 690014900
 870011500
1110016400
1030010400
1120013700
 680014600
1280015100
 700010400
1250015300
 250012000
 520017200
1320015100
 680013200
 680014400
 520016200
 690015700
 950015000
 890012300
1030014400
 820013100
1540017000
 730013900
 570013700
1180013500
 3600 9500
1180013000
1000017600
 7500 8900
1030016500
 980010500
 560017200
1060010200
1250014400
1430017300
 940016100
1190011700
 980014100
1010013500
  60013200
10600 7000
 9400 6200
 7500 8500
 3600 9100
 5500 8400
 6900 9700
10300 8100
1210010100
 8400 8900
13900 8600
 7200 6400
 5900 5300
14400 6100
 5400 6200
10300 4700
 7700 9800
 8800 5600
 7600 8200
 8000 4100
 7900 9900
 8500 5600
13000 6600
13200 8900
 7300 7700
10100 4500
 9700 6300
10100 5700
 2400 4900
 6900 8500
 930010200
 7900 7900
 9600 7100
1190011600
 680012600
1200013500
 930012800
1580011700
 6700 7600
 550010600
12300 8000
 580014200
1320010400
12000 8200
 540013500
1220011600
1050012400
 6500 8300
1330013900
11200 7500
1470010200
1040011400
1460012400
 9100 7600
1270012500
 2700 9300
10000 7900
 7000 5300
 8000 4600
11600 9200
1150010600
 760011300
1160010800
1880011100
10600 6500
 9000 9900
11700 6800
 330013000
15100 9600
13000 6700
1010012200
1300011000
1310011300
 2600 6000
1170012800
15600 6700
17700 9600
1260010800
1230011500
13100 6800
 960011700
 4000 8500
 330012600
 520011800
 740014600
1030013700
1130015500
 840014400
14700 9100
 760010100
 6200 6400
1360010100
 450011400
11000 7000
 860012400
 880011100
 8500 8600
 8900 9200
 700013100
 870010500
13300 9600
13800 9900
 8200 8200
10100 8200
10100 9600
 9400 7200
 2000 8000
 8900 8600
1090011200
 660010000
1220011900
 810010700
14600 6000
 5600 6900
 4300 3300
12800 6800
 5700 7300
12000 3600
10800 9400
 5200 7000
11000 5500
 9300 5200
 710010000
12400 6400
10400 6400
13400 7000
 9200 5100
13900 4100
 8100 6400
12400 3000
 2000 4700
1170011300
1180010600
 770012300
1180011300
19000 5800
10800 6600
 9300 3400
12000 6600
 3500 9000
15400 4000
13200 8700
10400 8600
13200 5400
13300 6800
 2600 9400
11700 8200
15900 5900
17900 6300
12800 4900
12300 6000
13400 5900
 9500 5100
 4200 4600
 900011100
1400012400
 810011600
11600 9100
 4800 6000
 4000 7600
15400 6300
 720011700
 9400 7400
 8900 8100
 700011000
 8000 8900
 6100 9700
 9400 8500
1070011200
10900 5000
10600 8200
 5900 8600
12500 9600
 7200 5200
12700 9500
 3200 6400
13300 7000
11500 5700
1590015400
1020010200
 900012500
16500 9900
 680010500
1310011800
1050013300
11900 9900
 790015100
1000010700
 920012200
 540011100
1610011100
1580014800
 850014700
 700011800
1270010900
 970013300
 530011100
 880016500
14700 9800
 560012100
 4500 8500
1320012100
 630013400
12500 9100
1150014100
 460013100
11600 9300
 960011200
 740015000
1310012500
1010011500
1370011100
 9500 8900
1460010100
 800011500
13100 8600
 270010100
1420015100
 490012700
 470011900
1490012300
 8000 6500
1310011300
1240016300
 3000 6800
1210014700
 9400 8500
 910016100
14300 7500
 900013100
1350015600
 930014300
15800 9600
 720012900
1470011400
 420011700
1240012500
1120014200
1820013000
 830018900
1530014300
12700 9700
1410018200
 960013600
1200016800
1050011400
 480018400
1830011900
1790011500
1020013600
 480016500
1480012200
1060016000
 730013400
 9000 6300
15300 8700
 5400 5600
13500 6100
1090012100
11700 5700
 9300 8600
11000 4500
 760012400
 6600 4600
16200 8800
1640010100
 9800 8200
 7500 3800
12900 8700
 7900 4900
 4600 7000
12400 8200
 4300 3800
11200 6400
 950012000
 7100 3900
 9800 9400
 9100 3700
 640012000
10600 2700
11900 8700
1350010700
 8700 9000
12000 4300
 9100 8500
10600 5900
  200 7000
 390019100
1530015700
1340011400
 940018400
1350016700
1320017500
 250010100
1270018900
1510012800
1760015100
1280016500
1340017700
1270012900
1070017800
 400014500
12500 6600
1160011000
 9300 2500
 820010100
 4900 4100
1290010600
11900 3800
13100 7900
1210010800
 3200 9700
13700 5400
 8800 7600
15500 7200
 6700 6700
1110018800
1050010200
 670016200
 580010500
1270018800
10400 9000
1430015500
1300017500
 290015800
1210011000
1010015300
1470012700
 680013800
1030013000
 580016500
 590013300
1200012400
 960014100
1420012200
1280015900
 360016200
1130014300
1010012000
1380015500
 610012700
 980010800
 7400 9200
 8900 5500
1220010400
 9300 6300
11500 9800
 730010500
13800 9800
 6300 6100
1330010600
 3000 7400
1220011100
 4500 9900
 970012600
15600 7700
17000 4900
11500 6500
1040010400
12800 8000
 7600 9300
 3600 8100
10200 7000
1440010400
 8600 4200
13000 7900
 8700 8500
16100 9000
 6400 4200
15300 9100
 4900 5800
13600 5100
 8800 5000
11800 7100
 7400 6000
15300 3500
 5100 4800
15000 4300
 4700 3300
 9500 6200
11200 5700
 6600 6000
15000 8800
 5200 6400
15000 8000
 4900 6300
1840011100
10800 8800
 470011600
1520012200
1030010100
 740011100
 810011300
1460012700
 630012300
1380011900
 340011100
12900 3300
 7900 7300
14100 2800
 5200 5600
10100 7200
12000 9500
 4700 7700
1610010300
 7700 8600
 210012400
     1.758