    1   51    4    0    199100
1370011100
 740014600
1010010700
 7100 6800
 8000 4800
 620011200
 6000 7200
1490015100
 530016000
1450011500
 690014200
1330011500
 2000 6800
 8300 7600
 950013500
1310012900
1650013100
 890014900
1370014600
 6800 7200
11200 8600
10800 8900
 9000 8600
11100 7100
 840012700
15000 7300
13200 9100
 540012100
10400 7400
 220013100
 920010800
15200 6800
 570010200
1260010400
 820010900
 490015500
 960010100
 300010800
1530012700
 9900 9100
 970012200
11200 8500
16700 9200
 220014600
1230012900
16200 7400
 9700 6000
 910010500
1500010900
 730012800
 550014000
1350011700
1070013800
 530015400
 970011600
 670014300
1540011500
 860013200
1170011700
 810011300
11100 9000
 450013500
 470015300
 690015700
 9100 8400
15400 8600
 900013700
11000 8600
 990013100
1020013200
 940013300
 600011700
1390013800
 910010600
1230013200
1040013200
 2300 8500
 710013200
 270013400
 940011400
1240013500
 410013700
10800 9900
 550015900
 430012900
1280013900
 5400 9400
15900 9000
 940011300
1350014800
1170012000
1480015800
 580011500
1420014100
1770015800
1070014300
1230015200
1220016500
 410017000
1500010800
 860012500
1200014000
 170010600
 770011600
1420012400
 730011600
1720010500
 990011700
1540013600
 690013800
1220010900
13800 6500
1770013800
1730016400
 9200 9800
1600014900
 310013200
1600010900
1230010600
1170013500
 810012200
 980017700
1710012700
1550010500
 910015300
1400014600
 6800 9000
1100011000
1750013900
 8700 9200
1440013600
11400 7600
 940011300
 7300 9100
 550014000
1400013100
1080012900
 7000 7400
1110012600
18600 9400
 620011900
11400 8100
1390011200
 810014000
12600 8100
18000 7700
10400 5800
1270010400
1020011100
 960014600
 680011300
 950018400
1070019400
1030014900
1050017600
 800014700
 910010300
 930012400
1280017500
1630016200
 850016500
 480018400
 780017800
 910010500
1670012300
 540012600
 480011900
1230010800
 840016400
 890010600
 760012800
 580015400
1050011200
 770016800
 910014200
 930010400
 570014100
 690013700
 720015300
 960019000
1260014000
 750014100
 950015900
 510012300
1440016100
 750011700
1140013900
 920017900
1240016700
1280012500
 550010300
1540014800
1250015500
 470017200
1090015200
 3100 9600
 710012700
14600 9700
 6100 8700
16600 9300
 8800 9200
1490012200
 540014300
1110012600
12500 7300
1630011800
1730014800
 9200 7000
1550012500
 420013600
1460011400
1200011100
1110013300
 900013000
 930016400
1670013200
1500010900
 800013900
1300014900
 5400 7100
1040010000
1700014400
 7900 9700
1410012600
1060010100
 8100 8500
 7400 9800
 450012900
1470011200
1060012500
 6500 8000
1120012500
1820011600
 4800 9200
11500 7000
1480013200
 870014800
11200 9900
1730010600
 9600 9400
 220010800
 7600 6900
1450014600
 700015600
1720011100
 970013800
1540011000
 6500 6200
12000 7400
1350013200
1740012400
1750012500
 940014500
1600014100
 3500 6700
15600 8200
12400 8500
11700 8000
 8500 6700
 980012100
17200 6800
15500 8700
 890011500
13800 6700
 650012800
1100010400
17500 6200
 8600 9900
14500 9900
1130010600
 910015100
 7400 9800
 530010300
1440012200
10900 8600
 660011900
11300 8000
18600 8900
 580014100
1160012600
14300 7200
 8500 5500
1220010300
1790010700
1030012500
 4500 9500
13600 2800
 5900 1800
12300 5000
 5500 2800
11100 6800
 290010400
 6300 9800
 7900 6000
11800 5800
14600 8800
 7300 2500
11600 6000
 7200 9700
10800 8000
 8700 7800
 6800 8900
11200 9500
 690010700
12800 9400
11000 7600
 3300 8200
 830010700
 1500 4000
 7500 5800
1300010500
 3500 6800
10500 7600
 6000 8100
 3700 1400
10100 7000
 2600 7700
14100 5400
 8000 8100
10900 6000
 9800 8400
14500 9200
 3500 2600
11700 4800
1550010400
 860011000
 9800 7700
12800 8700
 5100 8000
12000 7300
 5600 8900
14300 6200
 7500 6900
12500 3000
 5400 7200
 9700 9200
1160010400
15500 4000
14600 4400
 6500 9000
13100 5400
 3600 6800
14300 7100
 9500 7200
 8900 5400
 7500 7500
 6900 5800
14300 6900
12700 7100
 6400 3300
11400 7000
 4900 8200
 8200 5700
14600 7200
 6000 7800
11600 3600
 870010100
 7400 8600
 6600 8100
 3400 3200
12100 4300
 8000 5100
 8300 9200
 8500 5800
15700 9800
 4700 7100
 8900 8800
12600 9600
 6300 8000
11000 9400
1520010700
 760011400
1090010300
 820010800
10100 8700
 800010500
 770015000
 550015600
1000013900
12500 9100
1300011800
 830011100
 7300 8900
1140014300
1390013500
 750013300
 230013200
1500014600
 960013800
 860014200
 660013200
 250011400
 690015000
 590011400
 990011000
 870015000
 430013000
 830011500
 440015000
 750010100
1450013300
 750011400
14700 8900
 820012500
1570013300
1120013100
1220015500
 8600 8700
1500012300
1740016200
1020015700
1490014400
 930015700
  60015600
10000 6300
 8400 7100
 8000 4200
 7000 8700
 750010000
1080010400
14400 4800
10400 6800
 4000 9000
 8500 6500
 7900 8100
14600 7800
 4900 7800
 4500 6900
11200 8600
 6500 8300
 9700 8100
 8100 7700
 4000 5800
 8800 8700
 5600 8200
 7100 5900
10000 8700
 3700 8100
 7000 5100
 560010400
 7500 8700
11200 8400
 5500 5100
10600 4600
 4000 6200
12800 9400
 6900 6900
1120010300
 7200 7300
11200 8900
1310010500
 5900 9400
13300 9700
1140011000
 380011600
 760010500
13800 8200
 410010100
 980010900
1120012200
15000 9200
1640010900
 840011800
1440010900
 4700 9400
13300 8700
11000 8800
 9900 8500
 9200 9600
 830012000
15600 9200
13900 8700
 6700 9700
1170010300
 410010400
 9300 7500
1590010100
 6600 9300
13000 7900
 930011600
 680011900
 7600 9600
 3200 8300
14300 8800
 9700 7700
 750011000
10500 8100
1710011300
 340010700
1110010800
1470011400
 850010800
 990010900
1600012200
 840013000
 7300 6500
1070010200
 900010700
1330010200
16100 6300
11400 9100
 8600 8700
 3700 7800
12700 9600
17300 8600
 7400 8500
 2200 8600
16100 9700
1120010700
 5000 9400
 3400 8300
 5700 8100
1020010400
 9000 8000
11600 6200
 520010300
 6800 8400
 7700 7200
 720010600
10600 8600
16000 8700
 9800 7300
13600 5800
 8400 7800
17600 9300
11400 8200
1190010800
11300 7300
16000 8600
1700011300
 980010900
17500 9900
1160011200
 320011500
 3400 6600
 8700 7700
1020013200
1410012400
1560012700
 770014400
1340014100
 5200 6800
12500 8100
10000 8400
 8800 8200
 9400 6500
 740012600
14600 6700
12900 8600
 560011700
10600 7400
 320012600
 840010200
14900 6600
 5500 9800
1200010000
 820010800
 580015000
 8000 9700
 210010400
1390012100
 8900 8600
 850011800
 9900 7900
16100 9200
 270014000
1070012500
14600 7600
 8100 6100
 900010300
1500010900
 730012700
 6600 6200
 7800 2900
11400 7000
15700 9600
 8500 4300
12400 8200
 7800 7300
 9800 5100
 9800 4700
 7500 7200
11900 6600
 810011000
13700 6800
11800 4600
 3800 8600
 8800 8700
  500 2600
 8600 4300
13900 8100
 4400 3300
11500 7000
 6700 4000
 3200 5600
10700 3400
 3300 7300
15200 6300
 9200 6500
11100 1900
11000 6300
15500 5200
 3400 5500
12700 1900
16500 6700
 9700 8400
 9900 3600
13600 4600
 5800 4200
12700 6600
16600 9700
1500011800
 6900 8700
1380011200
 2600 7700
15400 5500
10100 5200
 9700 8200
 6300 6700
 780012700
14900 7200
13300 5100
 750010600
12400 9200
 6000 6800
 9100 6500
15200 8400
 7000 4200
12200 8700
 9700 4500
 8500 9800
 6400 4000
 4500 9100
11800 9100
 8500 7600
 8300 5300
 8800 7200
16400 4900
 5800 9400
 9100 6300
11900 6300
 5900 8600
12000 3800
16100 5100
 8500 6200
1150015100
1330017800
 790011000
 830016100
1050014800
1280012500
 740012100
 330015000
1420013800
 890019100
 960014300
 760012000
 130016700
 570016200
 470010200
 910012300
 970015500
 340010700
 850015000
 3600 9400
 630012500
1350010600
 640015400
1450014400
 790014400
14700 8800
1070014100
1240011100
 750013100
14200 9400
1700013000
 980015600
13800 9700
 9500 9500
 1400 7600
1510016800
 710012300
1410015600
 280014100
1650011800
1050011500
1020014100
 620013300
 860018100
1530013600
1380011300
 840015700
1330015500
 720010500
 990011300
1570014900
 790010000
1260014000
1050010900
 960013500
 740010100
 560014400
1130013700
 890013400
 9100 9400
 900013200
1690012000
 690013200
 960010000
1110013500
 540015200
1320010500
1680011600
 920011600
 680013300
13100 8000
 400015200
1360014800
 960014800
 880013900
 810015700
 690013300
1430015200
1270014600
 610011200
1100015600
 430013500
 810012600
1460015800
 570014700
1170012100
 840016900
 680012200
 690015000
 280011800
12700 9900
 820013400
 810015300
 890014000
1580017200
 400010900
 950014400
1330017500
 690016500
1030016200
1500017500
 740017600
10000 8500
 6700 6100
16000 7800
 6600 8100
 6500 5100
10000 7300
 7000 5200
11100 6600
 9700 8100
 6000 5300
10800 5400
 680010700
 8100 7800
11500 6100
 5600 9300
 8600 5200
 770011300
 890011700
10400 9400
 6000 5100
 8800 7500
 5000 5600
1230011200
 5300 6100
1300010400
 770010300
1020011100
11000 9500
 3800 6700
1390010700
1350011800
 590013000
 980010000
10400 8400
 9100 8200
 5700 9200
13700 9800
 880011300
12000 9700
10100 8000
 1900 8700
 680011000
 2700 5300
 9100 6100
1210010800
 3700 7400
10500 7900
 5200 9100
 4200 5100
12600 7700
 5200 8000
15600 6000
 9000 8400
13400 7200
11400 8700
1440010000
 5800 4200
14000 6100
1740010900
1040011300
12200 8600
11800 9800
 3800 9500
16000 7600
10300 7400
 9900 7600
 5800 8800
 8100 8600
15100 8500
13500 7300
 7900 6100
12900 9400
 6600 5300
 9500 5100
15400 9300
 7400 7000
12400 6000
10100 9000
 9100 4200
 6900 7300
 5100 5900
11500 3400
 8700 6800
 8700 7200
 8800 7300
16600 9500
 6400 2700
 9300 6200
1150010200
 560010000
12600 8400
16400 9600
 8900 9500
 800012900
 370012000
1450013700
 930013100
1000013200
 800012800
 140010600
 590013800
 470013100
 950011000
1010013900
 370013200
 910010200
 410015500
 620013400
1380013500
 660010100
15100 9200
 850011400
1490014400
1130012000
1300015400
 750011900
1460013800
1750015600
1030014600
1390014800
1010016100
 180016600
 6200 8100
1240010000
 9400 8300
10000 9400
 8800 9100
 7400 5800
12100 9800
 9000 9000
10300 7200
1040010000
 7200 9400
 8500 6300
 880011700
11000 8700
13000 9700
 8500 6000
 8300 4700
 6300 7600
1490010400
 8000 8300
1290011700
10200 7200
12800 9700
1200011900
 490010700
1640011000
1410012300
 630012700
12500 2500
 8400 7900
13500 2700
11600  600
 3500 5900
 8400 4500
  900 4400
 8900 2400
13700 4000
 4400 1800
11500 3900
 6500 3700
 2900 6900
11200 1900
 3800 4400
15500 5000
 9300 2800
11700 3900
11200 2400
15500 3200
 3900 6100
13100 4300
16900 3500
10100 4300
10500 3100
13300 4200
 5500 5400
 690015000
14200 8600
12600 9100
 630013800
11300 9900
 480013000
 810011200
14600 9100
 5900 9900
1160011900
 860010000
 720015700
 6700 9700
 320012300
1220013600
 800010400
 820011600
 8600 9700
15700 8300
 460014900
 900012600
12700 6400
 6400 8600
10800 9800
1520010000
 760011900
 9600 8200
 7900 6000
 200010500
 680010100
 4400 6800
 7300 6200
 9900 9500
 2100 4900
 7500 8700
 3600 7000
 6100 9500
11900 5200
 5200 9100
12700 8800
 6100 8000
13200 6200
 8800 7800
11500 7400
 6500 9000
12300 6600
15000 8500
 7800 9800
12800 6300
10000 7600
 2400 8200
 9600 6300
 6700 8700
11500 7600
 7700 9400
 9000 6600
11400 7300
 6300 7400
 8700 6700
 8300 9500
 980011400
11200 7600
 6900 7200
 8000 8400
 5500 5500
13100 9400
 6300 5200
13100 8800
 870010300
11000 9600
10800 8600
 3500 7900
14800 8800
1390010000
 630011100
  800 6600
 5400 9800
 3900 7000
 8900 5900
10600 9800
 3100 8000
 9200 6300
 380010100
 5500 6600
13100 8300
 5900 6300
14800 3800
 8200 7300
14100 8600
10800 7800
1310010500
 6800 5200
14000 7800
1700011000
 990010500
13100 9500
1030010800
 230010900
 8200 6500
 4700 2100
 6300 1500
10500 6100
 2900 2400
 7600 4200
 5100 4400
 6600 4200
10800 2700
 4600 4500
11400 3500
 4900 4000
12300 2900
 7300 4100
11700 4900
 6300 3500
11000 2500
13600 5900
 6400 6600
12500 3800
11200 5000
 3600 5200
 7400 6800
 9900 6200
 690010800
 5100 7300
 6100 8800
 5700 9300
 9000 8800
14300 7500
 8100 9100
12600 8000
 6800 8700
15900 7800
 9900 8800
10200 9800
 9500 8000
14400 7300
1580010700
 850011300
15800 8600
10200 9900
 210010100
11300 7000
 5600 9800
 6400 5200
 7500 9600
 6800 3500
10200 7600
15800 5100
 950010000
13800 9200
 8300 8900
17400 3500
11300 8500
11700 5200
10900 8000
15900 4200
17100 7100
 9800 9900
17200 4000
11100 3500
 2700 1600
14400 6900
 490010800
11900 7800
 730012600
 400014200
1000010900
 2800 8000
1510010400
 9300 7300
1040012800
10900 7400
1590011500
 260012900
1230013000
1620010500
 9500 7600
 920012000
1410013000
 640014400
 7400 9500
13200 7500
1010011700
 8200 8600
 6100 9800
 4300 7500
13300 5100
 9600 8500
 680010300
10000 9100
1730011900
 5100 7200
10300 9500
1340012300
 740011700
1140011000
1670012300
 910012600
 6200 3000
 6700 7700
 9300 9100
12900 5800
 7400 3300
10200 5500
 5100 2200
14600 7700
 7900 2400
10700 6700
 9100 7900
12700 7800
13400 6000
 6200 3900
15300 7000
11800 8100
 4100 9400
 940011000
 6700 8500
 7800 9200
 3300 7900
14600 6000
10000 8500
 7600 9600
10800 8900
1730011400
 3400 7200
11400 8900
1500011900
 880011600
 990010400
1610011700
 850011900
 780011800
 6000 9400
 3700 5200
12500 7600
 8700 5600
 770011200
 9100 6000
1640010300
 490010400
 940011200
12800 9400
 6600 6600
1120010600
1590011700
 830013000
 8700 6500
 450010900
10100 9800
 600010000
10500 4400
 6300 9800
14000 7400
 6200 8500
 8500 4800
11200 9200
 440011600
12400 5800
14000 6000
 6400 4400
 500012400
1440011700
 780011300
13300 6000
1030011000
13100 8800
 600011000
13300 7200
1650010500
 940012700
12300 7100
10700 7800
 2800 7400
13600 5100
 7000 5900
13500 3100
 9600 5900
12100 6000
 6500 4200
13000 2200
15900 7200
 8700 8300
12800 4500
 9900 5600
 2200 5400
 800013400
16600 7800
1100013100
1140010600
 990012300
15300 8500
1710012400
 980014800
16100 9000
 9900 9100
 1400 7500
 920010100
 8400 4800
16300 9100
 670010200
 910010200
11000 8400
 5100 6100
12900 9400
1630010500
 870011800
1110011000
16500 8600
 220011700
12300 8000
1620010300
 960012600
 9000 6900
14900 7800
 7200 7900
11100 9800
10600 8400
15100 5300
1600011200
 880012600
16900 8200
11400 9200
 3100 8700
 540014900
1480016300
1860016300
1170014200
1200016600
1400017800
 600018700
14600 5000
1710010000
 990010300
14500 7600
 9200 8800
  800 8300
1170013900
 570011200
1220015000
1610016100
 850017300
 480015300
1320012100
1640013200
 880013000
10100 7400
15000 8500
 7400 8000
1150014000
 370013800
 950012100
     1.990