4
20
74
61
36
94
15
51
20
10
36
84
3
65
16
91
62
63
51
4
42
50
0
0
0
0
500
45
51
64
13
50
58
70
79
48
11
77
41
13
43
93
19
77
67
17
2
2
2
2
8
500
78
89
60
4
40
8
41
31
18
43
83
35
89
92
58
83
24
51
12
12
12
12
94
22
500
95
9
34
97
48
10
40
54
3
30
55
45
94
72
17
92
73
87
87
87
87
59
58
15
500
84
70
32
64
38
11
99
74
41
10
36
17
91
24
85
15
47
47
47
47
32
17
45
67
500
10
75
70
72
88
93
12
10
64
13
56
60
84
19
51
58
58
58
58
16
1
15
28
45
500
87
63
43
28
23
71
48
6
56
50
72
51
22
88
50
50
50
50
83
13
80
20
61
31
500
1
41
81
6
44
67
46
94
55
25
61
87
93
64
64
64
64
67
93
44
51
25
56
52
500
7
10
49
28
46
73
22
13
88
65
13
47
38
38
38
38
56
40
75
52
37
87
88
55
500
17
88
28
33
21
66
89
79
74
91
88
71
71
71
71
30
2
27
18
77
22
29
90
87
500
1
47
2
28
47
24
62
47
1
34
85
85
85
85
32
21
60
81
69
9
33
90
76
93
500
62
80
98
80
96
6
61
62
11
20
20
20
20
52
97
19
36
16
9
45
86
79
62
3
500
72
18
21
49
5
58
51
19
61
61
61
61
13
62
42
12
35
57
37
41
97
42
69
27
500
16
24
54
12
6
86
1
46
46
46
46
57
5
84
72
50
94
25
95
52
99
38
38
70
500
75
96
33
48
98
97
47
47
47
47
99
70
55
38
24
40
80
22
36
44
47
7
35
26
500
3
7
25
78
97
83
83
83
83
77
25
3
75
1
23
33
17
70
28
83
85
52
2
59
500
77
93
64
43
92
92
92
92
44
50
37
95
72
87
93
20
21
70
52
61
77
45
80
33
500
20
36
53
16
16
16
16
80
58
9
41
41
35
26
19
12
87
26
70
20
95
92
31
67
500
88
65
74
74
74
74
9
53
50
50
37
84
65
69
62
31
54
44
51
89
53
19
74
99
500
78
30
30
30
30
99
90
23
8
32
94
70
5
24
25
92
62
16
33
91
63
95
16
28
500
61
61
61
61
59
7
90
11
6
91
57
19
59
33
11
93
3
27
9
41
26
24
39
4
500
500
500
500
59
7
90
11
6
91
57
19
59
33
11
93
3
27
9
41
26
24
39
4
500
500
500
500
59
7
90
11
6
91
57
19
59
33
11
93
3
27
9
41
26
24
39
4
500
500
500
500
59
7
90
11
6
91
57
19
59
33
11
93
3
27
9
41
26
24
39
4
500
500
500
500
208 274 105 61 61 145 29 54 69 112 75 156 61 162 21 96 224 19 144 61
