5
20
37
43
4
16
21
66
37
50
71
29
77
29
54
89
69
23
30
54
39
83
0
0
0
0
0
500
79
84
39
68
81
30
66
70
85
93
40
67
75
72
68
12
72
59
43
66
66
66
66
66
31
500
50
77
46
27
79
69
63
45
10
88
60
56
66
71
92
88
56
90
47
47
47
47
47
81
44
500
47
55
58
11
25
29
44
64
58
63
34
73
28
34
38
19
20
54
54
54
54
54
59
19
25
500
56
69
25
62
65
78
82
30
55
69
61
64
3
71
52
44
54
54
54
54
54
74
16
52
62
500
35
53
75
74
73
52
29
7
73
15
78
49
93
58
75
14
14
14
14
14
14
80
50
30
55
500
19
23
24
36
54
59
59
27
68
26
40
40
11
28
48
48
48
48
48
62
38
54
41
23
61
500
65
69
83
90
37
64
74
70
66
9
72
58
43
63
63
63
63
63
57
33
47
38
16
58
33
500
14
35
71
85
86
21
96
6
60
13
25
26
74
74
74
74
74
80
68
83
51
53
88
41
90
500
58
28
53
23
62
30
72
65
89
51
79
12
12
12
12
12
88
20
59
81
44
13
39
42
66
500
44
51
45
34
55
38
40
54
18
42
34
34
34
34
34
16
68
45
16
43
97
81
67
73
61
500
25
38
60
45
59
19
71
42
48
35
35
35
35
35
38
45
6
55
38
68
80
25
89
13
20
500
32
70
36
81
78
98
61
91
24
24
24
24
24
16
53
22
33
33
81
78
45
78
37
44
14
500
22
103
10
69
10
31
33
81
81
81
81
81
70
13
37
71
35
28
54
18
75
37
41
64
79
500
58
58
76
76
41
75
36
36
36
36
36
73
37
62
53
31
55
16
62
25
75
82
62
64
32
500
55
60
72
35
65
22
22
22
22
22
82
13
53
77
39
16
41
36
66
55
60
74
86
19
23
500
55
72
34
63
18
18
18
18
18
98
39
77
82
51
38
17
66
46
84
90
87
92
38
18
100
500
61
31
40
35
35
35
35
35
54
24
19
60
29
47
63
10
78
22
28
49
66
25
58
39
42
500
45
63
13
13
13
13
13
36
32
17
38
15
61
59
31
66
33
41
29
45
28
66
52
53
39
500
40
43
43
43
43
43
7
64
30
34
43
92
87
54
86
43
50
14
32
60
98
57
84
17
46
500
29
29
29
29
29
41
28
20
40
11
57
55
30
63
35
43
33
47
24
62
54
49
43
33
53
500
500
500
500
500
41
28
20
40
11
57
55
30
63
35
43
33
47
24
62
54
49
43
33
53
500
500
500
500
500
41
28
20
40
11
57
55
30
63
35
43
33
47
24
62
54
49
43
33
53
500
500
500
500
500
41
28
20
40
11
57
55
30
63
35
43
33
47
24
62
54
49
43
33
53
500
500
500
500
500
41
28
20
40
11
57
55
30
63
35
43
33
47
24
62
54
49
43
33
53
500
500
500
500
500
