3
50
13
91
93
31
30
31
70
5
63
67
10
72
9
39
98
34
21
54
66
8
59
31
86
16
94
69
20
35
11
9
22
1
16
22
85
58
43
23
2
62
68
99
6
72
10
4
3
12
65
19
0
0
0
500
81
23
9
94
43
13
3
32
23
86
78
99
89
12
104
16
15
84
82
96
37
80
55
13
100
58
47
20
104
45
53
68
38
43
62
94
84
79
108
59
55
83
86
40
45
13
30
86
57
69
69
69
15
500
66
96
23
60
99
86
78
66
30
53
24
22
94
35
94
88
84
53
48
50
41
38
95
29
46
72
69
40
53
54
41
77
81
56
37
10
70
28
60
54
76
64
68
46
85
62
9
30
21
21
21
82
24
500
83
55
66
85
75
78
61
58
75
56
53
79
68
86
81
103
77
77
42
10
48
85
61
19
79
62
72
59
27
10
80
86
25
67
23
90
60
29
25
96
87
72
48
78
45
25
30
37
37
37
31
44
20
500
30
32
76
63
50
41
24
34
35
25
73
41
69
62
61
36
40
29
52
10
70
37
43
44
45
43
25
49
45
49
53
55
34
31
48
44
57
50
54
46
40
20
59
45
32
15
7
7
7
65
68
64
79
500
48
103
89
65
68
23
13
37
32
102
30
89
83
37
9
10
64
90
41
92
32
83
51
72
26
46
89
84
59
60
96
19
62
25
44
98
90
29
15
53
50
82
82
61
56
43
43
43
66
41
43
51
84
500
54
40
15
22
51
37
67
57
54
69
39
33
44
41
57
31
79
26
42
66
61
10
25
68
12
62
69
12
17
72
57
67
37
77
72
65
42
44
3
21
31
44
68
41
44
44
44
63
28
31
38
82
24
500
59
40
37
26
22
42
32
71
45
62
55
46
25
36
33
67
10
64
42
55
30
41
44
16
59
59
36
40
67
34
47
33
52
69
61
39
33
28
18
53
50
48
28
23
23
23
25
97
74
104
19
78
27
500
64
44
75
84
80
74
49
90
63
59
104
86
93
31
35
52
61
84
15
72
44
93
55
7
24
68
75
14
85
52
93
87
11
8
99
95
63
45
56
20
55
38
53
53
53
44
84
61
85
38
69
63
58
500
21
58
61
68
59
42
75
46
40
79
64
73
7
48
30
45
70
27
46
22
77
29
26
36
43
50
36
68
49
69
76
35
28
75
71
38
21
37
11
52
23
38
38
38
54
60
53
71
72
49
40
81
106
500
55
30
72
64
89
67
70
65
6
32
47
67
109
51
74
68
95
31
63
63
44
98
100
40
36
107
55
88
12
80
108
100
10
23
39
54
65
82
88
70
64
64
64
37
40
16
44
51
24
47
30
52
62
500
42
85
77
91
80
70
66
14
45
60
75
119
61
74
81
104
35
67
76
52
106
110
42
36
115
68
100
25
93
116
108
22
36
44
62
67
88
100
80
75
75
75
34
91
72
100
41
73
18
95
94
39
35
500
57
49
51
65
51
45
72
54
63
6
47
20
51
60
28
43
26
66
23
31
36
42
49
40
57
41
61
66
40
33
67
62
35
13
42
22
44
14
27
27
27
36
86
68
95
47
69
18
93
97
47
27
93
500
43
72
59
76
71
89
64
66
31
23
34
76
53
18
66
52
63
45
27
17
67
73
30
57
20
77
55
33
27
83
74
59
35
67
38
23
16
25
25
25
45
30
5
34
60
12
51
28
62
71
60
29
24
500
55
75
63
58
92
72
78
22
30
38
62
69
8
63
40
77
44
11
18
61
68
19
70
38
81
72
20
13
87
81
55
34
55
21
41
22
37
37
37
67
61
59
71
84
53
53
86
116
89
23
88
80
17
500
50
84
78
88
60
59
38
28
35
84
44
30
69
59
54
48
38
25
71
77
40
49
9
74
44
44
38
80
70
63
39
75
48
12
20
21
21
21
69
20
21
16
82
23
75
16
69
94
81
19
38
61
8
500
29
22
64
58
72
19
69
31
30
76
48
28
5
79
20
47
57
23
30
57
69
65
57
84
56
49
62
63
20
21
19
26
67
37
47
47
47
32
88
64
91
21
71
50
69
37
29
83
66
40
96
81
98
500
26
52
49
63
26
75
28
35
71
56
17
16
73
13
56
64
14
20
66
63
66
46
80
65
58
50
52
8
20
24
36
68
39
45
45
45
37
86
69
95
48
69
19
94
98
48
26
94
72
59
88
104
4
500
82
75
87
24
66
44
26
88
43
45
13
93
37
39
53
39
45
48
84
70
74
95
47
42
80
80
37
34
21
16
72
43
56
56
56
16
82
58
87
8
64
33
69
51
19
66
67
40
83
77
95
47
88
500
61
76
30
79
39
23
82
58
24
11
85
25
57
68
16
22
67
75
75
56
92
66
59
60
63
18
29
12
34
77
47
55
55
55
72
30
29
24
84
32
81
8
63
95
90
12
37
71
18
26
93
33
78
500
92
45
92
56
8
100
70
37
23
103
43
67
80
28
31
76
92
91
69
109
74
69
73
78
33
47
8
43
93
63
73
73
73
24
94
70
99
6
75
39
80
55
10
73
78
51
92
88
106
50
100
10
58
500
53
19
67
87
87
23
94
69
97
75
23
19
92
99
14
92
48
110
86
16
21
117
109
86
64
82
47
51
49
61
61
61
21
84
59
88
12
66
39
68
45
22
72
66
39
87
77
95
53
90
3
56
38
500
20
65
84
87
21
91
67
97
72
20
18
89
96
10
91
48
108
86
13
18
115
108
83
62
79
44
51
48
60
60
60
61
29
18
27
73
24
69
9
58
84
80
11
27
64
17
32
82
33
67
67
94
54
500
34
55
64
76
12
42
63
24
78
82
21
19
87
53
74
21
75
87
80
25
30
18
34
46
61
75
52
50
50
50
66
61
59
71
84
53
52
86
116
89
23
88
79
17
69
80
49
63
86
32
84
74
78
500
95
23
50
70
70
34
52
58
46
75
79
61
31
17
66
23
65
58
71
59
66
46
85
65
15
32
20
20
20
19
75
50
79
18
56
37
59
42
30
68
57
30
80
68
86
52
80
11
52
44
8
74
36
500
97
67
34
20
99
40
64
77
25
29
74
89
88
67
106
72
67
71
76
30
43
5
41
90
60
69
69
69
40
66
53
76
57
51
24
79
96
61
11
80
64
37
69
85
21
70
60
5
56
50
79
37
24
500
27
62
32
96
48
21
38
57
64
29
87
61
88
93
26
23
93
91
54
41
42
9
64
40
56
56
56
36
70
47
72
36
55
54
47
25
47
82
44
19
86
61
78
69
76
28
65
62
24
65
40
81
48
500
57
28
89
42
19
35
53
59
29
80
56
81
86
27
22
87
84
49
34
40
4
58
33
49
49
49
86
15
36
7
101
33
89
36
90
112
87
40
59
59
17
5
98
12
96
79
119
82
14
56
67
84
25
500
12
96
38
48
62
34
40
57
86
76
73
100
55
50
77
79
35
37
13
24
79
49
61
61
61
41
37
23
46
59
21
38
50
78
68
39
51
41
32
39
55
46
42
57
27
71
43
49
15
28
35
53
21
500
77
21
67
75
3
9
77
66
76
41
86
77
70
45
50
6
30
26
47
77
49
53
53
53
60
64
47
62
63
55
75
32
23
74
98
28
24
94
53
65
91
69
54
82
88
48
53
51
92
69
44
47
66
500
43
96
98
41
38
105
50
84
7
75
106
98
5
18
39
52
67
82
84
67
60
60
60
8
67
45
74
26
48
15
64
64
34
45
63
39
60
64
82
30
72
27
29
39
16
73
25
51
9
72
41
6
45
500
60
76
49
53
68
106
94
90
119
65
62
94
98
52
57
23
38
97
68
81
81
81
81
24
33
14
94
33
87
21
76
106
92
25
48
68
15
13
99
25
88
81
115
76
5
53
74
82
9
36
83
79
88
500
12
86
93
10
85
43
103
80
14
16
110
102
80
58
78
42
45
42
54
54
54
53
32
27
42
72
21
48
54
89
80
40
56
52
20
38
51
54
35
70
33
82
56
47
28
22
46
54
27
49
78
62
19
500
29
36
50
63
55
56
76
50
43
61
60
23
13
28
23
57
27
38
38
38
16
60
36
65
29
42
31
50
50
40
58
49
23
65
55
73
46
66
25
41
50
10
62
20
58
25
60
33
22
33
23
40
44
500
89
21
73
28
95
66
25
23
101
92
75
52
79
45
31
34
43
43
43
72
7
26
17
89
19
72
41
90
99
67
45
54
38
18
25
80
9
85
60
104
71
26
42
46
68
35
28
70
85
80
45
91
15
500
97
74
92
37
96
96
90
39
48
24
48
40
67
93
67
68
68
68
61
77
58
75
60
66
79
44
11
71
105
40
32
104
66
78
94
82
52
88
87
50
66
59
100
73
57
58
69
27
63
84
18
72
12
500
68
33
82
68
21
14
88
82
58
36
60
27
36
22
36
36
36
80
7
31
11
96
26
81
40
92
106
76
44
58
47
17
17
89
1
92
69
112
78
21
49
55
77
31
34
78
89
88
54
93
23
75
59
500
93
52
104
88
82
54
62
24
47
25
57
95
66
71
71
71
39
76
61
86
53
60
21
87
98
56
15
87
69
47
79
95
12
80
58
12
48
50
88
44
34
26
92
59
30
79
43
27
92
60
85
24
40
500
68
53
37
30
75
67
51
27
61
35
26
8
19
19
19
24
80
56
84
18
62
42
62
39
29
74
60
33
87
73
91
57
86
10
58
44
14
79
42
79
37
74
53
33
17
22
61
31
67
34
53
49
73
500
67
49
42
59
55
26
6
37
26
49
19
29
29
29
60
32
33
43
78
26
54
58
96
87
41
61
58
15
40
51
58
35
77
37
88
63
49
35
20
52
57
32
56
85
68
23
94
21
79
31
28
58
7
500
58
53
78
81
35
39
11
27
82
52
64
64
64
61
46
33
43
69
39
74
13
41
81
91
9
21
80
35
47
88
51
62
76
93
52
34
43
80
67
26
33
66
46
66
67
45
45
26
65
49
24
72
54
500
73
39
27
46
36
72
67
45
38
25
25
25
3
72
49
78
18
53
21
65
58
27
53
63
37
69
68
86
36
78
18
37
35
9
76
30
60
16
74
46
11
38
9
42
51
57
48
34
34
74
65
5
79
500
53
42
47
30
69
57
31
25
10
10
10
42
34
18
42
60
16
41
46
76
69
43
47
39
33
35
51
50
39
58
31
73
44
45
14
31
37
49
17
40
65
51
19
74
17
59
20
8
49
27
39
51
34
500
87
44
40
25
16
75
47
61
61
61
62
60
45
57
67
52
78
27
29
78
99
23
24
92
49
60
92
65
59
83
92
52
48
51
91
71
39
45
69
38
66
76
34
58
17
72
58
37
84
55
43
26
95
500
25
44
51
70
84
62
59
59
59
53
20
9
28
70
2
55
34
75
80
57
37
37
39
20
37
65
25
66
46
86
52
30
23
41
51
35
10
52
67
61
33
74
5
57
35
21
35
31
49
37
30
42
40
500
55
60
81
94
73
69
69
69
49
42
23
42
59
31
61
18
43
71
78
16
12
70
32
48
75
47
53
63
83
41
35
31
69
55
30
23
54
42
56
55
45
37
26
52
37
28
62
43
34
5
73
49
14
500
56
77
91
69
66
66
66
44
35
22
44
62
19
41
50
80
71
40
51
43
29
37
53
49
39
61
29
74
47
47
18
26
38
52
21
41
68
52
16
78
18
63
19
11
52
23
42
54
39
31
27
56
56
500
27
50
20
29
29
29
56
68
60
79
72
57
40
88
110
76
7
89
76
30
74
87
33
71
75
20
70
65
84
49
17
43
90
58
47
93
61
24
105
54
95
28
42
90
34
58
92
74
26
39
91
49
82
500
26
11
22
22
22
32
62
39
64
37
46
49
42
33
49
75
39
13
78
54
71
64
68
30
58
62
21
59
31
73
43
54
37
39
20
36
55
29
52
19
50
39
52
71
25
59
22
79
40
25
57
9
67
500
42
40
40
40
21
89
68
97
24
71
17
87
79
23
48
86
61
75
87
105
22
95
31
37
17
32
96
48
62
19
96
65
18
57
18
48
70
73
70
40
49
95
73
28
100
66
73
30
77
6
61
20
36
500
31
31
31
50
43
25
43
59
32
62
18
42
71
79
16
11
71
33
49
76
49
52
64
82
41
36
31
70
55
30
24
54
41
55
56
44
38
25
53
38
29
64
43
35
5
74
49
12
73
16
87
44
50
500
500
500
50
43
25
43
59
32
62
18
42
71
79
16
11
71
33
49
76
49
52
64
82
41
36
31
70
55
30
24
54
41
55
56
44
38
25
53
38
29
64
43
35
5
74
49
12
73
16
87
44
50
500
500
500
50
43
25
43
59
32
62
18
42
71
79
16
11
71
33
49
76
49
52
64
82
41
36
31
70
55
30
24
54
41
55
56
44
38
25
53
38
29
64
43
35
5
74
49
12
73
16
87
44
50
500
500
500
