5
30
44
88
87
71
3
27
90
67
37
41
29
25
54
29
35
90
26
62
49
58
97
11
75
5
65
34
27
2
52
86
0
0
0
0
0
500
67
68
38
57
35
15
25
28
73
34
70
67
28
39
17
27
45
91
78
23
42
28
33
43
53
32
18
51
18
52
52
52
52
52
101
500
65
55
77
59
73
42
57
8
72
7
2
65
65
75
67
38
60
29
73
97
38
45
91
13
50
50
33
53
28
28
28
28
28
69
39
500
78
9
15
37
43
22
78
80
70
72
73
9
64
73
76
58
62
70
40
48
28
29
62
24
38
78
35
42
42
42
42
42
43
82
46
500
51
42
65
41
43
36
84
27
32
76
45
79
78
59
32
16
81
82
42
33
73
31
36
46
57
47
13
13
13
13
13
58
66
27
56
500
70
63
42
63
53
30
57
50
27
76
46
30
12
103
76
39
91
37
58
91
41
61
47
17
51
60
60
60
60
60
14
91
70
32
82
500
18
37
38
85
33
82
78
30
47
11
28
53
103
90
20
40
40
44
45
65
43
31
60
30
64
64
64
64
64
84
53
71
38
64
51
500
25
34
70
25
68
64
19
47
13
18
37
95
78
16
52
26
37
53
50
38
22
44
23
53
53
53
53
53
58
45
36
24
40
33
63
500
48
17
68
12
10
61
56
69
63
37
56
27
68
88
31
37
82
8
41
42
33
44
20
20
20
20
20
91
45
15
74
23
36
12
26
500
40
70
32
34
62
33
63
63
49
45
30
65
68
27
17
60
26
21
30
48
31
5
5
5
5
5
45
65
57
2
62
54
84
66
45
500
48
32
25
42
64
56
44
14
79
51
52
88
25
43
85
16
47
39
9
43
38
38
38
38
38
37
65
45
23
56
51
71
60
52
61
500
35
31
40
44
46
41
26
69
46
46
70
8
24
65
17
28
21
27
24
25
25
25
25
25
94
23
51
52
38
25
70
38
7
41
73
500
58
100
53
100
101
86
8
31
103
90
66
51
79
58
52
66
84
66
38
38
38
38
38
73
32
38
33
34
22
63
36
16
39
59
54
500
63
88
79
65
32
90
58
74
114
51
67
110
33
72
65
25
69
56
56
56
56
56
81
23
23
48
16
8
45
19
27
21
44
59
43
500
41
87
89
75
21
29
90
78
53
38
68
49
39
53
74
53
27
27
27
27
27
97
5
38
60
21
11
52
19
23
22
58
76
49
29
500
96
97
81
12
28
99
87
61
47
76
54
48
62
79
62
33
33
33
33
33
55
50
26
35
37
35
52
42
44
42
40
32
42
25
45
500
57
75
94
91
49
11
53
44
16
76
40
39
81
36
66
66
66
66
66
92
21
20
63
0
13
32
4
39
5
38
69
58
34
22
67
500
19
84
61
31
67
12
32
65
30
35
21
24
25
39
39
39
39
39
41
62
44
19
54
48
71
58
48
59
58
23
33
29
56
13
40
500
60
35
57
76
18
25
70
10
30
29
31
32
16
16
16
16
16
86
17
26
53
14
2
45
16
25
18
48
65
45
21
13
60
38
35
500
52
76
113
50
65
108
30
69
64
27
67
52
52
52
52
52
92
60
26
82
38
50
14
41
74
38
8
69
86
62
61
74
83
19
88
500
40
48
15
13
44
38
13
3
46
3
32
32
32
32
32
32
96
62
59
80
81
80
85
89
84
60
23
77
70
92
38
83
78
71
44
500
49
48
56
56
72
55
41
63
41
75
75
75
75
75
42
65
54
7
61
53
81
65
47
66
70
30
26
31
59
15
34
73
19
48
43
500
47
37
15
70
33
33
76
29
59
59
59
59
59
41
81
46
53
64
66
64
68
77
68
44
21
69
57
77
35
73
62
65
28
6
51
500
55
49
75
54
42
69
41
75
75
75
75
75
119
38
41
92
29
40
28
26
63
24
46
95
87
62
43
95
78
25
93
57
80
130
50
500
7
74
34
39
83
35
60
60
60
60
60
27
76
54
25
66
62
79
70
62
71
64
11
44
43
70
4
52
73
38
43
29
37
57
79
500
29
64
56
13
59
52
52
52
52
52
79
29
42
38
35
22
65
37
10
39
64
61
25
10
22
51
17
55
33
51
61
89
60
58
30
500
38
47
90
43
60
60
60
60
60
56
90
51
72
71
76
62
75
91
74
41
40
86
72
88
53
90
62
83
34
22
65
37
67
90
57
500
47
89
43
55
55
55
55
55
26
91
59
50
76
76
80
81
83
81
60
14
69
63
86
29
75
76
63
43
20
35
54
82
72
33
45
500
10
37
42
42
42
42
42
56
49
42
18
45
37
69
49
32
50
60
38
21
15
43
28
25
60
22
41
44
65
55
64
26
27
12
64
500
58
90
90
90
90
90
100
39
22
79
20
33
13
20
59
17
27
76
76
52
41
77
71
4
81
37
60
111
30
4
82
79
52
8
64
500
62
62
62
62
62
67
45
11
49
27
31
37
32
48
31
27
44
53
31
42
45
52
30
55
12
31
78
22
36
59
46
22
34
32
55
500
500
500
500
500
67
45
11
49
27
31
37
32
48
31
27
44
53
31
42
45
52
30
55
12
31
78
22
36
59
46
22
34
32
55
500
500
500
500
500
67
45
11
49
27
31
37
32
48
31
27
44
53
31
42
45
52
30
55
12
31
78
22
36
59
46
22
34
32
55
500
500
500
500
500
67
45
11
49
27
31
37
32
48
31
27
44
53
31
42
45
52
30
55
12
31
78
22
36
59
46
22
34
32
55
500
500
500
500
500
67
45
11
49
27
31
37
32
48
31
27
44
53
31
42
45
52
30
55
12
31
78
22
36
59
46
22
34
32
55
500
500
500
500
500
