2
50
33
33
49
78
12
34
31
38
4
49
93
11
5
44
42
57
59
73
70
61
36
36
51
54
86
43
83
67
71
13
32
32
17
78
10
13
25
52
27
67
43
89
9
85
66
58
60
88
4
50
0
0
500
56
90
75
74
104
64
53
78
69
19
74
22
58
47
25
108
71
108
83
88
28
83
35
110
49
109
24
6
79
16
27
74
53
39
80
78
85
80
98
11
54
68
58
83
60
37
89
29
71
54
54
12
500
53
67
76
74
50
18
58
50
37
80
34
59
15
20
86
29
82
50
46
46
58
10
87
10
85
53
41
44
37
41
32
66
44
79
70
43
70
76
38
13
28
38
62
24
34
53
13
54
14
14
44
58
500
70
70
96
58
46
71
63
15
71
17
54
40
17
102
63
101
76
81
25
76
27
103
41
102
25
10
72
16
22
67
51
34
76
73
78
75
91
12
47
60
51
77
52
31
81
22
65
47
47
34
39
5
500
81
89
59
33
70
61
31
84
30
64
28
16
99
44
96
65
59
42
71
14
100
25
98
47
27
60
22
38
47
67
45
85
78
58
79
89
23
25
44
49
74
39
37
69
9
64
30
30
18
59
20
61
500
11
45
63
31
38
89
69
86
62
67
86
11
69
1
35
82
86
25
81
10
72
5
98
111
42
112
84
69
79
72
55
44
67
39
13
111
83
58
50
25
58
71
36
88
37
69
69
38
82
41
85
65
500
19
38
33
27
28
34
26
14
34
35
63
61
64
51
82
23
41
38
65
42
64
34
52
51
58
22
63
23
9
35
31
72
33
53
54
57
50
21
39
41
14
58
41
27
45
45
76
10
45
88
70
63
500
59
84
76
26
80
29
65
53
31
115
75
114
89
92
34
89
39
116
53
115
29
5
85
14
33
78
59
46
87
85
89
87
104
10
57
73
64
90
65
43
94
34
78
59
59
51
99
81
24
39
51
101
500
72
64
13
69
16
53
43
21
103
68
102
78
86
22
77
31
104
45
103
20
11
75
20
21
71
48
33
75
72
82
74
92
15
52
64
52
78
55
31
84
27
65
51
51
79
40
68
62
56
63
67
48
500
56
16
48
18
36
49
33
92
76
93
77
97
8
70
42
94
54
94
4
33
75
42
12
79
27
21
56
57
90
60
82
37
65
69
47
69
59
26
83
41
56
59
59
87
35
53
109
89
78
30
27
90
500
15
71
18
55
44
21
104
68
103
79
86
24
79
31
106
45
105
22
9
75
18
23
71
50
35
77
74
82
76
93
13
51
64
54
79
56
33
85
26
67
51
51
16
54
20
51
29
12
42
63
81
67
500
18
57
20
61
66
45
81
51
58
102
51
39
69
47
69
49
60
84
61
90
52
83
32
40
5
9
88
13
38
86
84
69
39
33
62
46
64
73
28
69
69
20
84
55
37
29
29
77
94
93
70
44
500
67
71
35
56
65
15
57
23
26
75
42
47
65
33
61
85
81
17
78
70
13
86
66
83
69
12
66
58
79
35
14
42
49
23
57
20
53
50
27
27
27
43
25
44
22
12
42
53
65
52
30
43
500
33
61
73
27
76
33
47
95
63
28
72
29
69
31
73
93
53
98
63
77
49
50
22
12
81
9
21
95
83
64
39
21
59
53
53
77
23
68
68
2
68
34
48
30
16
56
77
90
72
45
68
74
500
32
17
84
59
83
63
80
10
59
26
85
37
84
19
30
60
36
5
62
34
15
57
53
73
55
73
32
48
52
34
59
43
12
69
25
46
42
42
47
64
27
90
67
50
35
67
109
101
79
89
72
36
500
38
78
75
80
68
96
13
58
45
80
53
80
20
47
68
55
17
77
13
12
41
42
87
45
68
50
67
65
38
56
55
22
75
46
43
57
57
44
73
33
89
68
50
46
77
115
105
81
94
81
34
41
500
64
39
62
37
61
33
37
22
65
21
64
44
49
35
51
29
42
45
23
52
43
51
43
53
49
36
29
13
39
20
15
43
27
28
23
23
30
45
33
37
16
14
48
56
59
44
22
37
49
29
30
27
500
83
85
76
104
20
64
54
83
62
84
22
51
76
60
24
86
9
21
40
44
95
48
72
55
75
73
46
61
64
31
82
54
49
66
66
63
12
32
80
60
52
19
15
66
70
61
51
21
54
25
71
51
500
72
63
94
20
52
46
72
53
72
28
53
63
60
21
75
12
12
33
34
84
37
60
56
67
62
33
49
53
22
70
48
36
56
56
39
86
68
17
26
38
88
97
80
55
33
63
89
49
68
15
75
77
500
54
26
70
69
34
96
26
93
77
61
47
54
65
22
90
67
99
88
31
87
86
57
12
30
55
74
34
57
54
36
69
25
25
39
60
21
82
59
42
34
65
103
94
72
82
69
28
29
68
3
13
21
500
89
45
96
42
125
55
123
42
12
89
10
44
78
71
56
98
95
90
97
112
11
56
75
72
98
69
52
98
36
86
61
61
30
54
41
28
7
16
58
65
60
41
15
39
57
32
39
17
55
62
38
27
500
30
33
30
60
30
59
42
53
38
56
27
49
37
18
43
34
58
35
48
54
45
36
9
34
27
13
45
35
22
32
32
27
65
48
20
5
19
67
76
67
45
19
48
68
34
47
7
59
64
41
33
34
500
8
58
31
48
27
80
89
20
90
65
47
67
55
53
39
48
35
21
88
60
35
29
14
34
51
18
64
23
45
45
21
62
42
28
8
12
61
73
71
50
24
50
66
27
41
14
52
57
33
37
40
65
500
58
40
46
36
86
91
12
90
71
38
77
62
65
51
36
48
33
90
54
29
35
27
32
56
5
64
34
41
41
26
67
49
21
6
19
68
77
69
47
21
50
70
34
48
7
59
63
40
35
36
65
47
500
76
51
76
23
48
64
55
17
74
14
10
38
38
83
41
64
51
65
62
34
52
52
20
71
45
39
55
55
11
59
29
43
22
6
51
68
79
62
36
57
64
12
31
29
37
42
18
47
54
71
60
76
500
66
20
79
97
45
100
68
71
58
55
33
22
73
17
9
97
80
58
38
13
54
56
43
77
22
64
64
51
36
44
43
30
35
52
47
40
31
23
18
36
49
38
39
64
73
51
18
34
30
26
58
53
500
55
86
84
12
82
71
19
84
65
79
65
17
62
52
82
40
16
40
44
24
57
14
56
46
31
31
70
53
69
44
44
55
75
63
21
10
29
11
50
71
63
47
89
98
74
14
23
23
4
75
75
26
500
89
94
15
94
74
40
80
65
67
53
38
49
32
93
58
32
38
28
35
60
7
68
36
45
45
41
74
34
87
66
49
47
78
115
103
79
93
82
32
42
73
12
3
27
88
98
103
100
80
58
93
16
500
79
37
74
77
11
97
75
99
87
11
84
78
76
28
25
56
68
34
66
41
52
67
31
31
83
40
70
67
61
67
68
46
17
35
49
18
33
80
62
68
91
101
81
35
48
3
29
58
64
50
103
41
500
54
70
33
71
21
20
23
19
78
22
46
66
67
57
26
35
48
26
59
54
23
54
54
30
86
62
27
27
33
83
97
88
63
39
69
90
41
64
20
66
68
49
53
49
85
64
106
91
44
56
100
55
500
80
85
21
107
85
109
96
18
94
87
82
35
35
66
77
43
75
49
59
77
40
40
16
82
44
59
43
32
66
90
105
86
59
83
88
21
50
46
37
34
25
72
76
97
84
96
76
71
21
96
20
37
500
75
10
95
73
98
85
11
83
77
74
26
24
55
67
32
64
40
50
66
28
28
68
16
35
86
66
57
17
15
72
76
67
57
24
58
29
77
52
63
53
64
81
56
70
18
8
79
71
23
69
94
69
500
23
92
73
85
71
17
68
55
89
46
24
48
49
32
65
17
63
52
38
38
55
42
52
40
32
40
60
52
33
23
21
12
41
55
46
39
72
81
58
11
28
27
18
64
60
27
79
51
76
63
67
43
500
75
52
84
74
33
73
76
48
4
22
41
62
22
42
48
24
56
11
11
88
27
54
104
85
77
34
16
79
89
85
68
30
78
49
96
70
80
73
79
96
63
83
4
23
95
90
21
88
114
88
30
19
500
28
67
66
87
69
89
25
59
68
51
75
59
29
85
34
62
56
56
62
36
54
49
40
46
58
46
29
27
29
8
34
60
47
47
74
84
62
18
35
19
20
58
57
35
83
44
81
71
72
39
45
23
500
15
20
90
24
50
75
79
69
38
41
60
37
69
64
32
66
66
12
57
27
44
22
5
49
66
78
62
36
57
63
11
29
30
36
41
17
47
55
70
59
74
57
50
35
71
33
39
22
48
60
29
22
500
95
17
92
85
81
33
33
64
76
42
73
48
58
75
38
38
15
75
36
61
43
29
58
83
102
85
59
80
82
15
42
48
28
27
17
70
76
93
83
88
68
71
14
89
13
44
2
65
76
53
37
96
500
96
53
77
51
75
75
49
66
65
31
86
53
53
67
67
88
54
81
64
63
72
82
62
1
27
48
21
48
87
74
67
102
111
89
34
42
14
24
73
78
46
111
57
108
92
99
62
63
48
75
16
82
500
19
17
84
65
43
23
3
39
44
33
63
10
49
49
76
10
46
88
70
63
31
2
62
71
68
51
13
67
39
80
65
76
64
62
79
47
65
13
22
78
83
9
81
100
79
17
6
54
80
46
21
33
500
58
74
84
75
44
50
67
40
77
67
40
72
72
42
79
66
5
21
37
84
90
69
43
22
52
80
51
64
10
76
80
58
35
28
68
44
101
89
23
71
91
69
25
56
75
86
34
20
72
102
71
71
500
56
80
79
52
67
69
36
89
58
55
71
71
66
52
66
41
40
51
72
62
24
11
25
10
49
67
60
44
85
94
70
10
22
24
5
74
72
24
91
59
89
68
78
55
61
27
52
29
80
61
87
17
500
13
39
56
79
38
51
64
25
71
28
28
37
33
10
62
40
27
23
41
72
65
47
51
41
28
4
51
32
42
25
50
64
59
60
48
30
61
45
47
43
65
40
23
35
33
46
61
45
10
38
51
64
500
4
35
48
13
47
27
41
46
16
16
63
28
50
56
44
47
51
38
33
35
35
15
25
59
42
52
71
81
60
26
43
20
29
50
49
43
82
36
79
76
72
32
37
26
56
22
56
42
76
12
28
66
500
29
55
29
16
57
12
45
26
26
73
7
48
79
63
59
37
13
51
60
59
39
2
66
40
73
68
79
64
51
68
35
54
25
31
68
84
11
82
94
78
18
14
46
74
35
33
35
77
34
52
62
36
500
68
29
56
47
38
64
21
21
47
30
13
74
52
39
11
35
77
74
58
58
38
37
9
63
32
43
32
59
74
63
68
39
19
71
50
42
48
77
47
18
28
43
58
64
34
2
42
56
71
26
61
52
500
83
52
97
77
60
87
87
34
61
49
19
6
22
66
72
59
37
11
40
63
39
47
11
63
69
45
25
27
55
36
82
71
22
62
73
60
35
47
56
67
16
17
59
84
53
60
45
45
61
51
46
8
500
48
58
25
66
22
22
48
49
17
85
62
46
20
52
97
91
72
77
58
36
22
72
17
27
29
76
89
83
86
53
30
86
38
59
37
80
42
38
45
59
65
84
44
22
30
75
90
12
81
71
64
82
500
101
83
64
92
92
54
15
29
67
48
41
25
24
58
58
48
40
21
46
21
59
50
60
44
45
62
44
52
34
25
60
65
29
63
78
59
8
19
34
58
45
36
17
58
37
53
44
42
33
51
54
8
500
77
22
67
67
59
65
68
23
30
46
80
76
41
15
15
28
64
63
64
30
85
92
68
13
4
43
17
88
82
5
86
75
84
53
72
65
74
27
40
47
92
68
84
35
26
82
39
38
33
3
63
23
500
86
61
61
42
79
39
88
68
51
53
84
119
107
82
97
88
34
47
74
18
7
29
91
100
107
103
86
64
95
14
91
15
72
28
68
77
73
64
110
77
51
13
98
109
24
105
95
67
94
61
74
75
500
51
51
84
31
66
75
65
68
61
36
28
46
55
27
23
79
58
73
88
98
79
43
58
14
40
46
55
59
101
30
99
97
92
40
39
48
78
11
57
56
95
20
34
83
17
17
70
53
45
56
54
59
500
500
84
31
66
75
65
68
61
36
28
46
55
27
23
79
58
73
88
98
79
43
58
14
40
46
55
59
101
30
99
97
92
40
39
48
78
11
57
56
95
20
34
83
17
17
70
53
45
56
54
59
500
500
