2
40
3
64
22
44
37
45
79
48
12
64
98
82
64
23
43
63
20
81
6
52
73
66
61
19
28
3
36
2
27
40
61
30
82
4
6
12
58
27
30
52
0
0
500
25
77
75
40
37
46
85
26
37
31
73
76
11
61
66
72
39
25
28
11
21
91
77
72
26
36
61
65
20
19
52
69
19
59
93
53
63
27
40
55
55
32
500
49
59
78
23
71
36
31
76
87
33
26
63
47
84
45
68
49
39
46
57
49
30
17
83
71
28
52
66
64
64
24
72
59
43
41
49
61
45
39
39
56
40
500
75
42
36
47
85
24
38
31
71
76
11
62
68
70
41
26
27
11
22
90
76
71
27
38
59
65
20
18
53
69
19
60
92
51
63
25
40
55
55
50
18
64
500
70
27
69
67
17
67
61
37
57
38
63
87
37
64
43
9
29
46
78
60
42
58
64
25
68
37
36
69
53
45
69
74
20
65
30
49
54
54
20
54
57
37
500
55
102
74
50
101
91
16
65
68
88
119
4
97
76
40
63
80
90
70
40
88
98
15
93
64
64
100
66
74
97
80
17
90
54
79
79
79
23
49
70
59
73
500
27
73
27
24
47
77
66
33
42
46
81
20
5
40
17
4
75
65
69
42
20
66
45
42
40
31
57
39
38
80
64
43
47
20
38
38
28
16
32
58
30
53
500
22
54
73
103
70
22
84
22
64
84
61
53
69
63
61
18
17
47
98
67
67
24
90
88
48
17
92
36
27
79
22
89
39
21
21
16
19
40
55
40
41
43
500
22
73
73
28
46
49
59
89
33
68
47
21
37
52
69
49
30
69
69
17
64
49
48
70
43
57
68
63
22
61
43
49
50
50
27
61
62
36
67
14
23
70
500
92
108
43
11
85
50
92
58
82
66
61
67
74
34
16
18
104
86
44
54
88
87
73
18
94
64
23
60
51
84
57
44
44
14
36
34
37
37
35
25
55
40
500
77
24
45
53
61
92
30
72
51
25
41
56
68
49
26
73
73
14
66
53
52
73
43
61
70
62
22
63
46
52
52
52
37
33
75
83
74
47
69
18
20
45
500
63
84
19
81
92
57
65
48
21
30
46
103
86
71
35
62
51
85
11
11
77
79
21
82
102
37
82
1
61
73
73
66
49
31
77
23
92
74
73
62
93
73
500
83
22
61
55
87
29
24
44
22
16
94
83
84
24
24
75
63
32
31
45
75
26
55
99
68
62
41
39
56
56
31
54
33
18
39
42
12
74
60
44
46
36
500
65
85
115
7
93
72
36
59
76
88
68
38
84
94
12
90
61
60
96
64
71
94
79
14
86
51
75
75
75
59
48
19
66
12
84
63
74
61
85
68
79
108
500
10
45
98
49
47
75
62
55
32
37
65
94
55
81
7
91
89
32
35
91
19
46
90
9
92
32
19
19
31
57
78
63
80
14
50
55
49
12
26
76
20
18
500
19
114
13
34
73
50
31
85
82
97
59
14
98
48
70
68
22
76
64
35
96
97
48
77
36
50
50
47
32
79
93
76
61
80
7
19
59
35
110
70
61
72
500
86
26
20
43
21
12
90
80
81
27
21
74
59
34
33
41
72
28
51
95
68
58
42
35
53
53
50
17
54
86
48
75
76
31
26
74
48
104
93
88
86
47
500
48
28
28
26
35
57
41
38
63
50
38
44
50
48
48
33
54
46
57
43
41
47
28
30
30
18
49
45
29
50
25
15
64
50
27
31
45
50
54
29
73
22
500
66
31
53
70
85
66
37
79
88
10
85
55
55
90
61
65
89
77
9
82
46
70
71
71
17
21
54
63
54
37
50
28
16
37
10
80
55
51
49
39
57
44
500
26
7
18
72
58
57
44
35
51
49
35
34
42
51
37
46
75
49
46
37
25
38
38
56
28
43
83
36
82
75
48
40
82
57
99
103
99
92
64
80
89
29
500
38
41
117
103
96
4
49
81
89
21
22
71
95
11
81
119
68
87
32
64
80
80
49
69
33
16
41
59
23
90
76
61
63
27
83
88
59
102
20
63
87
72
500
22
57
48
59
60
30
63
28
56
55
23
41
56
24
63
66
26
59
3
19
19
41
73
62
24
69
31
18
86
74
33
52
32
49
58
25
93
19
31
91
53
89
500
77
61
52
45
48
41
59
30
28
55
53
35
58
77
36
56
28
37
46
46
35
67
57
22
63
28
13
80
67
30
46
34
49
56
24
87
16
30
85
48
82
28
500
38
53
70
40
61
21
64
63
27
32
65
22
53
67
18
66
10
9
9
50
68
97
85
99
36
71
57
57
33
40
97
23
11
42
51
77
35
76
27
88
87
30
500
59
56
29
61
32
52
50
26
43
52
28
66
63
30
55
7
23
23
8
35
55
53
57
23
39
42
31
23
8
69
44
42
34
49
45
30
51
16
54
52
27
42
500
65
49
41
40
53
51
45
31
56
42
54
46
37
51
25
26
26
12
29
55
58
56
29
44
35
24
28
3
75
48
45
40
43
51
36
44
16
49
56
33
48
52
500
63
47
34
73
72
51
10
77
42
34
58
31
71
34
22
22
28
56
73
57
77
9
44
57
49
6
25
70
21
23
18
59
50
12
70
18
76
60
7
45
54
35
500
76
78
21
20
61
86
11
71
110
65
77
31
53
70
70
14
30
33
42
35
38
31
50
35
39
26
60
63
63
46
62
37
46
49
37
44
37
44
36
35
37
51
500
23
91
89
19
59
88
15
72
103
26
95
35
35
35
11
24
48
56
49
34
42
36
22
34
11
73
54
52
45
46
49
41
40
23
43
53
39
47
49
21
45
26
500
55
54
63
33
62
60
54
32
52
50
43
41
41
56
56
9
51
12
78
51
82
67
79
68
63
103
105
83
97
52
84
69
80
52
41
85
56
45
77
66
59
111
500
49
35
79
43
48
101
84
58
59
38
56
56
24
17
56
69
54
44
56
22
9
43
16
86
61
56
55
34
63
51
29
26
37
65
47
60
62
13
34
17
62
57
500
65
92
15
75
116
71
81
35
58
75
75
18
51
52
34
57
17
20
63
51
19
29
49
43
47
22
70
26
23
69
33
68
35
24
22
30
43
72
54
52
57
48
500
47
81
3
62
91
14
86
24
22
22
25
21
60
71
59
43
58
21
10
42
15
88
58
52
54
31
65
49
31
23
41
68
45
62
65
9
37
21
59
61
46
41
500
77
28
39
69
16
74
24
7
7
43
51
10
36
18
62
35
76
61
64
56
50
88
91
67
90
36
69
68
68
54
26
69
40
29
67
66
55
97
15
21
20
79
500
76
49
37
65
67
62
56
56
19
40
66
62
67
22
48
40
32
21
9
77
37
33
34
43
55
28
53
5
60
62
24
50
57
18
58
41
39
69
55
47
39
65
500
76
39
53
30
33
44
44
56
23
65
95
59
78
84
26
26
77
50
112
94
88
89
40
90
85
5
59
19
88
81
89
87
43
5
19
94
63
49
52
31
60
76
500
68
33
83
43
27
27
58
25
62
95
56
81
85
32
30
81
54
112
99
93
93
46
90
89
11
64
15
88
85
90
87
48
4
22
99
60
47
51
37
58
75
35
500
47
110
65
47
47
22
31
26
42
28
45
32
54
39
46
33
59
70
71
53
67
37
53
50
45
42
35
52
38
34
43
50
35
77
29
17
7
57
25
28
36
56
500
76
36
50
50
71
47
95
116
90
85
103
25
39
84
59
133
93
83
97
22
110
91
33
61
53
112
86
107
109
45
38
43
88
94
79
78
24
91
104
43
72
52
500
56
50
50
64
51
25
71
18
89
69
76
64
90
72
85
114
113
96
92
71
96
59
85
40
62
96
74
64
78
54
53
120
20
27
36
81
22
41
65
98
94
84
500
29
29
59
49
17
63
11
83
61
75
62
84
68
77
108
108
90
91
63
90
60
81
42
54
90
66
56
75
56
52
114
12
21
30
80
14
33
63
93
91
79
75
500
500
59
49
17
63
11
83
61
75
62
84
68
77
108
108
90
91
63
90
60
81
42
54
90
66
56
75
56
52
114
12
21
30
80
14
33
63
93
91
79
75
500
500
