4
50
58
98
69
50
54
20
62
61
83
74
73
24
12
31
76
23
13
14
17
26
99
74
90
85
21
5
44
88
90
85
27
71
30
24
46
32
15
95
20
12
44
96
60
74
80
82
11
13
20
6
0
0
0
0
500
61
46
82
62
76
76
43
22
60
74
49
56
97
46
97
72
30
55
3
42
50
65
99
27
39
86
58
38
76
62
48
67
72
51
19
19
45
52
81
33
40
36
80
73
48
64
64
72
96
61
61
61
61
70
500
58
59
67
40
22
60
49
56
4
59
47
32
39
32
45
49
19
70
48
21
54
28
44
50
20
59
61
52
9
47
58
30
61
60
90
26
33
60
41
39
40
21
57
23
11
19
30
25
50
50
50
50
80
57
500
57
66
37
25
60
52
60
4
59
47
28
39
27
43
50
20
73
48
24
58
25
46
51
21
58
65
50
12
47
57
28
65
62
92
29
37
58
44
43
41
24
55
27
11
23
27
22
54
54
54
54
1
23
52
500
55
67
70
36
15
58
66
41
48
88
37
88
63
21
46
10
33
42
63
91
19
30
79
50
39
67
54
39
59
63
51
11
27
37
47
72
27
35
27
73
64
41
56
57
63
87
58
58
58
58
11
30
61
35
500
35
89
26
61
105
71
21
23
70
37
71
27
44
54
72
32
58
107
86
59
34
88
13
94
22
63
28
11
42
103
51
82
57
83
20
69
77
46
90
15
64
58
80
42
82
102
102
102
102
73
52
66
66
69
500
26
55
29
35
29
57
50
58
36
57
56
37
22
49
43
16
35
52
25
44
37
60
35
63
20
46
64
46
37
45
68
16
10
71
17
13
30
30
65
9
26
14
46
50
30
30
30
30
43
34
88
11
55
33
500
15
51
99
76
14
27
82
35
82
40
34
56
56
27
57
101
95
50
26
93
17
84
38
65
26
25
52
94
37
64
54
79
38
62
71
40
92
32
62
62
80
52
90
96
96
96
96
89
66
93
71
89
79
37
500
49
72
23
43
30
29
27
29
24
41
17
70
35
24
71
38
44
38
40
40
71
31
19
32
38
9
74
54
88
28
47
39
46
49
34
42
36
31
13
37
9
34
67
67
67
67
75
52
82
58
75
65
24
29
500
11
47
78
73
77
59
76
80
56
45
54
64
39
12
66
40
64
47
83
24
87
42
68
87
69
17
59
71
39
13
95
28
19
50
37
89
32
48
27
69
65
6
6
6
6
9
20
43
38
8
14
48
45
29
500
74
68
71
101
58
101
85
45
59
20
57
53
48
98
34
55
82
76
19
90
63
63
84
81
31
38
31
48
43
96
30
33
47
74
89
48
67
58
81
95
44
44
44
44
72
53
62
68
67
65
34
20
90
83
500
28
29
73
44
74
31
51
61
78
39
65
114
90
66
41
94
20
101
25
69
35
16
46
110
58
88
64
90
21
77
84
53
96
19
71
64
86
47
86
109
109
109
109
48
49
8
71
35
51
62
46
67
88
34
500
19
74
28
75
33
30
48
55
20
50
96
87
46
21
86
10
80
32
58
19
19
44
90
35
65
48
73
33
57
65
35
85
26
56
55
73
45
83
91
91
91
91
44
26
44
46
39
37
26
11
62
63
3
56
500
62
8
62
35
8
24
38
10
23
66
68
17
10
61
29
53
40
33
14
35
35
61
21
55
19
43
47
28
36
5
59
39
27
33
44
35
64
61
61
61
61
70
47
78
53
70
60
19
25
85
65
37
57
15
500
49
104
73
34
63
17
43
59
79
108
37
40
97
56
52
76
71
49
65
76
65
21
16
54
65
80
45
53
42
91
72
58
72
75
77
104
75
75
75
75
83
64
69
78
77
76
44
32
101
93
42
85
25
74
500
27
25
43
18
71
37
25
71
37
45
40
38
42
72
32
19
34
40
10
75
56
89
28
47
40
47
49
35
41
37
31
13
37
10
32
67
67
67
67
64
52
106
31
76
54
50
69
64
19
71
20
76
98
92
500
81
41
57
15
53
51
51
97
30
51
82
71
22
86
62
59
80
78
35
33
27
46
44
92
29
33
43
74
85
47
66
58
78
94
47
47
47
47
29
39
24
59
15
36
62
52
45
74
38
70
86
10
60
74
500
38
54
13
50
48
51
95
27
47
79
68
23
83
59
56
77
75
35
30
28
43
42
89
26
31
40
72
81
44
63
56
75
92
47
47
47
47
61
53
27
75
50
60
55
36
81
92
30
85
61
36
26
54
68
500
70
17
54
65
77
114
43
51
102
68
49
87
78
60
78
86
61
31
4
60
67
92
48
55
51
95
84
64
80
79
87
111
73
73
73
73
72
49
85
51
74
61
20
32
85
61
43
53
20
83
46
15
36
69
500
53
12
26
76
62
32
15
59
20
66
25
32
9
23
22
73
34
69
25
51
32
40
47
18
59
25
33
29
48
22
58
71
71
71
71
62
50
38
70
53
59
46
26
82
88
25
80
49
44
14
42
56
21
80
500
45
18
54
31
41
47
23
56
59
50
6
44
56
29
60
57
87
23
32
58
38
37
36
24
55
21
8
18
28
28
50
50
50
50
27
5
59
19
33
16
26
32
41
36
27
30
59
51
55
47
75
50
36
34
500
34
78
76
28
3
71
19
63
35
43
8
27
37
72
22
56
30
55
40
39
47
16
69
32
38
41
56
38
72
73
73
73
73
75
54
102
44
81
63
33
52
83
47
60
41
45
97
70
41
59
87
78
32
30
500
49
68
4
27
56
47
35
57
31
32
53
46
43
23
50
14
27
64
10
18
14
51
57
18
34
35
46
65
44
44
44
44
69
51
54
68
62
63
38
20
88
84
27
77
33
59
4
27
40
37
85
76
82
22
500
11
72
71
29
72
90
57
37
65
68
37
89
86
118
54
62
63
70
69
65
38
63
53
34
46
37
9
76
76
76
76
67
49
101
33
76
55
37
57
71
31
62
27
58
94
78
52
74
89
66
17
14
87
29
500
41
16
81
9
76
30
53
14
18
41
86
32
64
43
68
33
53
61
30
81
25
51
50
68
41
79
86
86
86
86
77
56
105
45
84
65
36
56
84
46
64
41
49
100
74
45
63
91
79
32
29
87
34
63
500
45
29
51
68
42
13
41
49
20
69
59
91
27
41
50
45
45
38
32
47
28
8
29
19
26
60
60
60
60
45
34
88
11
57
35
40
56
47
9
55
2
71
79
79
61
87
79
42
8
16
83
27
70
13
500
53
63
21
70
35
48
68
57
27
36
53
23
16
78
6
4
29
45
71
20
40
29
57
66
28
28
28
28
43
27
42
47
38
37
28
12
62
64
1
57
46
41
27
35
59
27
59
59
66
27
33
24
61
34
500
7
87
24
59
21
11
41
96
43
74
51
77
24
63
70
40
86
18
59
55
75
41
80
96
96
96
96
50
30
81
22
57
39
19
38
59
31
42
24
49
75
60
39
65
69
54
20
25
68
9
50
20
39
48
500
67
30
43
5
22
34
76
27
61
32
57
35
43
51
20
70
27
40
41
57
35
71
76
76
76
76
51
29
76
27
56
40
11
30
63
39
36
31
41
71
52
31
58
63
58
28
33
61
5
42
28
40
47
42
500
44
46
16
35
45
67
13
47
31
53
49
35
44
16
71
41
39
45
57
45
77
70
70
70
70
58
48
29
70
47
56
50
30
77
87
24
80
57
36
23
49
64
13
76
83
90
6
57
30
85
52
48
67
14
500
36
65
83
64
24
59
75
35
10
90
28
19
48
31
85
28
42
20
64
58
12
12
12
12
88
67
78
79
84
80
44
35
105
92
47
84
17
83
26
22
16
61
102
81
85
45
56
22
80
77
79
27
54
76
500
32
53
54
48
11
38
26
39
66
20
28
17
64
58
31
46
48
54
77
53
53
53
53
62
42
92
30
69
50
27
47
69
34
52
28
50
87
68
43
66
80
64
20
20
78
20
57
16
51
60
47
67
32
82
500
80
49
72
84
112
50
47
79
61
57
64
18
77
45
35
32
49
15
58
58
58
58
23
46
59
53
27
34
75
74
18
62
63
61
106
45
90
95
121
64
22
71
79
80
68
88
76
35
31
111
62
51
58
44
500
58
36
24
40
26
29
75
11
18
25
58
67
27
46
41
59
75
41
41
41
41
74
51
89
51
77
63
22
36
87
60
47
53
23
87
50
19
38
73
82
47
48
65
29
38
44
62
68
19
61
51
78
75
89
500
24
37
40
40
32
91
21
22
41
63
84
39
58
48
74
85
35
35
35
35
65
42
79
46
67
54
13
26
79
57
37
49
23
77
42
14
40
63
74
45
48
56
23
31
43
53
59
24
51
44
68
64
80
68
500
66
97
33
44
54
50
49
44
29
52
32
14
29
24
18
61
61
61
61
31
8
61
19
36
19
22
30
44
36
27
29
55
54
53
44
72
51
40
33
41
54
15
45
36
19
27
59
39
15
51
41
75
34
30
500
18
50
61
77
42
50
38
88
69
55
69
72
73
101
72
72
72
72
58
35
74
39
61
47
6
23
72
52
32
44
29
72
43
19
46
59
68
40
45
54
16
31
40
47
52
31
47
38
64
59
78
61
46
49
500
27
42
48
45
45
37
33
45
28
8
30
18
27
60
60
60
60
45
22
70
25
49
33
11
27
57
39
30
31
44
64
50
33
61
57
53
30
36
56
3
40
31
33
40
46
45
23
60
52
79
48
39
45
28
500
31
50
25
29
16
41
44
13
15
28
27
47
51
51
51
51
18
41
60
47
26
29
70
70
12
55
59
55
102
47
87
90
117
64
16
64
72
78
62
85
70
30
27
106
60
45
58
43
87
16
46
57
68
44
500
37
57
66
35
87
29
57
57
74
48
86
91
91
91
91
24
7
48
30
25
17
30
28
42
48
19
41
59
40
48
47
74
38
39
46
54
45
27
43
49
14
17
65
28
26
38
28
63
27
16
27
46
2
35
500
63
64
52
45
44
46
26
46
19
24
78
78
78
78
21
30
72
25
35
19
56
63
14
31
55
31
89
60
84
78
106
70
9
41
48
80
45
78
46
23
29
92
61
24
66
51
95
22
47
59
45
36
70
29
500
18
43
56
86
35
55
41
73
80
26
26
26
26
44
21
68
25
48
33
10
25
57
40
28
32
44
63
48
32
60
55
52
31
38
55
5
39
33
32
39
46
43
23
58
50
78
47
38
44
29
22
47
61
42
500
30
32
67
10
28
16
48
52
28
28
28
28
22
21
70
14
35
14
44
52
25
25
46
23
78
59
74
66
94
65
20
32
40
73
34
68
37
18
26
80
55
13
62
48
90
25
42
53
35
27
63
35
40
96
500
90
87
59
77
73
86
107
65
65
65
65
46
27
80
16
54
35
23
40
54
26
43
19
54
73
63
44
71
69
49
16
23
70
11
53
18
36
45
54
57
17
70
60
92
50
49
57
15
31
62
63
27
71
62
500
90
37
44
21
66
50
22
22
22
22
79
56
87
60
80
69
27
34
94
71
47
63
11
87
43
13
27
71
89
58
59
60
37
32
55
68
73
9
60
59
77
76
84
82
63
62
53
54
59
96
65
26
81
5
500
20
40
28
58
65
25
25
25
25
89
66
96
69
90
79
37
44
103
78
57
71
14
97
50
21
23
80
99
65
65
68
47
40
62
78
83
3
69
68
86
85
92
92
73
72
60
65
68
106
71
20
91
13
48
500
74
68
85
103
57
57
57
57
25
34
76
26
39
23
58
66
15
30
58
31
92
63
87
80
108
73
11
41
48
84
47
81
46
27
33
94
65
26
70
55
98
26
51
63
45
39
73
32
46
109
51
83
67
24
500
39
83
74
8
8
8
8
62
51
105
29
74
52
50
69
61
17
70
18
77
96
91
69
93
96
56
12
7
98
39
81
11
55
65
74
84
33
96
84
119
65
74
84
14
56
90
76
1
92
84
68
28
32
109
500
46
23
46
46
46
46
63
59
20
81
50
64
65
46
82
99
38
92
72
32
37
65
79
13
81
96
103
18
71
46
98
60
54
83
24
77
18
32
12
63
36
25
95
53
20
69
107
84
39
73
105
79
3
19
500
12
63
63
63
63
86
66
73
80
81
79
45
34
104
94
45
86
23
78
21
25
22
56
101
84
88
40
58
19
83
76
77
33
50
77
64
69
60
88
60
53
80
61
45
100
93
28
77
30
77
80
61
72
95
500
15
15
15
15
49
38
30
60
39
46
42
24
69
78
16
71
55
33
25
45
65
13
66
73
81
14
48
29
76
43
39
64
5
56
20
25
34
50
19
8
73
32
4
59
85
69
32
53
82
59
25
29
78
28
500
500
500
500
49
38
30
60
39
46
42
24
69
78
16
71
55
33
25
45
65
13
66
73
81
14
48
29
76
43
39
64
5
56
20
25
34
50
19
8
73
32
4
59
85
69
32
53
82
59
25
29
78
28
500
500
500
500
49
38
30
60
39
46
42
24
69
78
16
71
55
33
25
45
65
13
66
73
81
14
48
29
76
43
39
64
5
56
20
25
34
50
19
8
73
32
4
59
85
69
32
53
82
59
25
29
78
28
500
500
500
500
49
38
30
60
39
46
42
24
69
78
16
71
55
33
25
45
65
13
66
73
81
14
48
29
76
43
39
64
5
56
20
25
34
50
19
8
73
32
4
59
85
69
32
53
82
59
25
29
78
28
500
500
500
500
