4
40
50
53
84
94
72
60
8
44
18
62
22
28
12
91
11
55
17
6
8
51
37
65
77
59
79
92
11
81
17
96
18
45
99
79
58
97
4
29
72
92
0
0
0
0
500
18
50
42
36
44
21
44
32
9
56
45
32
49
49
63
38
19
36
48
28
27
51
22
36
47
18
44
27
26
44
26
18
49
56
66
35
55
61
22
18
18
18
18
74
500
43
31
49
57
31
35
30
18
47
54
19
37
59
55
28
17
27
60
15
32
62
35
25
57
15
54
38
37
52
39
8
42
61
76
44
47
54
14
5
5
5
5
86
27
500
44
62
72
37
13
55
30
65
52
27
50
83
74
45
15
46
81
30
58
63
47
42
80
16
77
60
59
46
56
18
16
87
99
41
65
76
38
29
29
29
29
89
72
84
500
14
16
33
77
48
35
77
47
65
76
24
81
65
50
62
16
59
31
44
22
64
22
49
18
10
13
50
9
52
81
44
37
44
76
76
49
49
49
49
49
71
40
60
63
500
47
23
57
76
34
98
9
65
87
75
105
78
36
77
66
64
67
21
31
76
74
38
69
54
56
2
43
48
54
92
88
8
97
104
64
56
56
56
56
71
40
60
64
72
500
71
69
19
59
15
95
42
27
63
15
23
62
22
72
37
35
100
70
27
60
60
61
56
53
94
65
50
78
46
76
86
14
10
31
40
40
40
40
25
67
36
23
68
87
500
47
18
24
41
60
26
36
50
47
25
30
22
53
19
20
66
37
24
47
27
45
31
29
59
36
21
54
49
66
51
40
45
8
12
12
12
12
31
34
12
67
21
60
64
500
25
60
5
96
36
17
72
12
17
60
17
80
32
42
102
73
20
69
57
70
62
59
94
70
47
72
57
86
86
4
14
30
38
38
38
38
89
41
75
88
78
23
48
14
500
53
84
63
78
86
11
85
75
67
72
4
72
38
59
40
75
11
66
9
23
24
68
28
68
98
36
19
62
83
79
61
63
63
63
63
57
12
40
71
43
28
46
37
85
500
50
81
60
58
28
50
48
64
45
40
53
18
82
53
50
26
62
28
32
29
83
43
57
91
13
40
75
49
43
41
48
48
48
48
54
31
36
91
8
55
80
76
93
65
500
101
43
24
71
7
24
66
24
81
39
43
107
77
27
69
64
70
64
61
100
73
54
79
55
85
92
7
7
35
44
44
44
44
47
20
32
61
42
39
40
40
74
33
39
500
41
51
35
58
40
36
37
37
35
12
58
27
39
32
34
30
15
13
55
22
32
65
40
52
47
52
54
24
26
26
26
26
26
51
26
32
56
70
38
61
42
58
21
65
500
85
12
78
75
79
71
25
76
38
79
57
76
14
78
18
35
35
87
44
76
109
20
12
80
78
71
64
69
69
69
69
50
41
43
44
63
52
19
35
64
34
20
40
46
500
46
102
82
53
79
33
72
54
22
23
80
45
54
41
33
36
35
23
61
82
68
55
33
96
98
65
62
62
62
62
48
41
40
43
61
53
20
38
62
37
19
42
44
10
500
26
3
46
4
75
18
37
91
62
7
67
44
66
56
53
82
61
34
59
59
85
74
16
27
18
25
25
25
25
64
30
52
64
62
32
30
20
84
15
40
35
48
13
36
500
50
32
47
34
42
25
44
13
49
35
31
31
14
14
43
11
34
63
49
53
35
64
67
34
32
32
32
32
25
40
16
45
43
62
44
58
53
53
30
67
26
27
45
35
500
75
50
51
60
30
96
67
55
36
73
39
45
42
96
57
68
101
14
46
89
49
39
49
58
58
58
58
85
45
73
78
80
33
38
3
101
11
55
24
68
33
43
49
48
500
47
32
42
23
45
15
49
33
33
29
12
12
44
11
35
65
47
51
37
64
66
34
32
32
32
32
90
66
82
69
97
57
28
23
96
34
49
1
82
42
32
68
32
94
500
84
35
46
107
77
23
74
61
74
67
64
98
74
51
74
60
90
90
1
14
34
42
42
42
42
18
45
3
58
31
70
63
74
57
68
48
85
19
44
64
39
72
26
40
500
9
45
85
59
10
74
34
73
59
57
73
62
24
43
71
93
66
31
44
20
20
20
20
20
97
36
78
109
67
14
76
46
126
36
85
68
64
57
81
42
88
68
108
75
500
54
66
47
36
78
16
75
58
57
51
56
14
19
84
97
45
59
70
33
24
24
24
24
41
45
27
84
12
71
83
86
81
77
72
101
20
60
86
40
94
10
64
88
88
500
70
40
40
27
47
27
22
18
69
32
43
76
27
46
61
47
45
28
34
34
34
34
68
77
70
30
96
83
21
55
59
61
24
42
79
45
15
76
10
91
54
23
25
21
500
81
36
69
71
70
67
63
106
76
61
88
51
82
97
16
2
42
51
51
51
51
50
83
59
2
90
97
42
76
29
79
26
69
74
54
38
80
39
85
29
47
49
47
53
500
43
35
30
31
14
13
48
17
31
62
46
54
40
58
60
27
27
27
27
27
7
67
25
52
51
92
71
91
40
86
52
97
41
59
70
61
77
46
26
77
78
80
39
40
500
56
23
52
35
37
21
27
32
50
72
73
13
78
84
44
38
38
38
38
38
86
53
19
85
104
58
89
10
89
37
86
70
62
54
81
57
79
14
63
65
64
54
74
54
500
14
56
39
39
27
32
23
41
73
78
19
71
78
38
30
30
30
30
49
53
46
33
71
63
15
43
56
45
9
42
54
21
15
51
23
66
43
20
22
23
31
64
11
10
500
77
72
69
108
81
61
85
59
90
99
11
8
43
52
52
52
52
88
39
73
86
76
22
48
15
108
9
62
36
65
37
54
44
59
74
93
45
44
48
56
76
50
57
12
500
71
70
61
69
26
13
94
110
56
61
74
42
34
34
34
34
24
80
42
32
73
101
64
91
16
89
43
92
59
61
61
75
66
67
7
69
71
71
47
62
60
43
97
97
500
50
46
48
9
26
78
90
39
58
68
29
19
19
19
19
91
71
85
67
101
64
28
29
94
40
49
7
86
45
30
72
28
98
85
22
21
20
67
98
31
52
53
76
48
500
83
42
78
110
28
5
77
84
78
68
72
72
72
72
88
76
84
58
104
72
24
38
87
49
43
18
88
47
25
77
20
100
79
19
19
16
67
99
27
49
62
83
46
30
500
46
43
46
93
92
11
93
100
60
52
52
52
52
94
37
77
101
72
10
65
34
120
25
77
55
65
49
71
42
77
71
104
64
62
67
63
75
67
70
13
25
67
90
62
500
27
54
57
62
29
64
69
32
27
27
27
27
34
52
34
29
62
68
30
55
45
53
12
57
44
26
29
48
37
56
30
35
37
38
23
53
26
6
62
68
10
39
40
24
500
45
61
71
34
56
63
23
16
16
16
16
45
20
29
61
39
41
43
44
73
36
40
58
24
17
47
17
55
35
56
46
46
51
14
36
42
30
38
37
29
63
49
8
65
500
27
6
83
85
78
71
76
76
76
76
32
32
18
52
39
54
44
54
61
47
34
64
22
23
46
27
55
34
43
48
49
52
0
32
42
24
51
50
24
60
52
10
51
20
500
94
43
57
68
30
21
21
21
21
98
39
81
106
73
13
70
38
124
30
82
59
68
54
76
45
81
73
108
68
66
71
67
78
72
75
17
26
71
94
67
59
117
68
82
500
71
20
26
15
24
24
24
24
77
79
77
40
101
82
21
51
69
59
32
35
84
47
17
79
8
96
64
21
22
17
62
95
22
40
72
90
38
11
22
57
76
82
24
43
500
54
46
48
55
55
55
55
60
19
45
68
51
28
40
29
85
20
45
47
38
16
45
20
53
48
68
41
40
45
29
50
40
36
23
30
34
63
42
20
78
37
47
39
56
500
113
79
75
75
75
75
77
46
66
67
78
40
26
9
91
16
44
19
64
26
32
48
37
75
77
23
22
26
48
76
29
41
29
51
37
50
22
38
89
63
41
12
74
59
500
11
18
18
18
18
69
15
50
94
33
31
73
58
104
46
73
78
33
47
77
17
86
34
86
74
74
78
44
39
72
63
38
15
62
95
76
42
92
34
78
69
63
94
5
500
48
48
48
48
70
74
70
36
95
79
17
49
64
56
25
36
78
42
12
74
5
90
58
18
20
15
56
89
17
34
69
86
32
9
20
51
70
76
17
43
70
24
84
43
500
500
500
500
70
74
70
36
95
79
17
49
64
56
25
36
78
42
12
74
5
90
58
18
20
15
56
89
17
34
69
86
32
9
20
51
70
76
17
43
70
24
84
43
500
500
500
500
70
74
70
36
95
79
17
49
64
56
25
36
78
42
12
74
5
90
58
18
20
15
56
89
17
34
69
86
32
9
20
51
70
76
17
43
70
24
84
43
500
500
500
500
70
74
70
36
95
79
17
49
64
56
25
36
78
42
12
74
5
90
58
18
20
15
56
89
17
34
69
86
32
9
20
51
70
76
17
43
70
24
84
43
500
500
500
500
