2
50
11
10
6
99
19
5
33
65
77
76
50
78
64
62
9
31
16
89
16
27
36
75
74
45
68
15
69
9
2
29
69
56
13
48
92
47
70
93
77
72
5
16
78
81
58
98
60
63
35
91
0
0
500
47
18
55
51
40
40
27
26
66
38
27
35
29
62
32
38
68
39
32
38
30
48
35
60
38
48
34
40
26
53
42
43
20
70
42
28
52
30
26
18
63
38
26
59
38
51
33
55
37
50
50
113
500
43
49
70
30
20
20
49
84
34
20
49
31
48
53
47
86
59
17
59
21
70
58
77
62
40
57
62
51
34
65
59
14
53
58
34
30
46
3
14
50
19
40
78
57
47
43
46
25
46
46
21
90
500
46
66
71
54
57
16
82
36
37
9
60
63
7
19
83
55
46
55
38
56
15
79
21
45
17
53
27
82
50
65
50
100
11
22
65
54
48
48
61
66
11
28
56
42
60
52
67
80
80
55
46
7
500
103
65
18
57
67
118
22
26
52
68
11
64
43
120
92
21
91
23
100
72
112
77
16
73
93
74
62
94
94
50
79
59
35
16
81
34
50
14
51
47
80
90
25
79
15
60
83
83
14
114
61
73
500
9
54
17
64
63
69
55
76
13
83
73
77
65
49
53
48
56
63
74
55
75
76
71
54
59
25
61
40
25
34
83
65
62
33
39
26
86
23
66
99
46
82
24
81
13
11
11
76
68
48
94
27
500
53
49
7
71
40
37
20
50
67
10
28
72
43
45
43
39
45
13
67
18
50
13
42
16
75
39
53
42
92
23
26
65
43
44
40
67
60
16
37
44
49
49
57
59
70
70
70
37
30
34
64
50
500
51
2
67
45
41
23
51
72
10
32
69
41
49
41
43
41
10
64
13
55
9
38
12
77
35
51
44
94
25
31
70
42
48
43
71
63
20
36
42
54
48
62
61
71
71
110
30
67
63
97
70
60
500
26
45
73
66
50
56
99
35
60
46
25
73
25
68
16
28
45
23
82
25
19
17
88
12
38
58
102
50
59
93
36
68
56
99
76
48
52
28
82
46
89
71
72
72
63
73
42
87
14
108
40
61
500
74
50
49
22
63
76
7
32
75
49
57
49
51
46
3
72
8
58
6
46
20
89
41
61
56
106
19
36
77
52
58
54
75
74
24
25
51
55
60
65
73
83
83
90
27
48
46
80
57
47
22
45
500
86
72
101
46
90
101
99
96
82
66
81
72
96
104
85
106
89
102
88
91
18
94
73
50
1
109
87
65
67
55
52
93
34
91
128
79
97
57
92
33
34
34
14
114
61
68
62
82
95
96
80
87
500
60
80
17
88
77
82
64
50
58
49
61
64
78
54
78
81
75
55
62
26
62
40
30
33
87
70
66
34
44
31
90
27
71
103
46
87
25
86
17
6
6
98
4
50
66
74
80
32
15
68
28
78
500
102
45
92
102
100
94
82
68
81
74
96
104
84
106
91
102
87
91
20
94
71
50
3
110
88
67
66
56
52
95
35
92
128
78
99
57
94
33
33
33
86
60
59
27
94
27
74
51
18
60
23
16
500
73
90
21
45
75
52
72
52
65
45
14
73
11
72
15
47
27
101
41
65
68
118
30
50
92
59
72
66
89
87
39
23
54
68
67
79
85
92
92
77
63
46
91
29
112
31
55
101
41
113
89
76
500
108
67
84
26
20
76
19
76
31
64
16
62
95
60
25
46
64
33
6
48
71
82
76
92
17
64
47
109
58
71
91
17
98
19
102
49
36
36
58
58
25
70
18
91
28
44
80
29
93
73
54
77
500
38
12
111
81
36
81
29
85
46
104
52
19
48
80
56
83
79
88
57
102
27
18
48
76
47
56
34
68
24
46
81
13
79
24
73
93
93
39
63
10
50
28
71
42
45
62
34
73
62
30
57
52
500
87
65
53
62
52
66
67
82
55
83
86
80
58
67
27
66
42
35
31
92
75
70
38
48
36
95
31
76
108
49
92
28
91
21
4
4
59
43
13
53
36
73
23
27
62
14
74
52
43
60
42
63
500
68
38
39
38
35
43
23
61
26
49
21
38
17
65
37
46
32
82
32
27
60
34
36
30
66
50
19
47
38
50
40
57
49
60
60
102
8
56
67
81
79
39
20
67
34
77
38
76
72
36
67
53
500
66
51
66
44
66
22
90
28
45
26
64
38
92
60
76
60
110
1
26
69
66
57
58
61
76
19
21
67
40
72
51
78
92
92
56
50
14
59
28
79
25
35
68
20
80
61
45
66
50
70
15
72
500
78
8
76
15
53
17
49
94
49
10
36
75
17
12
53
85
73
72
96
20
68
52
109
67
65
79
8
96
28
101
59
51
51
90
64
64
30
99
26
80
56
19
66
21
21
57
28
27
17
62
29
65
500
47
25
53
28
70
33
39
28
47
26
62
47
54
29
79
30
17
51
41
29
28
56
46
13
49
47
41
45
47
47
62
62
19
82
29
53
35
72
62
65
65
54
76
75
25
59
65
67
32
63
54
65
500
32
59
55
62
57
53
53
50
44
33
54
45
1
50
60
41
45
32
17
2
64
19
42
78
44
58
28
59
17
35
35
75
32
29
65
44
84
7
21
72
7
84
55
59
72
47
73
28
79
8
41
62
500
63
76
53
77
81
74
54
61
27
61
39
30
35
86
69
67
33
44
31
90
28
70
102
45
87
24
86
17
6
6
54
77
46
9
76
24
76
61
19
62
28
44
23
11
39
21
45
15
61
99
7
7
500
37
81
42
27
37
59
38
62
59
65
33
80
31
8
41
52
25
31
43
46
13
52
59
29
54
34
49
68
68
39
71
22
63
15
84
44
54
75
41
86
75
41
70
65
77
25
76
41
43
58
56
38
500
75
66
46
62
63
55
28
67
58
13
46
64
41
33
46
9
14
55
12
46
84
58
53
41
51
19
41
41
101
34
61
52
93
58
60
35
48
49
54
16
70
54
23
47
58
59
49
96
54
56
47
53
500
75
66
71
61
61
16
66
50
19
32
79
58
50
40
29
21
74
10
61
97
53
73
32
71
2
23
23
58
72
45
3
77
22
73
56
15
59
25
38
26
8
33
17
44
14
58
97
4
6
51
22
52
500
52
22
61
36
96
57
75
64
114
7
33
76
66
62
62
68
80
24
15
66
47
73
58
81
94
94
42
78
39
19
67
36
72
61
31
59
40
51
11
23
44
33
39
27
59
91
14
12
51
20
48
37
500
35
60
38
67
60
67
37
85
26
4
44
54
30
36
44
51
9
47
60
28
57
34
54
72
72
49
68
34
14
65
34
64
51
26
50
37
41
16
20
34
28
33
26
50
86
8
6
42
11
42
28
23
500
56
30
81
53
67
49
99
10
19
62
57
47
48
58
66
9
30
59
38
62
48
67
81
81
19
83
31
44
45
62
66
65
56
56
66
69
16
49
60
58
33
53
56
74
38
35
50
29
39
59
46
42
500
70
7
76
57
28
23
87
65
50
49
34
30
77
13
69
106
62
78
41
74
11
25
25
30
83
37
30
60
47
73
65
42
61
51
61
7
34
53
45
38
38
60
87
25
23
53
24
46
48
30
31
46
500
74
14
14
51
85
69
68
93
19
65
49
105
65
61
75
6
92
27
97
58
51
51
73
66
53
13
87
18
75
54
6
60
17
26
41
12
25
6
51
16
59
103
18
21
53
31
59
8
25
15
46
15
500
38
47
33
83
31
26
60
36
36
31
65
51
18
46
39
49
41
56
50
61
61
65
60
34
79
20
100
27
48
89
33
101
79
63
86
70
90
35
93
34
19
74
73
36
57
27
83
90
72
41
92
14
500
55
13
59
50
28
36
42
8
12
51
25
32
70
52
45
40
45
29
48
48
106
29
64
59
94
66
58
33
56
49
63
24
76
62
29
55
61
67
48
95
61
63
48
58
62
43
75
53
48
65
68
32
500
47
75
61
36
12
78
31
48
18
47
47
81
88
28
76
19
56
79
79
73
98
73
30
103
17
103
85
27
88
22
59
48
24
58
28
73
17
88
126
34
35
80
51
82
40
17
39
73
19
96
70
124
500
105
5
21
64
64
51
54
56
71
14
26
65
36
69
46
73
88
88
48
65
30
17
61
38
61
48
29
47
40
41
15
23
33
31
29
30
46
83
11
9
39
7
38
30
27
13
31
29
53
36
80
49
500
36
19
47
39
24
22
55
40
18
54
46
42
42
46
42
57
57
57
51
17
62
26
83
24
36
71
21
84
63
47
69
53
73
18
75
22
36
57
56
21
40
9
66
74
54
24
75
7
39
33
65
33
500
51
82
25
56
44
90
63
42
55
20
75
34
81
58
60
60
68
59
36
81
22
102
27
49
91
34
103
81
65
88
71
92
37
95
34
17
76
75
37
59
28
84
92
73
42
94
15
55
15
81
42
40
500
83
18
55
42
93
60
47
63
12
79
28
85
54
53
53
15
100
47
71
38
89
76
83
83
71
93
94
42
76
84
85
50
80
71
70
65
62
67
55
52
86
71
69
63
80
58
78
71
100
83
44
73
500
36
51
43
79
64
29
41
34
62
44
70
61
68
68
73
36
33
34
67
49
44
22
37
30
48
20
44
39
10
38
30
46
29
76
33
34
24
26
35
27
50
25
19
44
46
8
72
24
32
34
5
41
500
31
41
32
52
20
54
71
17
66
22
58
78
78
51
77
45
11
75
26
76
61
22
62
30
46
21
13
40
24
44
17
61
97
8
7
54
22
53
29
12
16
46
18
68
48
95
55
69
40
37
20
42
500
54
79
74
28
28
47
60
57
69
73
81
81
56
47
11
55
32
75
25
31
64
18
76
56
43
62
46
66
11
69
18
43
50
49
15
33
2
58
67
47
17
68
12
32
40
58
30
17
34
67
36
69
500
52
69
12
30
67
31
69
42
71
87
87
89
23
46
49
77
61
43
18
49
32
58
21
61
53
18
49
43
59
31
79
49
50
30
43
45
36
65
41
30
57
51
14
75
16
27
48
22
54
16
72
5
500
65
57
71
7
89
28
94
58
53
53
67
67
41
86
19
107
34
56
96
41
108
87
68
93
77
98
42
99
42
14
81
79
44
64
34
90
97
79
49
99
22
62
15
88
50
44
66
98
67
96
74
74
500
16
24
58
45
63
55
72
85
85
65
74
51
6
84
15
78
60
8
63
17
36
33
2
34
10
50
8
63
104
12
14
56
28
59
18
14
14
48
7
73
45
101
46
69
48
35
7
39
23
47
23
85
500
94
24
94
11
96
37
24
24
42
60
14
33
46
54
48
42
44
36
56
48
18
39
38
46
14
46
36
67
27
26
29
11
23
42
43
27
22
45
37
33
64
54
47
10
27
45
31
44
44
21
49
10
500
52
37
46
41
42
59
59
75
55
47
19
82
29
65
43
16
51
27
17
42
22
15
17
45
27
50
96
22
24
44
28
52
5
34
15
38
25
65
29
92
26
53
45
20
21
23
43
28
33
76
48
15
500
81
48
77
19
30
30
65
36
18
49
46
68
24
18
56
10
68
43
44
55
33
57
15
62
10
53
45
45
2
30
14
48
63
40
6
61
23
18
49
44
21
22
23
59
23
66
31
44
34
29
33
17
500
34
112
65
53
53
62
83
56
13
86
15
85
68
16
71
20
46
32
8
43
17
55
7
70
108
16
17
63
33
64
28
5
21
55
8
78
54
106
55
77
52
43
12
47
15
56
23
90
50
29
50
82
500
79
75
80
80
42
91
51
26
76
36
86
74
36
72
41
62
21
27
56
38
52
28
72
102
24
22
65
33
60
45
18
32
57
29
75
62
101
71
81
46
51
33
56
10
68
18
86
42
38
47
70
62
500
20
35
35
17
95
42
68
34
86
71
78
80
66
90
90
40
73
80
82
45
78
66
66
62
60
61
51
47
82
70
65
58
78
53
73
67
96
78
39
69
80
73
64
85
51
58
33
64
45
24
16
64
500
59
59
82
68
53
98
34
119
36
61
107
47
119
95
82
105
86
109
54
112
48
2
93
92
52
76
45
101
110
90
58
111
31
70
4
94
52
57
75
110
75
110
80
88
19
61
84
59
43
52
56
89
500
500
82
68
53
98
34
119
36
61
107
47
119
95
82
105
86
109
54
112
48
2
93
92
52
76
45
101
110
90
58
111
31
70
4
94
52
57
75
110
75
110
80
88
19
61
84
59
43
52
56
89
500
500
615 119 1400 1595 419 771 1196 328 1253 1003 1486 17 1413 954 683 1517 1285 1355 925 313 949 1156 420 1347 711 621 1186 1645 1422 472 1754 349 313 993 1093 1148 510 197 901 761 1403 312 133 29 543 517 888 123 702 795
