2
40
76
5
69
37
34
87
78
72
86
88
79
27
44
83
54
38
67
10
24
63
7
86
53
55
1
78
40
87
51
67
15
88
17
80
11
1
76
46
14
51
0
0
500
89
84
89
53
85
72
68
58
89
49
15
100
84
30
16
54
78
33
69
61
26
72
45
39
89
11
50
38
22
51
18
14
76
56
24
93
101
97
53
30
30
86
500
25
44
43
20
55
84
42
52
70
82
50
50
85
76
42
21
75
64
102
82
63
81
87
6
84
69
55
88
96
79
78
16
36
78
11
41
20
54
61
61
20
66
500
46
43
22
56
86
43
54
71
82
52
52
85
75
41
20
75
66
103
83
64
81
86
4
84
70
54
88
97
79
78
15
36
78
8
43
18
53
61
61
49
68
30
500
54
39
72
100
55
71
83
89
69
69
94
79
41
18
85
81
116
91
80
93
82
15
87
83
57
96
108
85
82
25
45
86
9
60
2
49
66
66
81
26
54
92
500
88
89
96
68
103
74
46
112
99
62
31
44
66
60
90
95
57
92
74
2
81
27
75
36
55
84
46
31
71
58
53
83
109
84
33
39
39
57
71
74
99
93
500
87
96
65
101
73
47
109
96
62
31
40
62
60
88
96
58
91
74
5
77
29
74
33
57
85
46
32
67
55
53
78
106
79
28
37
37
3
79
55
56
48
76
500
88
46
55
74
85
52
53
88
79
44
22
78
68
106
86
66
84
89
7
87
73
57
91
99
82
81
18
39
81
9
43
18
56
64
64
63
50
16
29
33
41
47
500
50
60
22
39
73
57
23
53
75
89
26
35
12
27
38
13
86
93
58
23
62
30
4
38
53
81
61
31
99
79
107
84
52
52
32
74
38
23
15
67
23
68
500
45
7
30
57
41
22
38
49
62
13
23
38
22
27
15
70
66
46
7
39
29
30
27
39
54
34
21
72
60
80
60
30
30
16
70
51
61
54
68
16
85
57
500
56
77
26
28
75
75
50
39
65
45
86
74
43
67
95
29
85
55
58
80
81
74
78
27
35
71
34
19
44
66
61
61
60
32
6
45
46
24
43
32
6
24
500
7
83
67
9
22
53
74
14
49
42
6
53
24
55
82
26
30
38
4
32
8
21
69
48
6
87
86
93
58
27
27
56
60
64
92
87
63
52
92
69
87
63
500
91
75
15
23
58
79
21
56
46
12
60
30
53
88
24
38
42
6
35
12
21
75
54
13
93
93
99
60
31
31
30
53
27
44
39
48
13
62
33
50
15
18
500
30
87
103
92
87
80
44
78
88
41
73
131
77
112
63
93
95
79
94
104
74
73
88
82
31
91
108
90
90
80
49
28
42
48
40
64
16
23
5
49
71
76
500
45
68
73
79
40
11
36
47
12
30
100
77
75
23
66
53
35
56
68
68
54
49
83
51
93
86
59
59
43
44
37
66
61
43
31
68
42
60
38
19
47
10
500
73
56
50
57
31
73
66
28
56
97
43
82
44
59
72
69
68
75
38
37
64
49
16
58
71
59
59
53
42
46
78
74
44
43
73
50
68
51
30
58
12
74
500
76
95
27
52
25
21
56
23
77
101
47
35
61
20
17
31
44
88
67
27
106
95
114
81
50
50
20
65
46
59
52
62
14
80
52
69
30
4
25
33
79
51
500
12
79
80
113
85
80
89
71
20
77
80
48
89
104
78
73
24
40
80
17
66
14
38
58
58
42
98
61
31
24
91
43
87
66
71
37
59
34
79
85
54
89
500
58
52
87
65
51
64
73
16
68
54
39
70
80
61
62
5
19
61
22
42
31
43
44
44
50
32
25
59
56
30
35
53
29
46
35
30
52
10
53
35
62
27
500
26
67
67
23
54
105
55
87
43
67
74
65
71
80
49
46
66
60
19
70
81
65
65
67
52
64
96
92
56
60
88
67
84
69
45
73
30
89
75
47
66
27
500
88
54
70
64
35
47
39
59
14
56
78
44
36
37
28
48
49
78
51
7
25
25
61
66
31
13
20
58
48
44
31
29
32
61
55
63
41
19
100
27
68
66
500
57
71
66
38
44
43
61
17
59
81
48
40
34
28
52
46
77
47
7
29
29
11
91
66
64
56
88
28
101
73
87
42
30
17
59
100
68
43
55
49
80
46
500
76
54
24
81
5
57
30
34
63
25
12
69
51
33
84
100
88
40
26
26
86
33
62
100
98
41
74
73
62
75
77
63
91
36
75
73
76
69
44
26
57
96
500
76
90
14
84
64
55
85
91
77
78
18
35
75
19
33
28
58
61
61
82
11
44
84
83
19
67
51
43
54
65
60
84
32
53
55
84
54
44
11
64
83
49
500
64
20
61
55
31
67
80
57
55
8
16
58
24
52
30
33
39
39
54
45
50
81
77
48
45
77
54
72
53
31
60
16
77
61
45
51
12
31
25
72
14
37
500
40
42
39
15
46
62
36
36
28
8
37
45
59
51
30
18
18
24
58
37
53
46
55
12
71
43
60
23
8
27
28
70
42
47
29
21
47
35
40
22
30
37
500
45
17
30
35
42
30
38
42
23
26
61
55
68
50
24
24
88
51
74
111
108
58
78
91
76
91
85
65
93
43
93
86
67
79
46
41
50
104
47
65
71
80
500
48
50
72
74
65
69
24
28
62
35
24
45
60
52
52
78
38
60
97
94
45
67
77
62
77
72
54
82
30
79
72
64
66
35
28
45
91
37
59
65
67
32
500
9
34
59
23
15
48
30
28
64
79
68
28
7
7
41
87
50
21
13
80
37
76
54
60
28
53
32
70
73
43
86
38
68
82
80
10
69
70
74
33
74
39
500
82
98
71
65
22
35
73
22
68
21
30
51
51
15
89
68
70
61
87
29
102
74
90
45
28
23
56
101
70
35
57
45
77
39
53
42
23
22
42
71
67
76
500
108
87
85
24
45
87
6
55
6
54
68
68
17
93
62
50
41
88
28
95
68
80
35
39
11
66
93
60
61
49
58
84
61
33
57
47
49
35
76
56
76
34
500
60
56
12
21
61
23
58
28
29
41
41
78
24
50
89
87
31
65
64
51
65
67
55
82
27
66
62
74
58
37
15
53
85
41
65
72
62
21
63
36
78
63
500
92
57
57
78
65
16
75
92
77
77
65
37
51
86
82
41
54
72
53
70
60
42
70
18
74
62
56
55
22
23
36
79
25
49
55
55
25
62
41
72
58
79
500
39
45
76
45
7
54
77
68
68
57
48
12
29
31
40
41
35
13
20
26
49
53
45
33
1
89
13
52
48
74
33
57
72
79
28
41
3
28
28
17
47
69
500
47
55
71
35
80
81
59
59
75
10
27
66
67
3
59
33
25
35
52
56
75
32
35
37
88
39
45
16
68
67
51
75
82
50
16
40
10
61
45
77
88
17
500
17
98
97
104
65
36
36
31
52
35
56
51
50
18
69
41
59
27
10
34
21
69
42
47
30
15
41
32
45
17
31
38
21
34
40
40
39
30
43
42
30
60
500
97
87
104
73
41
41
26
68
55
70
63
67
25
88
60
78
41
11
33
34
88
61
29
47
22
56
19
56
18
12
19
36
50
58
59
52
46
47
32
48
79
8
500
44
20
48
55
55
34
98
63
39
31
92
38
92
68
76
37
53
26
76
90
58
80
50
71
91
78
25
71
65
67
40
83
54
79
30
44
13
37
75
73
64
69
500
53
41
26
26
51
32
29
63
60
31
36
56
32
50
38
30
54
6
56
39
60
31
17
20
41
57
23
47
54
33
14
39
24
50
35
60
63
12
52
44
11
71
500
19
18
18
46
42
11
39
38
35
29
45
17
34
20
34
44
29
44
17
72
8
35
36
56
36
39
56
63
18
29
16
23
30
14
44
59
19
34
53
29
50
25
500
49
49
17
85
53
41
32
79
21
85
58
70
25
35
9
59
83
50
64
40
54
76
60
24
53
48
51
26
69
47
67
24
34
7
25
61
68
47
52
33
55
2
500
500
17
85
53
41
32
79
21
85
58
70
25
35
9
59
83
50
64
40
54
76
60
24
53
48
51
26
69
47
67
24
34
7
25
61
68
47
52
33
55
2
500
500
1018 779 53 565 714 1129 926 412 783 249 894 534 619 156 292 1097 1094 133 95 563 546 423 709 1051 1038 163 1235 1275 649 1257 1428 277 811 1183 764 700 892 361 1581 277
