2
50
58
91
2
85
14
90
32
14
28
25
12
66
25
83
31
81
12
46
52
49
3
16
59
18
14
67
78
80
48
85
78
73
81
2
5
24
7
32
44
68
64
65
32
50
96
71
27
80
80
97
0
0
500
45
58
103
77
60
15
29
89
92
54
22
59
106
101
78
63
15
34
35
46
65
95
34
33
44
60
91
103
64
26
24
67
97
37
30
45
74
76
77
95
86
73
102
48
37
66
26
83
46
40
40
91
500
23
91
69
45
44
30
84
84
31
17
47
95
91
56
45
28
31
44
25
30
62
57
33
32
30
74
94
63
17
19
66
70
61
26
61
61
41
49
81
79
63
68
65
38
37
22
67
60
56
56
86
28
500
99
75
54
26
21
88
90
45
12
54
103
98
70
56
14
25
37
37
51
82
44
26
34
49
85
101
64
13
11
67
88
46
25
51
70
63
67
91
84
70
90
55
36
55
15
77
51
46
46
21
48
36
500
81
57
62
36
97
96
41
35
60
105
102
62
56
46
34
62
37
22
56
76
36
29
33
81
105
78
27
30
81
72
79
44
79
71
31
51
89
91
75
61
84
56
40
30
75
78
74
74
96
38
58
77
500
27
29
53
56
59
28
22
25
72
67
47
31
20
57
11
22
53
73
30
57
63
40
58
69
32
42
41
35
68
32
8
28
41
62
51
61
53
39
81
32
4
43
45
49
26
23
23
26
40
20
72
36
500
103
97
81
74
49
78
60
76
75
39
51
87
96
86
56
41
7
106
98
92
40
50
78
79
85
87
80
23
109
74
100
56
32
26
59
73
64
9
104
77
35
89
52
97
97
97
94
42
54
84
34
27
500
67
44
48
36
37
23
62
57
47
32
32
71
10
32
64
79
27
71
77
49
54
59
19
56
56
22
69
29
23
18
36
73
56
55
42
32
88
22
11
50
60
45
15
16
16
51
69
32
113
54
92
69
500
78
78
25
18
42
89
85
50
39
28
37
41
19
27
57
57
39
38
24
67
88
58
23
25
61
64
60
23
58
55
38
43
74
73
58
64
63
35
31
28
60
57
54
54
76
39
35
88
24
45
29
59
500
79
30
7
42
90
86
55
42
17
34
34
22
38
67
47
35
38
33
71
89
55
19
19
58
72
50
17
50
56
49
51
77
73
58
75
55
29
39
23
63
49
45
45
21
49
36
69
49
89
62
38
80
500
48
61
28
40
35
46
36
58
95
35
49
79
84
46
96
101
62
42
36
8
81
80
5
66
47
47
33
28
85
60
39
21
21
92
34
35
59
84
35
29
35
35
28
57
20
95
46
89
63
7
55
76
500
55
36
59
54
59
46
49
88
26
51
83
95
29
88
95
67
60
55
19
74
73
20
80
29
42
16
43
91
71
57
40
37
103
15
30
67
77
52
13
19
19
44
22
27
55
24
62
35
47
64
46
42
500
66
90
89
48
57
84
86
88
56
31
12
107
88
80
38
63
92
86
76
79
88
39
110
73
103
66
20
33
73
85
73
10
108
79
36
81
63
101
100
100
92
37
74
19
54
50
45
97
95
40
44
94
500
69
64
68
53
47
86
26
56
88
102
22
86
94
73
69
65
29
73
72
30
90
21
43
10
53
96
78
68
51
47
111
7
33
73
76
61
10
15
15
52
30
12
77
15
57
31
39
37
45
38
28
43
500
88
53
42
27
34
42
21
29
60
56
36
35
27
70
91
60
20
22
63
68
59
24
59
57
40
46
77
76
60
67
63
36
34
25
63
58
54
54
65
23
52
29
38
57
38
73
82
42
42
72
91
71
500
13
21
61
79
56
29
33
28
76
81
78
19
31
59
50
65
67
51
23
79
46
70
29
33
5
41
49
36
37
74
47
12
70
28
67
67
67
85
26
48
68
24
21
10
75
47
13
8
62
60
94
87
500
43
45
85
22
48
80
92
27
85
92
65
59
56
18
71
70
19
79
28
39
14
42
88
68
57
41
36
101
14
27
64
74
51
11
16
16
72
44
31
93
28
54
36
52
16
47
40
34
26
80
75
81
500
46
31
63
40
25
60
76
33
25
36
84
108
80
25
28
83
75
79
45
80
74
35
54
92
93
78
64
84
57
43
28
78
79
75
75
75
46
35
95
30
54
37
55
14
48
41
37
25
83
78
84
54
500
84
30
62
94
111
16
84
93
80
82
78
41
73
71
43
101
14
47
14
65
103
88
81
64
59
120
10
39
82
74
74
17
18
18
81
47
75
10
62
72
60
93
106
60
62
96
115
85
79
11
54
57
500
29
61
93
111
14
82
91
79
82
79
42
71
69
43
101
12
46
14
65
102
87
81
64
59
119
10
38
81
72
74
17
17
17
26
59
51
69
62
99
73
50
94
83
80
64
96
28
23
50
31
56
95
500
41
73
90
17
73
80
59
63
65
25
59
58
27
80
19
28
8
45
82
66
63
49
41
98
12
18
60
62
54
5
6
6
118
59
79
90
57
22
43
106
61
36
37
90
75
127
120
90
87
61
34
61
500
86
103
15
81
89
73
74
71
33
69
67
35
92
14
41
6
57
96
80
73
56
51
112
2
31
74
71
65
9
11
11
27
42
33
64
43
82
55
40
76
66
63
49
79
33
26
45
12
38
76
43
10
500
18
86
85
81
23
37
65
60
70
72
61
19
89
55
80
38
28
6
47
57
46
27
84
57
16
74
36
77
77
77
41
42
47
50
49
82
57
57
87
66
64
65
92
45
39
30
22
43
82
53
27
88
500
58
78
79
28
28
48
29
61
62
30
38
60
34
50
14
50
26
34
34
19
58
53
30
24
66
20
46
47
47
81
67
45
116
50
74
59
56
10
69
63
36
4
89
85
103
69
56
38
41
73
13
67
500
58
51
19
66
92
73
46
49
76
52
86
49
82
60
10
32
75
80
66
39
87
57
24
50
62
80
78
78
28
39
27
65
38
79
51
36
70
63
59
44
73
35
28
47
7
33
70
38
10
71
12
26
500
43
58
89
101
62
24
22
65
95
37
28
44
72
74
75
93
85
71
99
48
36
63
24
81
46
40
40
7
60
39
83
57
100
72
30
81
84
80
47
81
13
6
64
29
54
88
55
13
83
17
9
47
500
34
22
51
53
80
82
54
10
88
59
78
29
44
15
32
45
37
37
81
58
26
85
24
74
76
76
63
52
26
100
36
69
48
40
19
61
54
20
20
71
66
86
50
40
38
26
54
21
48
58
27
68
500
53
80
64
52
54
66
39
83
46
77
48
14
20
62
69
55
34
81
52
12
56
49
74
73
73
61
60
30
108
44
78
57
36
24
70
63
16
19
69
65
93
54
48
47
34
55
27
49
57
21
75
64
500
24
18
85
85
16
51
61
52
48
16
77
50
22
7
10
80
49
42
52
89
20
44
48
48
115
56
76
89
54
20
41
102
58
33
34
86
72
123
117
88
84
58
30
57
98
55
95
111
95
77
39
69
500
90
79
82
92
41
114
77
107
69
23
36
76
88
77
10
111
82
39
83
66
104
103
103
69
11
35
59
9
36
8
62
49
22
16
52
60
77
70
50
36
10
33
19
51
48
48
65
61
33
14
29
18
500
54
52
43
93
6
31
13
60
88
77
79
65
56
108
16
26
69
56
69
16
11
11
47
33
7
78
19
62
36
34
40
49
43
25
45
56
50
63
25
20
44
12
33
41
28
43
33
44
42
2
38
46
500
36
40
70
34
4
31
44
61
52
65
57
44
81
35
9
43
40
53
29
26
26
40
43
5
86
30
73
47
23
42
60
54
16
44
48
43
70
28
31
52
22
30
44
24
35
23
52
53
10
48
42
14
500
43
99
9
43
12
64
99
85
80
64
58
117
9
35
78
69
73
15
14
14
46
53
16
97
38
79
54
23
37
67
61
5
34
54
50
81
40
40
53
29
40
39
33
41
14
63
61
19
58
31
5
60
500
96
57
37
63
81
65
74
101
96
81
94
67
48
62
6
88
63
58
58
94
31
59
64
34
10
17
87
58
7
10
74
72
102
95
62
61
36
31
41
77
56
74
91
83
50
13
53
33
80
66
31
25
500
82
63
69
19
68
38
6
22
23
63
72
57
46
96
10
66
69
69
69
7
44
42
24
41
20
69
66
25
24
64
77
76
69
33
34
19
50
33
50
65
50
66
72
18
19
40
2
81
58
54
14
59
500
19
33
27
59
41
47
40
26
73
37
12
35
56
35
30
30
30
40
57
19
99
43
85
59
15
44
73
67
6
40
48
44
82
39
44
60
34
36
46
30
35
9
65
66
23
62
35
13
68
74
48
43
500
40
58
61
60
79
72
58
86
45
24
49
26
66
40
35
35
92
57
51
104
43
52
45
71
15
51
46
52
29
100
95
96
70
49
17
38
79
12
74
87
59
78
50
45
64
40
43
20
65
92
13
93
500
82
45
64
101
101
86
75
86
61
53
22
87
81
77
77
36
30
25
60
31
70
43
40
66
55
51
44
70
43
36
42
1
25
64
32
17
66
17
33
49
27
47
27
31
70
42
71
47
27
60
56
13
500
61
46
55
46
33
78
34
5
39
50
43
27
25
25
35
62
24
102
50
92
66
8
51
80
74
13
47
42
39
85
41
50
68
42
35
54
29
30
9
68
73
30
67
40
21
76
80
45
51
97
55
50
500
39
81
86
71
44
89
60
30
46
68
83
80
80
34
37
8
77
28
72
45
26
52
58
52
26
54
43
37
60
17
27
56
24
21
53
15
30
32
42
51
13
41
53
25
64
55
34
47
71
31
27
50
500
53
42
30
83
27
7
45
57
42
20
20
20
66
23
28
72
8
42
17
55
37
30
24
42
47
75
68
61
38
14
26
9
51
36
46
63
51
43
24
21
30
53
34
33
36
63
29
61
42
44
37
22
500
78
64
33
89
59
22
56
59
82
80
80
64
41
24
89
24
57
36
46
21
48
41
28
29
73
67
77
44
29
29
15
52
22
47
60
37
59
43
18
47
34
19
36
55
65
16
80
53
53
55
34
17
500
11
82
44
38
52
86
24
39
43
43
65
12
31
60
6
40
12
58
48
26
20
49
58
73
66
50
32
6
35
16
47
47
44
61
57
32
18
25
18
63
41
41
27
59
41
50
33
36
26
26
28
25
500
89
38
20
51
33
65
33
28
28
104
38
70
60
45
9
28
98
71
14
21
86
84
111
104
62
69
46
43
53
85
68
84
101
95
54
22
65
39
93
78
42
26
95
63
47
64
70
36
29
66
62
54
500
34
9
38
56
37
27
27
27
92
44
79
9
61
60
54
101
104
50
54
100
114
98
91
23
62
57
83
71
75
102
78
92
107
34
49
77
38
119
94
86
33
78
96
6
48
55
30
69
79
60
11
106
500
26
52
75
33
25
29
29
86
54
45
102
39
54
43
65
11
51
45
45
25
94
89
92
65
45
18
33
74
8
68
81
53
75
49
40
61
35
37
23
64
87
7
91
72
73
67
32
39
58
93
13
61
500
27
79
10
58
60
60
73
42
32
90
26
50
33
55
18
44
37
37
29
82
76
79
51
32
20
19
60
17
55
69
45
62
40
26
48
37
28
27
54
73
11
80
58
59
56
27
26
44
81
20
47
79
500
62
67
92
90
90
59
29
51
31
42
65
45
69
85
50
49
72
93
65
58
14
30
36
74
50
43
85
45
59
78
7
44
51
24
95
68
79
34
46
78
30
16
22
24
62
53
31
23
87
29
21
22
500
66
12
15
15
92
52
51
98
39
44
38
73
22
44
39
54
35
100
95
90
68
45
9
36
79
18
73
87
62
74
43
45
58
46
46
13
59
92
17
86
73
75
64
24
45
60
89
23
64
87
91
73
500
15
17
17
40
36
3
78
24
68
41
29
45
54
48
24
49
49
43
62
21
24
50
18
27
46
22
36
31
44
47
7
40
48
20
58
53
40
41
71
34
31
49
49
8
18
68
47
20
66
47
35
52
500
19
19
55
13
34
47
22
53
28
57
65
37
34
55
73
62
55
33
20
16
55
29
37
65
36
53
62
14
30
32
12
76
50
60
27
45
58
40
15
20
20
44
35
16
37
67
16
35
32
13
24
19
500
500
55
13
34
47
22
53
28
57
65
37
34
55
73
62
55
33
20
16
55
29
37
65
36
53
62
14
30
32
12
76
50
60
27
45
58
40
15
20
20
44
35
16
37
67
16
35
32
13
24
19
500
500
1409 314 1755 1315 1571 748 1363 1311 429 872 925 104 1183 588 81 833 737 1488 1064 1089 392 894 614 1148 251 314 786 191 638 945 1340 1450 1218 847 622 1279 416 691 187 118 1185 598 356 1002 1526 399 583 990 490 1076
