3
30
49
18
29
34
71
25
64
23
80
94
44
91
47
38
45
48
33
81
11
36
68
71
75
90
67
91
43
49
16
74
0
0
0
500
62
57
39
66
34
24
70
65
61
73
41
68
74
16
90
12
4
67
75
58
11
60
55
81
84
13
15
45
48
11
11
11
17
500
69
49
70
13
21
36
45
61
54
60
35
41
46
70
44
30
33
42
31
34
29
53
62
63
37
35
22
37
28
28
28
64
41
500
26
46
36
9
53
32
37
40
39
46
61
35
57
37
29
44
52
27
40
33
29
48
51
43
43
46
16
35
35
35
63
56
36
500
79
27
32
67
72
73
80
55
67
69
29
97
24
14
66
74
62
3
61
67
88
91
5
3
36
57
6
6
6
71
50
21
68
500
51
28
54
14
28
21
46
44
64
52
38
54
48
42
49
19
59
30
21
29
32
62
63
59
5
54
54
54
60
78
74
81
45
500
58
29
32
68
36
88
19
40
87
42
87
76
19
16
25
83
21
62
40
36
86
84
59
47
77
77
77
63
58
39
72
76
41
500
28
50
70
59
71
29
31
56
74
54
39
28
36
35
41
28
63
67
68
44
41
14
46
36
36
36
63
84
83
86
42
73
30
500
38
10
40
24
69
88
43
52
47
49
68
75
45
61
55
9
44
49
63
65
76
22
58
58
58
67
67
51
79
73
50
60
51
500
30
55
12
72
87
23
69
28
33
70
79
51
45
59
27
61
65
46
49
67
30
43
43
43
85
95
82
103
76
79
63
54
64
500
57
82
17
17
70
70
69
54
16
22
33
57
23
68
64
63
59
57
24
51
51
51
51
8
38
60
26
39
45
41
45
48
29
500
47
54
60
27
81
25
10
53
62
46
16
47
53
72
75
19
19
32
41
10
10
10
43
12
18
31
79
13
74
71
82
53
58
500
37
59
59
33
62
54
35
41
12
64
23
28
24
26
67
67
58
14
59
59
59
64
51
27
67
84
34
74
66
81
56
17
39
500
46
46
58
46
34
30
39
20
42
21
42
50
51
45
44
34
25
36
36
36
28
6
29
18
66
16
62
61
70
42
66
21
67
500
16
77
16
11
60
69
47
23
51
42
68
72
25
27
47
36
20
20
20
79
58
30
76
103
43
93
85
100
74
18
54
77
26
500
59
62
49
14
22
21
54
12
56
53
52
57
54
30
38
48
48
48
74
87
79
93
62
73
49
40
50
51
64
61
21
74
86
500
35
31
51
60
33
43
40
23
48
52
45
46
53
15
38
38
38
35
25
21
38
64
9
56
52
64
36
47
11
52
19
45
46
500
80
40
40
28
90
34
49
17
12
93
92
76
40
84
84
84
45
16
13
35
80
12
74
71
82
53
54
28
72
18
41
54
50
500
70
79
51
43
59
28
62
66
45
47
66
31
41
41
41
7
27
47
20
45
31
43
45
51
26
76
21
56
48
74
75
39
32
500
76
67
10
65
74
95
97
10
6
35
64
13
13
13
50
78
86
74
17
73
11
15
4
31
93
56
29
84
106
90
41
42
53
500
26
48
35
21
41
45
51
51
54
8
43
43
43
35
58
63
58
27
51
15
9
22
12
72
34
20
61
83
69
19
19
31
50
500
97
57
36
17
20
99
100
95
41
92
92
92
75
82
68
91
72
66
59
49
62
54
48
58
31
63
71
44
35
42
55
93
84
500
3
53
44
43
66
64
41
36
57
57
57
28
10
26
23
64
11
59
57
67
38
61
16
62
28
55
61
40
34
19
39
69
55
500
79
81
81
51
47
10
63
45
45
45
80
90
78
98
71
75
58
49
60
57
59
65
30
73
82
55
41
48
62
97
82
26
21
500
87
89
20
16
22
59
16
16
16
68
86
82
89
50
74
38
30
38
44
73
60
14
78
93
70
36
41
57
83
62
23
4
47
500
64
50
47
18
46
42
42
42
14
47
65
37
26
49
28
33
35
21
89
35
49
65
91
87
41
36
34
22
29
53
67
15
44
500
32
32
36
28
24
24
24
51
56
46
65
59
41
47
38
53
34
41
32
27
41
57
38
13
18
29
69
70
14
39
43
80
62
500
33
10
50
28
28
28
25
57
74
47
17
59
23
30
27
24
95
43
48
74
100
93
45
41
42
29
18
54
64
15
53
81
96
500
76
45
46
46
46
29
56
66
53
20
51
12
13
20
9
79
34
29
64
88
77
27
25
32
42
30
35
46
5
62
76
81
46
500
51
95
95
95
38
18
15
35
70
1
64
60
72
43
49
18
61
16
43
50
39
34
20
51
77
52
77
50
49
24
47
30
38
500
75
75
75
57
64
53
72
59
48
47
37
52
38
44
39
23
49
62
41
17
24
36
75
71
9
32
45
87
69
48
66
36
46
500
500
500
57
64
53
72
59
48
47
37
52
38
44
39
23
49
62
41
17
24
36
75
71
9
32
45
87
69
48
66
36
46
500
500
500
57
64
53
72
59
48
47
37
52
38
44
39
23
49
62
41
17
24
36
75
71
9
32
45
87
69
48
66
36
46
500
500
500
640 513 185 488 255 432 227 147 510 330 662 60 147 433 741 80 491 70 394 458 175 147 287 592 172 684 438 687 447 500
