4
40
26
6
74
37
72
78
75
54
7
19
58
67
17
72
72
86
13
40
7
28
52
76
9
38
28
74
91
61
56
15
62
33
17
98
69
96
18
63
63
17
0
0
0
0
500
71
62
15
25
93
35
35
4
15
39
55
42
77
82
26
29
20
88
74
10
5
13
81
81
55
62
5
85
22
64
50
95
7
46
24
19
23
50
68
72
72
72
72
46
500
11
30
16
2
75
58
49
57
80
97
89
97
79
52
7
28
13
42
50
61
24
27
37
14
4
95
78
33
38
50
37
43
50
35
27
96
59
79
54
54
54
54
57
35
500
39
68
50
31
69
51
61
11
19
40
83
82
11
81
53
17
94
74
62
91
19
77
96
75
65
75
76
15
88
73
43
67
2
85
31
86
46
94
94
94
94
73
95
89
500
80
90
82
46
52
26
62
37
63
18
75
98
90
13
97
42
79
14
65
56
58
84
54
88
1
76
32
18
24
38
26
20
54
42
54
40
71
71
71
71
65
72
66
10
500
98
73
75
60
31
13
74
5
59
11
32
51
38
47
25
46
88
97
57
96
29
55
67
76
5
43
36
37
10
71
90
90
30
2
68
17
17
17
17
33
89
45
36
6
500
48
34
53
68
57
55
8
60
45
41
35
11
11
32
71
20
75
71
62
91
88
1
86
72
20
16
12
78
60
14
91
72
45
70
82
82
82
82
99
74
17
35
43
4
500
98
67
92
73
57
12
6
13
51
65
92
27
3
52
42
5
24
66
40
91
8
54
22
6
16
85
3
92
42
26
38
76
88
45
45
45
45
99
11
42
83
70
11
85
500
84
71
66
52
18
38
54
10
80
50
88
98
59
9
76
73
57
65
33
37
39
46
15
34
44
50
69
86
78
95
39
98
13
13
13
13
94
49
85
91
48
21
53
96
500
45
1
38
93
61
2
41
44
64
29
99
79
93
2
24
56
50
20
97
15
10
14
97
70
56
17
16
90
32
57
39
68
68
68
68
16
71
93
18
22
60
82
28
31
500
83
17
85
5
99
7
90
46
15
50
34
4
93
61
27
31
9
8
93
72
46
18
14
60
81
28
95
56
71
83
67
67
67
67
1
57
12
72
63
54
69
33
97
11
500
73
42
31
30
53
40
50
75
17
86
86
77
79
44
45
19
47
50
26
16
49
7
76
80
75
26
72
70
94
13
13
13
13
7
42
21
36
28
35
51
1
89
98
8
500
14
72
22
44
41
16
68
55
90
13
30
84
32
24
45
4
77
30
15
20
25
9
18
22
4
93
9
45
49
49
49
49
76
8
55
95
26
83
19
2
31
71
36
86
500
95
91
76
82
74
12
6
14
81
45
59
49
20
6
66
63
67
24
6
55
5
5
1
1
7
46
80
43
43
43
43
47
23
67
73
86
66
79
40
9
62
46
2
17
500
17
11
85
69
30
76
42
84
62
43
17
33
11
41
27
14
10
94
67
54
21
76
85
31
28
52
64
64
64
64
39
75
46
53
67
53
78
42
90
56
36
8
91
43
500
31
90
80
92
99
70
69
79
74
97
41
59
28
79
96
45
38
75
69
20
96
63
63
46
84
88
88
88
88
42
34
28
24
7
50
12
33
23
65
62
30
41
18
71
500
89
38
86
15
85
80
68
64
68
1
3
19
27
51
43
64
49
4
35
69
23
75
39
33
71
71
71
71
38
40
39
90
21
30
55
4
49
81
1
22
39
27
31
35
500
89
5
52
49
52
32
48
68
94
70
70
68
28
70
88
40
65
69
67
50
4
6
16
18
18
18
18
13
67
7
25
36
16
95
4
33
51
62
13
53
65
9
53
38
500
6
69
57
83
29
67
95
24
78
72
78
1
47
93
84
72
50
75
20
46
88
66
91
91
91
91
66
93
65
3
72
97
56
19
78
99
89
29
69
43
35
13
3
78
500
86
86
65
24
19
79
14
41
84
42
41
85
97
5
52
15
89
82
19
53
16
48
48
48
48
5
6
13
85
98
12
70
7
67
93
99
15
2
4
31
46
3
66
19
500
32
60
12
98
93
11
72
92
40
17
42
73
48
3
39
92
30
21
69
84
99
99
99
99
42
92
11
90
52
20
99
19
40
28
43
99
77
66
80
25
71
67
72
93
500
27
66
15
33
62
72
83
75
50
79
11
46
96
6
99
21
2
64
4
27
27
27
27
37
92
60
15
31
45
70
60
43
38
35
18
15
16
73
50
32
9
73
6
68
500
63
87
51
67
24
8
92
34
83
61
12
74
9
73
17
63
44
77
8
8
8
8
47
74
81
5
11
20
13
60
39
48
31
37
3
74
14
51
13
41
1
83
99
13
500
62
89
21
82
75
94
24
26
3
13
12
91
78
31
52
29
20
44
44
44
44
57
77
69
2
17
26
66
82
3
89
41
26
46
62
57
49
79
81
28
25
9
50
7
500
96
83
76
9
7
95
17
74
91
86
24
93
41
27
63
11
73
73
73
73
3
21
35
82
51
14
28
27
43
13
26
90
96
97
51
77
39
36
90
55
69
61
61
21
500
75
97
65
7
30
84
94
60
67
5
25
38
62
52
58
94
94
94
94
28
20
40
74
11
14
49
11
84
66
79
2
83
87
22
41
4
23
23
16
23
32
85
79
42
500
39
43
38
96
71
13
17
3
61
78
3
22
42
47
61
61
61
61
43
46
42
61
71
73
70
64
27
43
9
70
13
3
50
47
73
10
76
16
56
32
26
49
27
97
500
38
19
26
47
62
78
67
27
67
86
54
73
68
46
46
46
46
58
50
90
36
33
68
72
15
38
78
79
13
23
22
42
46
95
95
58
61
69
98
83
31
8
18
21
500
25
44
84
93
69
13
56
28
55
50
1
89
6
6
6
6
10
97
59
19
18
51
47
48
59
70
21
13
80
24
89
33
69
14
50
55
99
60
68
15
70
11
81
75
500
78
89
71
19
37
21
12
80
21
62
70
84
84
84
84
7
13
23
70
52
86
83
94
89
45
21
59
12
29
53
54
91
73
76
89
73
94
15
34
8
55
59
12
37
500
64
16
89
46
87
97
38
12
50
11
50
50
50
50
51
28
15
86
28
4
68
4
33
58
59
64
4
40
91
12
66
83
16
85
57
37
44
95
55
84
76
29
73
29
500
34
34
41
20
2
32
99
94
10
25
25
25
25
67
95
96
2
38
6
10
59
17
21
48
26
55
78
15
66
1
8
24
70
1
87
3
47
29
21
41
52
46
61
14
500
16
50
77
48
62
36
37
85
5
5
5
5
13
66
15
96
45
4
35
17
25
98
50
80
54
38
17
11
41
7
12
87
78
27
4
80
58
66
33
19
96
29
23
24
500
85
78
74
66
81
68
40
33
33
33
33
71
85
46
86
16
62
98
9
6
77
63
78
23
22
7
71
40
80
86
6
38
74
35
46
39
32
45
12
84
65
63
99
93
500
20
89
83
30
75
94
72
72
72
72
82
48
40
48
15
95
57
63
52
32
11
19
91
14
13
36
25
76
26
83
22
2
86
1
99
89
97
98
31
37
20
90
3
86
500
61
19
91
49
56
19
19
19
19
37
14
94
81
68
10
45
23
55
10
52
43
90
29
80
19
19
76
9
34
14
86
52
64
18
3
70
90
46
74
91
64
31
64
72
500
41
32
61
79
49
49
49
49
46
86
17
38
64
94
10
89
17
85
51
10
12
57
29
57
76
29
90
27
92
95
55
26
25
99
10
81
34
93
54
79
12
25
49
42
500
77
34
77
37
37
37
37
6
23
86
75
1
20
97
33
12
71
51
89
91
74
36
89
89
47
65
8
60
86
67
9
29
32
90
84
38
81
79
96
18
70
58
44
31
500
16
81
88
88
88
88
20
38
63
50
37
55
14
98
25
65
11
12
10
86
28
56
81
34
95
21
2
7
91
45
52
90
1
1
66
80
63
30
75
45
64
92
2
41
500
29
59
59
59
59
77
98
41
14
63
64
84
28
66
98
56
51
14
41
85
5
80
28
5
17
29
58
44
4
40
33
10
19
27
77
9
61
11
89
11
54
81
6
78
500
59
59
59
59
45
62
55
39
59
34
31
48
69
24
88
15
81
28
73
58
38
43
62
83
57
62
92
12
80
90
16
97
31
30
30
52
43
25
77
17
44
25
66
1
500
500
500
500
45
62
55
39
59
34
31
48
69
24
88
15
81
28
73
58
38
43
62
83
57
62
92
12
80
90
16
97
31
30
30
52
43
25
77
17
44
25
66
1
500
500
500
500
45
62
55
39
59
34
31
48
69
24
88
15
81
28
73
58
38
43
62
83
57
62
92
12
80
90
16
97
31
30
30
52
43
25
77
17
44
25
66
1
500
500
500
500
45
62
55
39
59
34
31
48
69
24
88
15
81
28
73
58
38
43
62
83
57
62
92
12
80
90
16
97
31
30
30
52
43
25
77
17
44
25
66
1
500
500
500
500
225 425 96 305 87 439 393 511 189 271 492 0 396 107 202 276 478 360 66 480 360 501 50 0 182 290 0 519 227 413 185 429 74 82 426 262 375 18 160 0
