2
30
48
48
83
52
61
74
95
68
8
36
41
94
29
81
5
1
76
23
41
20
27
8
2
61
17
43
69
16
23
85
0
0
500
33
65
11
6
25
22
11
20
1
92
46
64
52
18
3
82
29
62
93
77
53
48
88
75
21
55
39
77
14
48
48
15
500
94
23
64
46
52
7
83
38
97
79
56
22
17
96
60
27
90
26
71
93
67
57
1
82
59
76
66
87
65
65
48
17
500
26
52
56
90
52
25
36
78
4
30
83
52
84
90
72
88
22
13
19
80
14
35
66
60
20
49
92
49
49
11
86
14
500
16
25
77
85
50
14
99
97
88
36
33
80
28
76
62
45
5
91
69
82
86
20
21
55
71
81
63
63
36
32
61
35
500
86
27
1
6
88
13
81
43
48
65
50
48
65
38
44
68
74
7
36
75
75
62
94
7
2
99
99
61
67
90
45
42
500
26
11
94
60
44
12
69
59
64
41
48
40
35
63
53
36
33
90
4
63
43
27
21
27
9
9
49
89
18
32
62
30
500
97
15
39
26
36
42
86
3
97
98
45
31
34
20
76
47
72
96
71
47
47
41
87
54
54
31
77
68
47
22
12
41
500
55
90
92
95
81
38
81
66
83
29
64
17
38
9
42
50
68
90
42
16
79
33
2
2
5
73
26
5
34
29
48
17
500
26
26
66
48
40
1
64
62
42
22
86
67
37
91
86
40
91
74
93
9
73
90
90
68
27
78
9
48
30
83
73
65
500
61
21
61
51
86
91
52
38
37
25
38
2
14
44
90
47
49
85
15
21
98
98
24
82
36
29
72
53
62
85
44
96
500
40
15
71
26
92
35
53
3
96
91
94
2
74
25
19
41
40
62
9
38
38
37
21
91
61
63
10
2
57
55
64
7
500
83
18
55
6
63
4
85
79
9
61
48
28
1
95
51
22
40
74
74
74
35
16
97
81
77
7
2
98
45
6
59
60
500
33
7
24
6
58
36
58
94
19
35
5
83
39
27
56
47
52
1
1
28
94
23
36
59
40
28
63
60
21
8
44
29
500
48
4
47
92
31
21
56
19
37
7
32
82
48
73
97
48
46
46
70
19
1
76
70
22
87
14
38
49
8
68
56
39
500
81
39
13
78
12
22
78
75
5
23
20
1
38
48
90
56
56
11
20
67
37
32
21
40
6
29
6
10
45
28
10
44
500
72
33
42
56
2
99
25
76
41
24
16
1
7
78
54
54
33
20
51
56
41
23
34
61
41
19
2
34
20
68
85
92
500
9
43
50
67
51
51
81
42
55
10
40
83
80
52
52
43
5
81
27
25
69
92
53
86
82
67
63
32
97
87
13
31
500
92
23
37
99
36
49
28
40
52
82
32
73
83
83
1
59
41
86
41
43
84
9
8
15
89
9
78
45
17
70
45
59
500
80
63
67
97
48
19
3
29
3
54
11
47
47
75
4
97
88
16
17
59
11
87
99
20
44
60
13
45
61
56
42
40
500
63
40
87
26
66
82
45
90
94
70
74
74
45
13
2
7
21
55
2
74
37
30
60
3
91
3
63
73
7
49
76
45
500
42
6
79
86
53
84
37
54
47
15
15
31
88
80
73
35
79
1
42
99
43
96
56
3
47
84
21
95
24
74
31
54
500
3
9
52
19
82
58
45
65
87
87
23
39
12
9
75
81
60
70
37
58
36
2
92
52
4
42
96
62
83
73
88
15
500
45
75
33
9
51
78
47
23
23
33
73
87
77
3
92
52
71
10
51
24
14
33
88
24
13
3
88
52
65
74
30
88
500
60
48
85
33
96
16
61
61
29
37
82
6
18
94
13
84
29
30
40
41
54
87
37
89
62
34
63
65
77
99
94
55
500
84
72
15
33
41
9
9
19
29
31
13
47
23
2
18
38
65
6
53
60
70
65
83
25
83
57
47
84
92
76
87
69
500
72
81
74
97
43
43
33
2
92
57
66
99
36
71
43
46
4
10
31
8
75
57
65
83
66
65
64
87
35
39
46
83
500
58
25
86
28
28
79
24
69
7
54
19
23
14
86
48
48
40
18
74
92
43
5
98
87
32
35
17
56
43
87
37
8
500
73
26
88
88
20
68
33
9
28
13
34
36
95
78
11
23
19
79
56
16
46
84
90
99
72
73
66
84
45
80
61
46
500
21
79
79
12
2
73
7
26
24
42
49
18
52
87
27
73
48
1
87
48
8
91
60
94
75
36
39
24
63
77
63
8
500
60
60
62
3
90
9
60
46
38
45
59
52
5
75
22
24
69
16
11
57
80
77
45
36
70
57
19
14
38
92
50
78
500
500
62
3
90
9
60
46
38
45
59
52
5
75
22
24
69
16
11
57
80
77
45
36
70
57
19
14
38
92
50
78
500
500
466 679 93 0 698 590 386 729 483 515 377 178 354 233 506 276 57 158 422 190 61 327 777 512 677 0 300 283 552 578
