5
20
55
20
80
46
33
48
60
76
95
2
19
27
20
86
19
40
13
83
39
96
0
0
0
0
0
500
68
85
72
49
88
48
70
55
66
86
3
38
57
85
55
3
97
62
8
78
78
78
78
78
2
500
64
42
66
99
26
39
45
35
98
61
15
21
77
92
10
88
14
87
32
32
32
32
32
55
98
500
17
27
71
93
34
31
6
53
46
55
17
8
90
61
59
84
8
59
59
59
59
59
84
70
74
500
21
86
82
88
13
23
29
8
41
58
18
30
37
58
17
83
77
77
77
77
77
1
23
93
17
500
18
30
70
57
29
73
92
66
82
86
89
43
37
14
24
79
79
79
79
79
13
13
24
57
95
500
56
45
74
74
74
17
47
39
38
19
53
3
67
26
32
32
32
32
32
51
91
73
24
80
62
500
95
44
22
77
9
75
48
60
84
19
68
67
68
67
67
67
67
67
12
13
56
32
90
39
55
500
45
10
96
65
87
59
56
97
8
84
92
95
57
57
57
57
57
2
57
64
45
69
65
99
18
500
38
63
2
57
17
5
37
81
46
80
44
36
36
36
36
36
2
72
39
41
8
61
51
32
57
500
28
8
42
77
65
94
51
95
73
53
14
14
14
14
14
27
37
2
53
64
69
23
80
80
59
500
42
19
36
17
67
84
27
5
99
87
87
87
87
87
61
50
33
54
8
30
25
78
63
33
36
500
97
31
52
70
29
10
22
83
33
33
33
33
33
1
7
44
58
29
78
33
40
31
2
15
34
500
42
67
8
30
11
69
3
55
55
55
55
55
3
34
92
61
98
31
69
71
8
55
69
75
7
500
76
49
62
28
73
24
6
6
6
6
6
22
46
95
80
10
73
43
74
70
77
84
37
27
31
500
90
34
30
79
45
34
34
34
34
34
46
70
54
80
79
38
1
72
79
49
87
5
94
34
44
500
4
57
76
51
92
92
92
92
92
70
90
28
25
75
10
10
40
20
6
7
4
79
19
37
34
500
24
9
72
53
53
53
53
53
61
8
92
87
25
90
36
72
17
29
28
88
57
11
19
4
95
500
31
55
99
99
99
99
99
48
15
9
88
46
43
91
5
32
24
70
21
31
54
73
32
55
81
500
47
72
72
72
72
72
19
93
61
47
33
65
35
12
59
72
9
5
37
41
4
77
22
42
14
500
13
13
13
13
13
3
8
44
96
62
19
46
6
59
2
76
18
23
17
18
44
96
57
10
17
500
500
500
500
500
3
8
44
96
62
19
46
6
59
2
76
18
23
17
18
44
96
57
10
17
500
500
500
500
500
3
8
44
96
62
19
46
6
59
2
76
18
23
17
18
44
96
57
10
17
500
500
500
500
500
3
8
44
96
62
19
46
6
59
2
76
18
23
17
18
44
96
57
10
17
500
500
500
500
500
3
8
44
96
62
19
46
6
59
2
76
18
23
17
18
44
96
57
10
17
500
500
500
500
500
82 0 121 106 176 0 0 0 135 230 43 214 0 28 210 153 197 67 77 149
