2
20
88
84
94
83
75
1
40
1
92
72
51
85
88
63
61
84
76
71
68
67
0
0
500
31
73
22
45
95
33
5
35
31
44
8
25
93
93
92
35
82
53
45
21
21
38
500
86
96
13
21
97
83
79
28
48
64
67
44
2
81
71
62
69
67
83
83
9
74
500
92
40
68
44
54
60
5
66
96
12
95
29
8
91
9
75
64
77
77
83
38
49
500
66
26
29
81
33
42
33
10
84
65
15
19
94
50
28
85
71
71
81
56
63
84
500
44
89
96
33
49
19
5
21
22
45
88
4
45
66
31
84
84
51
30
11
39
96
500
53
45
85
25
55
80
94
30
93
37
22
85
27
85
37
37
6
93
11
94
44
8
500
53
49
20
51
28
38
69
67
87
77
33
26
74
81
81
57
51
49
76
40
8
76
500
58
59
50
16
85
54
59
68
73
50
47
93
77
77
54
68
78
18
34
18
70
55
500
31
54
47
19
23
22
93
87
46
23
72
58
58
8
86
52
95
12
99
8
91
81
500
55
30
58
41
9
78
48
77
30
63
37
37
39
18
78
91
98
75
64
3
71
69
500
96
85
35
2
31
92
21
66
33
62
62
58
25
60
90
48
51
64
78
49
86
88
500
43
4
34
80
19
2
7
18
74
74
71
66
67
42
74
79
10
90
97
98
24
80
500
69
38
34
23
45
5
82
83
83
53
44
64
7
95
51
43
27
2
90
87
64
98
500
67
19
72
15
51
47
9
9
63
26
33
74
21
51
7
21
72
33
79
82
19
17
500
64
80
35
73
4
92
92
92
90
2
48
59
74
81
35
55
28
39
67
93
84
37
500
34
21
58
27
56
56
40
87
53
17
58
72
45
23
33
71
69
10
38
64
6
17
500
57
63
8
22
22
73
30
50
27
57
12
71
31
82
6
68
66
33
78
20
25
46
500
51
64
37
37
5
43
37
17
63
29
40
41
46
60
99
41
17
35
38
27
69
29
500
61
27
27
94
98
60
71
93
71
50
65
10
67
28
53
32
85
90
18
81
12
96
500
93
93
96
67
29
62
84
39
95
23
39
1
37
89
88
71
75
1
80
66
87
37
500
500
96
67
29
62
84
39
95
23
39
1
37
89
88
71
75
1
80
66
87
37
500
500
121 215 85 515 330 704 73 700 413 0 616 418 583 713 261 0 688 181 508 342
