    1   21    2    0    161300
 670013700
18700 7500
17100 7100
11500 5000
 640013500
 660012800
 8800 4400
 660011600
1170010800
16600 8200
14600 4900
10000 4300
 970012000
 6500 8600
 800012600
14800 8400
1060010600
 3500 9400
 7400 6900
 7500 8600
11300 5800
16900 8400
10900 5800
 7500 2400
13700 2900
12400 6300
10400 5600
 3800 1300
13000 7400
14100 6000
12600 7700
 6400 9800
 9400 4600
10300 1600
1660010200
10100 3800
 4100 7700
13600 9100
 1000 2500
1250011800
1660011700
 350018800
 880014800
 760013700
 570010500
 570013700
1030012600
1020011100
1010018900
 490017000
1110016800
1190015000
1590019500
 490012200
1080011900
 800018300
 270011100
1210010100
 930012300
 980011300
1080018300
 780018800
 370013900
1880011200
1670018800
 440016000
 770012800
1060010400
 510016100
1270013900
 600010200
 570018400
1030014600
 160014700
 820011000
1230015600
1490011800
 4800 8800
 250017800
1620011500
1630010100
 640017200
 440014100
 930012200
 770015200
1600012700
 330010700
1070011100
1020011500
 440012600
 7200 9600
 7300 7900
 490011100
 7900 6700
10300 2300
16700 3900
11000 6700
 7700 9000
12000 6500
 4900 6200
16400 7800
 3000 3000
1000010900
13900 3900
 7300 6800
10700 5100
12600 7900
 420012800
1390013400
14000 8300
1090013000
 5100 8400
 490011100
 6700 5600
12800 9300
 180010300
 5800 5200
 6900 4300
 380010100
11100 9900
 980012400
10300 7300
1730010200
 380014700
1330011900
11800 9900
 9800 7400
12900 8600
 3500 6700
12900 8500
13200 8600
 650012100
 640012400
11900 7100
18000 5500
 870010800
 840012000
 990014000
 720013900
 890013700
 6300 5100
11400 8900
 860013000
 7600 7000
14800 7800
10200 9000
 6900 9700
 6500 7200
 8700 3200
 410012200
 990011300
 270011100
10300 7100
 9300 7100
 6400 8700
1950015700
 710015600
1040013500
 740017600
10800 9900
 880015600
 730010500
 6300 9600
1030018400
 270010900
 910012900
 950013700
1060010900
1150019300
1560019400
 940010000
 900010100
 670012700
 270015500
 510012700
1100012400
 880012000
1240010200
 500010400
 600011800
 8200 3500
  40010400
 6500 9100
11300 7100
16200 6600
 6800 8800
12000 8500
 8700 7200
 7700 7400
12000 9000
15100 9200
 400011400
 3700 4700
 630012800
 930013000
11800 3600
 2600 7100
11600 9800
 7100 6500
 3800 9800
 270011300
1120015300
 8700 8900
 580015200
 5200 2300
 9400 8300
 880011100
 5800 5900
 150011300
 990013500
     0.476