    1   21    2    0    169900
 890012000
1070010700
1700012100
1220012900
 640014100
1250012600
 6400 9600
1090010400
14500 8900
 5900 9900
1170014400
 7100 6900
 870010200
1000013300
 750010700
 430014900
12700 8900
1140014200
13100 8900
 9200 8400
1140010900
 8500 9100
 7700 3100
 460010900
1370010200
11300 7100
10600 5100
18100 9900
 8400 6500
 5400 8300
12100 3700
 7900 9400
14800 9200
1450010400
 3900 5700
1000010200
1360010200
 8400 2900
 690011500
1000010600
 880012800
1360011300
 8200 8300
 4400 9700
10100 5700
13600 5200
12400 4700
12100 7600
15000 9800
 640010300
13000 5700
 7800 6800
1200012300
14500 5500
1120013700
1570013900
 5300 7900
1510015000
 940017000
1040011000
11900 9700
1490015500
15300 9800
1310015500
1090011600
1380015600
1040017000
16100 8400
1270016500
 920012900
1020011300
1650015600
1770010900
 4800 9400
 770010100
 830010000
1210016300
1640016800
1700013900
1230015200
10400 8300
 8300 8700
1060013300
1140013100
1200012500
 400013500
1580014400
 980015100
14600 9400
 5400 7600
 540011400
 3200 7300
 940012200
1550011700
 580010300
1150010800
 700013600
10100 8300
17200 4600
1060013200
 650012000
12000 5500
 920013900
1600013900
 1900 7500
 7700 9900
 990012500
11700 5700
 340013800
10100 6400
 860010900
 730013200
1190011400
1230010400
11600 8100
1960011500
16200 4400
1780011400
  40010200
12100 3400
14700 7600
 500011800
1160011700
14300 6300
10900 8200
17100 3200
12900 6600
 5900 4200
1140011400
1080012000
1750010600
 340012400
1720014900
 480011100
10800 8500
11800 8200
 3700 8200
1250012800
 800015100
 520011900
1440013700
1290016200
1170013900
 490011300
 350012300
 730019100
1370015700
1230015700
1120014100
1220013800
 370015700
1590016000
1450011300
1500017200
 720016600
 7500 8100
 7700 3500
 9600 9000
1080010700
 6800 3500
 6000 5200
1020012500
17000 7700
1000012600
 300012700
15300 3500
10200 5600
14000 4800
 8800 3300
11400 9600
1620012800
11800 4000
14400 9400
 9700 8500
 250016700
1440015000
1320016400
 860014000
19800 8000
12900 9900
 850011300
 230011400
11000 2500
 9700 8600
 9100 5900
14400 6800
16800 5500
17800 8700
 2400 6500
1110015200
1090010500
1890011500
14400 7600
1760016400
 4200 9100
1050013300
17500 7800
18000 6700
15500 7000
 1600 7700
17900 7700
14100 9200
12000 9100
 5300 5800
1020018800
1010013200
 120015000
1640016700
 830017700
 400013900
     0.501