    1   31    3    0    168500
 7800 7800
 8500 9500
14000 6600
11200 8200
18300 2300
12100 3700
19200 5200
15300 5900
 250011000
 6400 8400
 9900 5300
 790010700
 9100 7100
 2900 7200
 3200 3300
 780010400
 8700 9400
10800 7000
 8900 7500
15900 3000
 9700 4200
14700 5900
 6800 2900
 8400 3700
 2900 6900
10600 2100
12700 6900
11100 3700
 7300 3800
 8000 2500
1000015100
 6100 9400
 830015900
1560013300
13300 9900
1240016700
1320016200
 770015700
 6300 8700
1300016200
1430011000
1150017100
 850011300
 9500 9000
 550010900
 9800 8200
 820016300
1690011200
1210014500
 6400 8400
1700015900
 6400 7800
 840015300
 420010200
 3200 9900
1090013200
 8000 9400
 770010700
 780012800
 6600 7100
13400 8100
17900 4300
10700  600
15900 9900
14800  500
 2800 5600
 5400 1200
12000 6900
 7300 3000
10200 5300
 2900 3600
 3300 9000
 5400 9200
11200 5600
1360010200
14000 5200
14300 2300
 3000 3300
12900 4400
 7100 1000
11600 4000
 1400 9700
 1600  500
 4800 1700
15400 8700
 6600 6100
  800 1000
17800 9300
14500 7100
13900 6400
13500 5700
14300 6000
 3400 7300
13800 8500
16200 6100
12600 5900
 720010300
11000 7700
 520011500
1040010200
1180013100
 990010400
1600013600
14900 9300
 140012900
 880013700
 6800 7900
10500 7100
 370014800
 760010900
 360013700
1300013100
 710011800
 290012800
1650016300
1740015900
16300 8000
 9200 9900
 460012100
 860012200
1250016200
13900 8600
1080013100
 380013300
 760016900
 910011000
1120015900
1360014100
1470016200
12500 8600
 7200 8600
1470017600
 9200 8200
1090011900
 620011500
 290014400
1240012800
1350014800
1410012800
 870016500
1210010100
1630011800
1330016600
 900015400
 960011700
1300014700
1090015500
11100 9700
 380018700
 480012800
 940016900
1240015200
1420014200
 750015900
1030012900
 390013700
1310010000
 700013200
1580018900
 170017700
 800012500
1070013100
1420015500
1250016300
 350012100
1820014000
1330014900
 300017500
 950015500
1090016200
1660014100
1030017100
1120014200
 280017300
 260011400
1020016200
 970010700
 830017900
1150013000
 420013200
1080014500
1380016700
1290017000
 660010300
 490017700
 810010300
1000013000
 8100 8800
 790017600
1290011500
1030018500
 660013400
1470010400
 730015100
 870019300
 590011700
 720014100
 570016000
 690019600
 8600 9900
1150019200
1300012100
 690019100
1400011200
1150016600
1140012200
 270014400
 250011700
 760013300
1300014400
1000010900
 820013900
 780013000
 830013400
1710013100
1660015300
1350013400
1050011900
 5900 8300
 4700 9500
1510012900
10100 8800
1300010400
13700 9400
 980014200
1680010800
12500 9400
 8500 9300
 860011100
 250014100
 620011400
1590014500
13700 9600
  800 7700
12700 2800
13500 9800
14500 5900
15000 8500
 9800 5400
 5300 7000
10400 6900
15100 8800
 7200 3800
 9100 8700
12300 7600
 3000 6700
14900 9000
11900 4600
10200 9300
 3200 5200
 460011400
12700 2400
11200 3200
13200 4300
 1800 7600
1290010200
1120012600
15200 6600
 9600 8400
1030014300
 740012300
1200012200
 620014400
11100 9700
 8400 5600
 3400 7100
10700 8300
 810014000
 7300 6100
 210014600
10300 5900
 9500 7900
1670011600
12800 6800
 2200 9900
 800014600
 580015000
1050012700
 180012800
 940011600
1510011100
 960014500
 980014000
1010016600
 840011100
1060013300
 530014900
1350013400
 2900 8700
 9600 8700
10300 9200
1400013200
1080015900
 560014600
1550014200
 990011300
 460012600
 300013800
1640014800
 5800 9800
 770011400
 9200 9600
 520012500
1420016400
10700 7600
1450012400
 6500 8900
 900012800
 450015800
1450010800
 630017100
 8900 9400
 8600 5700
 8800 6700
 8300 7500
1250010800
 7400 7800
1060013700
 720011400
 4100 9000
1750011400
10200 8600
15300 8200
 7600 9700
 8400 7200
 4000 7600
 8600 7100
10700 7700
 180011700
 990010400
 690010800
 8200 8300
 9000 4100
 9300 8200
10200 6600
 340011100
12700 2600
 6300 8100
10500 2800
 430011400
 8500 2900
 6300 9800
10400 2600
11500 6800
 6200 3000
 980010200
12000 6200
11400 6100
 9300 3800
11100 9200
 7900 4300
 8400 3200
 550010800
10100 7800
 7200 2000
 420011500
 4900 6500
16400 5900
 8900 3200
 7300 7300
11300 6600
 9800 3300
 9900 3600
12200 4500
 3600 7900
12500 1500
 7300 3800
 6200 3800
 7800 7600
 7200 9700
 8200 6900
 9100 6100
 8100 3900
 3900 6800
 730011900
 9700 7400
10800 7400
 770014100
 9400 9500
 420013400
1420010600
 7400 8100
 860010100
 2900 9200
1040011100
11600 7400
 640014600
11300 6900
 7100 9700
 640012200
17500 5800
1130010600
1200014300
  900 6500
10000 8800
 3700 8900
13300 9700
1440011500
 280012000
11700 8900
 210015700
12000 7700
 840016700
1160012500
 9300 7700
 2900 8300
 540011600
1340014000
 5800 8300
 460010400
 920011000
1430014300
 790013200
 710015100
 2200 9000
 630012800
1080012200
 820015000
13100 9500
 230015900
1820011100
 6900 2100
12500 1400
 2700 2400
 510011000
12300 8700
14600 1700
12000 4200
 4800 2300
 820018200
 770017800
 380010300
 210012400
 360012600
1550018000
 480010300
 590011200
10000 6100
 2200 6600
 9500 7000
 940011000
 950011500
11700 9400
 860010600
 920011600
 2000 8900
 6100 8300
1140011600
1110010900
 330015000
 8600 9000
 8600 8500
15300 9400
11300 2800
 4600 7800
 7800 4400
13400 3000
 5500 1500
 1400 7300
 8200 4200
14000 3400
 770011300
12500 8700
 2600 8600
 570013700
     1.285