    1   31    3    0    166100
12100 7700
 590012100
1870011000
1350012100
1230013000
 3900 8400
1450016400
 2100 9900
 1200 8400
 200017300
1410013500
16600 9800
19300 9400
1070013100
 5400 8100
1230016800
1080011900
1520012200
 930016000
 300017100
 800012800
 450011100
1600012500
 7900 8000
 480011300
1040013100
 8300 9800
 6400 8400
 740015900
 390011800
 420016400
1560016300
1580015600
 700017200
 790018300
1750016400
 820011500
 130016500
 810015700
 570017800
1670015700
1940017200
 960013600
1120018400
 440011600
 830011700
1250016300
 950011700
 760015200
1180013300
 310012800
1810010200
 960017100
 740014900
 2600 9500
 920015300
 350012300
 910011300
 990012900
13200 5000
15200 8300
10500 6400
13000 3800
15700 2600
 4100 9100
 9100 7300
 9500 2500
 5400 7300
16500 7900
1260012200
17600 8200
 4500 3800
 720010700
1400011000
12200 4600
1610011800
 330010400
1000010300
 6100 7300
1330012000
14200 6800
 9900 4100
 9100 9900
 8100 3100
 4600 8700
 5200 6300
 9900 2600
1270014300
1160013600
 960017300
1810011600
 280018000
 790018700
 750014400
1070010700
1000014500
18100 9300
1690010300
 3800 9300
1110016800
1580014700
 990016700
1780014100
 260018500
 590016000
 950016700
19200 9400
1320011300
1160011300
 550014400
 620018300
 420016800
10000 9500
 610011900
 6900 9900
 760014100
15500 9700
 870016600
 790011200
1160014800
 450011800
1520017200
1460011500
1650011000
 440013900
 470017100
1390012300
13100 8700
1080016500
 7300 8500
 480015500
 720014000
1910015700
1090015700
 360013900
 340012100
1330014800
 200013600
 690013300
  20017400
 8400 6000
13900 9000
 420015000
  60014000
11300 6800
1200015000
1730015400
11400 7600
1080015600
10600 9800
 4000 7500
1480013400
12400 6300
1420011900
 200014000
13300 7900
 920015300
1500011600
1490010400
 8200 8100
 9900 9300
 960013200
 910011300
 670013100
 580013800
10600 4200
 190011500
 520012200
11500 7800
12100 6200
1860013200
10400 7300
13800 9000
12200 4100
 560013300
12700 8000
 8500 4100
1060012000
 210010500
10100 4900
 4000 9900
18800 6500
1350011300
 590011900
 790013100
 9500 5700
 1900 4300
 7900 7500
 620010900
1160011600
 760013000
 590015600
 470018000
 980010900
1530017000
1140013000
1210013900
1120015700
 980018000
1120016500
1300016000
11200 9100
 470012000
1150018100
1800018000
 790012200
 270010800
 660015800
 830015400
 360011600
 7400 9200
 220010100
 9800 2100
 9700 7600
10700 3500
13100 7100
12200 2300
17700 2900
 8900 4700
 6900 4000
 9300 2100
15200 9200
16200 2900
 9300 6900
13100 9500
11800 2200
1750010800
10500 6100
 4800 6200
 5400 8400
10000 8400
 900010200
 8600 7100
 7900 6900
 5600 3000
11700 4000
11800 4700
1240010100
17900 9400
 8300 3900
12200 7200
10100 9600
10600 1900
18800 9800
10600 2900
13800 6400
 5200 6900
14000 7700
14700 2300
 5800 6200
 4100 6100
13100 3200
 4700 1200
 4300  700
 6300 5400
 620011400
16800 7300
10300 6200
10300 7300
 5100 9500
13000 7200
 8000 6500
 970011800
16500 3500
 4200 3000
 8100 8200
10000 5400
11200 7900
 9300 5300
12000 7900
 9400 5100
12900 6800
 5500 7000
 590010400
 5100 5900
 9400 7400
18400 7300
1560011400
1140010000
11100 6000
15600 8300
 8400 9600
14000 9100
 400013900
12600 9300
 4100 7600
1700010300
 9600 9600
 3300 6800
 4200 9200
 5700 6600
 820012400
 820012000
  100 5500
1570016700
1320010700
 510018500
 540015800
 720010600
 800012200
1700010900
1060014700
 910010200
 640010700
1180016200
16900 9800
 860013900
 430010500
 940010000
 800013700
1350011200
 290016900
1510015700
1050017300
 940016900
 610011200
1650011200
1150013800
 990012100
1390013200
 750015400
1190018500
1430016900
 460011900
 420010200
1300013200
1000016200
1190010600
 770013400
1100011700
11700 9400
 990011900
1420011600
1720013800
 900018200
 8000 9000
 520015000
1250016600
1500015800
 2600 9100
 720011200
10500 9300
 3100 8500
 940010300
 330010000
10300 5800
14700 9500
 7600 8800
1420010500
 2800 5500
 8000 6700
 5300 8100
11100 4400
13900 5400
 8000 3000
 4700 4200
1550012200
 8800 4800
 860012700
 570012300
1410013000
 9300 8700
13800 5900
 9400 3900
12700 7600
10500 4600
1290011700
1310012700
 9000 3900
 530010600
11400 6600
 750012500
 410012700
 9100 9100
1470014800
1000014200
 4600 6400
13700 8100
1090012800
 960011100
14200 8000
1140015800
 520011200
1460014800
 790015700
 980014000
 9100 9600
1110016400
1060010900
 5500 9500
1130015300
1550014900
15900 9400
 360017000
 160014000
 920016400
1080014700
 730017000
 810011500
 220012900
1000017200
 880016000
 980016900
1280014700
 260015400
 650018300
1130017800
1010013400
 450013800
 620017600
12900 7800
11500 8600
 9900 3500
16600 5100
 6200 8500
 3700 8800
10800 2500
 8900 9100
12900 8400
 6100 3900
1040013000
1040012200
1090010000
 5400 4500
11200 7100
14500 4900
 3000 9700
 910012100
 900013600
10300 3200
1000010000
 8900 3600
 9500 8700
 5700 2800
 8600 8400
10000 8100
 810011100
 720015300
 640016500
 930014900
1410012600
 390017600
 980011200
 2000 9600
 940015600
 810016100
1400016400
 8400 8500
 770015100
 3600 7200
 3900 3400
13500 5400
 6200 5100
 760011300
 1600 2700
13500 5700
 9100 2000
10000 1700
 8000 1600
 300012900
 540010700
  600 5900
12700 3400
 6800 2500
 3700 5600
     1.533