    1   41    3    0    191800
 7300 8400
1710010600
 940011300
1060010600
 4700 8300
10400 9700
1320013800
1050015100
 930013500
1500010400
1260012200
 410015800
 900010200
 670015200
1040011800
 500017100
 830016700
16200 8000
16700 9000
1030011800
 930012000
 920012200
 560016500
 780014500
1410010900
1400010800
 890016100
1650012700
1480014100
 310014600
 940013000
17000 8300
1520016400
1320011600
 730014600
 8200 7700
1120014000
 3800 7500
 370011000
 520016400
 8800 6500
18800 9500
 5700 1400
12500 6600
 7900 4800
10100 5300
11800 4900
1160010500
13600  900
13300 3700
 9600 9100
 8000 2600
 6200 7000
 7400 2300
 3100 7000
 550010300
11900 7600
11000 4600
11500 7300
 9100 5100
17900 1200
 7300 5900
13900 8900
 7700 8500
11600 5500
 3700 8200
13400 5800
12000 8000
10700 3800
 5900 5300
 9700 6800
15100 3400
14600 4000
 6900 2600
13100 9400
 9100 6400
10300 5700
 8000 9600
 3700 7200
1190014700
1220010700
 550016800
1070011900
 670010900
1690016700
1070016700
 700010700
13100 9200
 780015100
 540013700
 360013200
1060011400
 940010900
 660013000
1580016000
1570016400
1030017400
1600012900
1040010500
 820011000
 630018000
1040014700
 540011400
1060012500
1410017700
1100014100
 4900 9000
1060012500
1490014200
1160014000
14900 9800
1540014000
 830010300
1430016100
 3100 9600
 340012400
 490017800
 9200 9800
12700 9400
 640017000
 730016200
 9400 9600
1700012900
1580017400
1080014700
 3900 9400
 310014100
 420011000
1000010100
 500012400
1020011900
11900 9600
1390018200
1560010600
1400012400
 920013600
 550012100
 9600 9500
1310012100
 780016300
 380011900
1440012500
 920010700
1170012800
 610010000
1460018900
1360011200
1790018000
 920017200
 980010200
1630012200
1020013100
 610015900
 800017100
 9200 9400
 780011600
 8900 8500
 790013100
1720015100
1420015200
 8100 7100
1090012000
 8300 8600
 3500 8800
 9700 7300
 580010000
 6400 6000
13800 9500
 990012700
1160012400
 680011300
1320010700
1020012600
 5800 8300
 870010500
 750012900
 890014900
1050015500
1260015200
 9100 6600
 9900 6600
1770012800
1670013000
13800 7300
 730011500
 890012000
1390011300
 520011600
 9200 9900
 6200 8200
 4300 4000
 960010100
 7700 9900
11900 6400
 9200 7000
11700 6400
 6200 5400
 9100 4600
 580012100
12400 4100
 350010100
 7900 8200
14900 7700
1050012400
17200 4700
14200 9300
1220012600
10900 7600
14600 8600
13500 4000
14200 8700
10200 6900
1270012500
18700 8700
 8100 8700
 3100 7600
10800 9400
14000 6800
 940011400
15300 8900
1350010500
14000 6300
 3000 6300
 4800 8400
 8300 6700
16000 4400
 750012500
1510011600
 920013400
 780010900
 630012300
 630011700
 9100 7800
 790012300
 4200 8400
 8200 7000
11200 8500
11800 8200
14900 9500
13700 4400
 9500 4100
12100 4000
11900 6000
10000 6800
10500 6900
 6900 4400
18600 8100
12300 3800
 570012700
  80012000
1170010500
1110013100
1760011200
 8100 7500
1460011900
 910011200
 1700 6900
 250011700
 1300 9000
10800 9300
10600 9300
1500011700
1050014300
11300 8300
 770015500
10000 7500
 450011500
 820011600
 840015800
18300 7800
 840015700
1720011900
 8400 6500
16300 7600
1040013500
1080015400
1140015200
10000 7200
 550010600
10700 7200
1780011900
1130013500
 390013200
 9800 9400
 830012500
13100 9500
1520013400
 830014700
1710010700
 3000 8300
 8100 7700
 2400 9000
 790015500
 8600 9300
 980011200
1030013100
 8400 7800
 890015900
 690014900
 800013000
 390012200
17400 8700
1640012300
1690010700
15800 8500
1760013200
10700 9600
 6500 9200
1110011300
1400016700
 310016500
16800 9900
1150012700
 820015800
 9300 8800
 9300 7600
1180010500
1450015100
11700 9000
11000 7600
 8900 7800
 810014000
 710016300
 120010100
1390016000
1560014800
1230013700
 890015800
 490017500
11800 8500
  70015700
 790013300
1240012100
 990013900
1850017200
10400 8500
 990015800
 930016400
 7900 9300
1560012800
 6000 9000
 180015400
1190012000
 930014700
1070012600
 710016200
1270012400
1590014000
 8900 7800
 920015300
1590010300
11100 8600
 8700 9600
 4700 8000
 150015800
1030012500
 680010600
 4600 8200
 530014500
1310014800
 970012100
 9300 9200
1280011200
14500 8200
16000 7200
1200010900
1410011700
13500 8100
10700 8100
 910015600
 970013300
 290015300
1410011200
11500 6700
1020013900
 7300 8400
1350012900
1750016000
1810011400
11600 8500
1240012000
1330012000
 690015900
10400 6800
 4400 7400
1010015000
 6700 9800
 5700 7200
1290012900
 9100 8700
 820011400
17100 6800
12100 8400
1320013600
1420012100
1780010700
1010015000
 980015000
 790011100
1310012300
 830011200
18100 8100
1480014700
 860011400
 5200 9200
1010012900
11700 6600
1140014200
1240012900
 840015100
1030011300
 6500 8400
 700015900
 800013900
 6300 7400
 620011100
 6300 7900
  70010200
1280013200
 9500 5400
11400 8500
15600 7600
1170012800
14000 6300
 7100 9300
 8500 9300
 750010700
11500 8500
 650012900
14400 6700
 9500 8900
 7600 7300
 1000 7800
12100 5400
17100 9200
10700 9900
1470010900
16300 4500
1320012000
 400012700
 6100 5500
 1600 9500
 5600 8800
 4200 9500
 3900 7200
11500 3000
 9500 5700
15300 7200
12300 8800
14000 6200
 8600 7100
 820011300
12200 5100
14100 6900
11000 8300
 5700 4900
10700 2200
 9600 2900
10100 4500
 600011100
13200 8500
16500 7300
13600 6300
1030011400
1460010200
 9600 8400
 1000 1800
 4300 3900
 5200 7200
 4000 9300
 5700 7300
 8700 5700
16300 8200
10700 9200
17200 8700
 8000 1700
12100 8100
 890010400
10500 7900
14300 6000
13200 4900
 3200 3300
13100 7800
13600 2300
11600 1400
 8100 7300
11100 2300
17200 8600
13200 7800
 940010400
1030010400
16200 9000
 5800 8000
 7400  900
  500 6700
 780012900
 510010700
 950012200
13700 8400
1340010200
 850012800
15700 7300
 9200 7400
 8300 5200
13100 5500
 9300 8400
 9700 9900
1150011300
 980010600
 4500 7600
 6100 5000
 8600 9300
11400 4500
1140012000
 960010500
1150011300
1570012700
 410012800
 4500 9400
 500012300
 9800 7400
10000 7600
14500 7200
12500 8700
12200 8200
13700 3900
13200 1400
 6600 2700
15700 2700
 8800 6800
 6700 2000
11100 6200
11400 8000
 6800 9700
 1400 4800
17800  800
11400 7200
14100 2000
 8600 1800
14000  700
12600 2500
 1100 4500
 5200 1500
 290010300
11200 9000
16000 6300
17200 8800
 7700 4200
1540012500
 5200 9500
 9800 4900
 9600 9500
 6200 5700
 9600 4700
1920012900
14000 7200
 2700 4000
 370011200
1760013100
1050012800
16300 6300
14400 9800
1510010700
13100 7900
 7900 6000
 7400 4600
 7800 3600
1360012500
1090012000
1170014600
1360012700
 4900 9700
1290014400
 760016800
 620011100
 810015600
1210014000
1180016200
 820015800
 510013200
1100016900
1110017700
1590012600
1560016100
 890012500
1230011500
1030013100
 400016900
 370014800
1400014400
1320016100
1650015200
 950016500
 480014600
1220016300
1050014000
 4600 7300
1620011600
13200 9000
 9900 9500
 8800 7300
11400 7300
1550015500
1020012000
10100 9700
1450011100
1240010700
 7000 8800
 560015200
 690014400
1060014500
 920018400
1140014000
 670013600
1540016100
1330018900
 780011000
18000 9600
1120015800
 440013800
 730015400
1090016600
1080010000
1740016700
1070012400
 860011900
1130012700
 650012400
 450011200
 240017600
1220015200
 960016100
1180012700
1190014700
 820013000
 750010900
1570011000
15100 9500
10200 9800
 810015200
1370012700
1190015200
 980015500
1250011700
1000010300
 910012300
  700 9200
 9500 8100
 170010400
 720013800
 670011600
1140017100
1270013100
 690014400
1400012300
 980017600
 5700 9000
 8900 9500
1740012800
1550010800
1740013000
1520015600
1570013100
1610010100
 970015200
1050010000
 1300 8600
1300013100
 8800 7300
11600 8000
 430013300
13500 5500
13700 6500
1110010400
 350013700
1330010900
1150010000
10100 6800
 870012400
15600 5000
15300 6500
 6800 5200
 900011200
  30013200
10100 7700
1370012600
 1300 5000
13300 6000
18900 9600
 6300 5500
 570012000
10700 6800
17100 9300
18200 7000
1270011700
13300 7200
 8300 8900
1010014100
10600 4900
 260012000
1320010300
 710016000
1240015600
1120015000
1170011600
 760011400
1400011000
1560015200
10600 9000
1610016200
13400 9600
1460011400
 300013800
 860010200
 490012600
 580013800
17000 8100
18800 5200
1060011300
 830014500
1190010400
 9600 9800
 9100 5900
1020015000
 870010600
10000 7200
 660013900
 3900 7200
 8800 5500
11800 8400
15300 9800
11600 3900
10300 4900
15800 6900
12300 3500
1320010500
 8100 4300
16900 8700
 9200 1200
 3900 5000
 7300 1600
 660010400
1530013200
 920012100
 980014300
1740014900
1410015600
1840017200
1490013400
1670018400
 8500 9800
 170011000
1210019200
 840015000
 570016800
 590014800
1090015800
1330010500
1810012600
1430010200
1170011400
1420017800
 540010500
 440017600
 240017700
 9600 3100
10700 9500
14000 8300
15700 3200
1280010000
12500 2200
14000 9500
 900010100
 8800 4300
 3900 6800
16600 9000
 8900 9400
 9100 6100
 8700 6000
15900 6500
14600 9000
 1000 3600
10000 2500
 9900 2600
1190014000
1480014200
 8100 8700
1200010700
1070011100
 960017800
 350016700
 450012800
1370012100
 870013800
1170014000
1320014400
 150014000
 670015600
 790012700
 940015400
1670010300
1670013200
 960016000
 330010500
 480018200
 890014100
12900 9200
 8900 6900
 780015100
 220014100
1120017100
 840012700
 340014100
 800016300
 130012300
 460010700
 230014600
 820010200
 6800 4500
 6200 6500
     2.389