    1   51    3    0    1116300
1100011500
11800 2400
 290010900
13600 2500
 4100 2800
 5200 2000
18500 2900
11900 7500
 4100 9400
1080010700
14500 9800
 8300 8300
 7400 7100
 7900 7400
17000 2800
12800 9200
 720010400
12900 5000
10600 9800
 9800 7300
 9900 4500
 9000 6900
 7600 8400
15300 7500
13900 5400
14300 8200
1530011500
 4000 8200
16300 6000
10900 3100
10300 4900
 8200 9200
 7300 4200
14400 5900
 160010700
15500 8500
 640011500
10900 4600
11500 7300
15400 5000
10600 4900
 7200 4300
 5000 9800
12000 7500
17000 2700
 9800 8400
12700 6300
 8900 4800
 9400 3700
 6300 9900
14400 8300
 4900 7900
11600 8500
 7700 6800
1040013400
17000 7600
11100 5900
 950013000
 4800 7600
15800 7700
10300 6700
 8900 7900
 6200 6300
15300 8900
1160012400
14600 6600
1290011100
 3400 8800
 220011700
 640010400
 630012800
 2400 5900
 9800 6800
1390012500
1550010200
14400 9300
10900 7100
1460010900
10600 8600
12600 7500
12500 6200
1330011000
12800 9600
 5900 7900
 940010600
1460011300
16300 5100
17900 5900
11300 7900
 6900 4100
 8800 9800
 660013500
 660011600
1760011100
 250010900
10100 7500
1620012400
 4200 7000
 6200 7800
 8100 7500
13300 7400
1240011300
1050012800
 9500 5700
1360010700
 200011200
 5500 8200
13800 7200
 6100 6100
 880012300
 1500 7900
13900 5300
1360013500
 7500 7800
1430010200
12200 6200
 8400 4700
1280014200
 8000 5700
 7500 6900
 810013800
1140014400
1450011300
 9200 9700
 4200 7000
 9000 7400
12900 5200
14200 5900
12000 5100
 810010600
 710010100
 300012700
 7400 6500
10300 8700
1070013600
12300 4700
15400 5900
1540012300
 7800 9200
 4200 6100
1370012600
15100 5000
1120012900
12600 4600
15600 8400
 390012500
 310012500
 9800 8800
 3500 5400
 6400 4300
11800 8300
 9200 3200
 2900 4700
 9700 2500
10700 5100
 8500 7600
 4600 2000
 4500 9100
18400 8400
 960010700
 9700 4200
13000 9600
 4000 9200
 7600 9400
 7100 7900
 7700 2300
 9200 2300
10500 8100
13700 8900
 9800 8600
10700 3600
 4900 3500
14500 3400
10200 8500
17100 6800
13400 3200
 9700 2200
 9800 6500
 7700 8100
10200 1500
 650010400
11300 6300
12400 4200
15400 3000
 860010700
 8900 1000
 470010600
15800 2600
13600 6400
 9900 2500
 9700 5200
10300 4300
 4800 8600
 1300 9000
 5800 6400
 4500 5500
16900 6400
1290011700
 6100 7300
 4700 7900
13000 5000
 510013700
 2300 6000
 220013700
1590013600
15400 5900
 6000 7700
15100 5800
 9500 6800
 770012200
 630013500
1440011000
 730011400
 9800 9400
1430013000
12000 5800
11600 8000
 4100 4700
 920011700
1650013000
18300 7300
 7800 9900
1200013400
10200 8800
 6700 6100
1240013500
 900010600
1050013200
10100 7700
1540013800
 9900 6700
1610013200
 2000 4800
13300 9600
13700 6100
1030012900
 7900 5300
1420012100
11800 9200
 510010300
1240012100
1270010300
13300 9900
 1800 7900
 5800 7900
16800 7900
 9000 9200
 340011300
 940011800
15600 6000
17600 7600
14500 9200
12100 7800
 5900 4700
 860011500
 6200 5600
11300 3400
 9500 7000
14600 4600
 9400 4200
14600 5000
 9100 5200
12600 6700
11600 4600
15000 4200
15500 5300
1330010300
 750010600
11300 6800
 6500 4600
12900 8400
15400 9500
12800 6200
14700 7200
1350012400
1490012300
 9200 5200
 800011000
11900 4800
10800 4800
11700 4700
 710011900
 8800 8400
10500 5800
 7000 6900
17700 6600
1600014000
 2400 6000
12400 5200
12200 8300
 9900 4400
 3900 6500
 9700 8600
13400 9200
14500 7100
1370013000
16900 7000
 9200 5300
 8500 4900
 6700 4500
12000 4400
 7000 7700
14200 9800
12100 7200
1400011300
13500 7900
 360012500
18000 8400
10200 8300
12200 4600
14100 9600
10300 9800
 880013600
 3900 9300
1340011700
 730012300
15900 6500
15500 5100
1160014200
 710012400
 7100 7600
 920014100
13400 9300
1290012600
 550010900
12500 7900
 7800 8700
 6600 7000
 8300 8500
1030012900
  60017100
 680010800
1660011900
 820019000
 470014100
1000012900
1260019200
1060018500
 9100 9900
16700 9800
 690013700
 180017000
1180010800
1070017000
1110018000
1000010800
 890013000
1690015100
1160016000
12200 9500
1320013500
1760011300
1390017300
 750014800
1270017500
 910018300
 630013600
1300014900
 680012300
1650018500
1710017100
1610018200
 830017000
1390017600
 410015800
 890013600
1190018600
 4600 9600
1040018000
1480010300
 770019000
 190010600
 1300 9000
1330014600
1260012800
 1800 8900
 4700 7500
 610016600
1350010500
1020010000
1400012300
1460011700
 520011600
1050014500
 8900 8300
 880012400
 600012500
1460011400
11400 9800
1740016100
11100 7800
 560010400
 9000 8000
1150016900
1740011000
1470015800
 860010000
 950016900
 790010300
15200 9100
 6500 9300
1210011100
10500 9400
15400 7700
1560011200
14500 8000
 970013900
 860011500
1160017000
 280013300
1080016000
1540013900
 470013700
 8800 7500
 8700 1800
 9500 7700
 9600 7500
 4100 8000
 3900 7500
 9900  800
13800 7900
 8300 5200
13400 7000
 330010000
10300 4200
 8900 5400
 5800 6100
 3900 3400
15900 9500
 7700 3200
11000 1900
14800 2000
 8000 8400
15300 8600
14600 7000
 9700 7600
1250010100
11300 6600
 9400 2400
 2000 6300
 830010000
 760010100
16300 5300
12800 5200
15000 2500
 7100 2000
13000 6900
 6200 7400
 9300 6300
13100 2800
 8800 6300
 5400 3400
14700 5600
11400 4700
 6600 5900
14500 5200
 380012500
 9900 6000
 690012900
15800 8100
11200 8100
1450010800
1280012400
11600 5600
 360011200
 8400 8400
 9500 8200
11100 9000
1430013500
1200013300
 9400 8100
10600 5700
12900 6600
15800 5800
 9800 9500
1000011700
1210013000
 9300 8800
12600 4800
 9100 6700
12700 9100
13500 9300
1720011600
18700 4200
1400011700
16100 6200
13500 5400
 4800 4600
1040010500
15200 5800
 4700 8200
 4900 4600
 9100 5300
 6900 6900
 920010500
 230010200
 5800 9400
 170015000
1600018300
1140011000
1310014600
1340015100
 520014800
 580015700
 980018600
1240012300
 630014700
1640017100
1200015000
1210017000
1190013700
 660011600
1080011100
1440010600
1020018000
1240017900
1550010300
1530012400
1010015200
1090011500
1060018500
1330016600
1150012800
 890015800
1400010900
 730015500
 260010100
 840018900
1830018000
1050017400
 9600 9800
 900015000
 430012800
 710011900
 9100 7900
 4700 8600
 9300 2100
15000 3800
 8800 7600
 8000 4600
 420010900
 480010300
 6800 7800
 8900 4700
 570010000
14100 4400
11600 8900
11400 4900
 8800 9900
11900 9600
17200 4800
14100 5800
10600 4200
 7900 9700
12000 4900
13700 9400
 520010500
13700 8400
12500 9600
1770011000
17700 4200
12500 2900
 7200 6200
 9800 8000
 6000 2800
1370011100
18300 9600
 4900 8100
 620010600
16800 5000
 2200 4600
 400010700
 800010700
10400 4500
1320010700
 4900 3400
16800 6700
10800 4500
 2600 8900
 4700 3800
 9200 6300
 7100 4000
14000 7500
10900 6800
 830011400
15900 8600
 910010100
16700 9200
10800 5900
18000 5700
11200 7700
15000 3100
15400 7100
 5800 3300
10400 5100
 7400 4300
11400 3500
10300 6300
 9900 4900
 6800 4200
 9100 5500
 6900 9000
1320010400
 9800 7400
 7200 1900
 910010100
 7600 8600
 3900 9200
 3000 5200
10300 1800
14200 9300
 8800 4600
 8700 5100
 3700 8800
10500 8000
 4300 6900
 8000 9000
10100 1600
 9700 5100
 8600 2700
 8900 5900
16300 8200
 7600 8800
 9700 6800
10100  800
18800 5400
10300 9500
10700 2000
12400 1600
 2300 3100
12200 3500
 8800 5300
16700 2600
19300 3300
16900 6800
11400 2600
14200 9500
 6400 7200
12400 6100
17400 8900
 7400 3000
 6100 6000
11600 9700
 5300 7100
 7700 5300
13000 9500
1030017200
1610010400
1210013200
1010014200
1030014700
1440010300
 500010000
1640011400
1560013300
 9700 9700
1140016700
 980018100
1530018100
18000 9200
1170016100
1040013700
1390014300
 7300 9800
 730016600
1120011600
 790017400
11000 9300
1310015700
 990015000
15900 9400
 730017500
 420018000
 910014500
1500018000
 250010800
 930018200
1520013400
 880015300
 380017000
10300 9300
1570011700
 420015000
 370013700
1080012000
1000012200
 990013500
1230014700
1160013700
1120015300
 9900 9500
 360015500
 9200 9700
1890015200
1270015500
 750011800
1530013300
1620014700
1070015000
 830014600
14000 8400
10400 9600
1340014900
1220011200
 980011000
1140012500
10800 8800
 970014900
 970011800
 8700 8500
13700 7800
1140014300
 530013800
 940010200
17400 7600
 960010200
 560011500
13800 4800
 950012800
 180011500
1690013800
 8800 9700
1620012200
14300 7900
 7100 9800
13900 8000
1040013200
1400013300
1040011800
1110010600
1560013100
1050014100
14700 9600
1260013300
13800 7400
1390013900
1300012100
 900011200
 9100 5900
 3000 9900
1340013800
1280014300
1000011500
 780010800
1450012900
 2700 4900
 530013700
 5000 8600
 7400 7800
 740016000
13600 9500
 640013000
1400015400
1490016600
1510015400
1630010500
1260017100
 960016600
1650011100
10800 7900
1300017100
 710015700
1640014500
 170016200
1140011100
1230014800
 850012200
1220014800
1240011700
 870010600
1200010800
 4400 8600
1530017300
1050013500
1070012600
1130012700
15300 9000
 520016300
 8300 9300
 1200 4400
 8100 8800
13200 7500
 340010600
1740010700
 7100 4100
15000 8500
16000 4100
 6700 7300
14400 3800
1330011700
16000 7400
1500010000
 7700 6800
 8600 7500
 6600 8400
 8300 7900
 8300 5800
 8300 4000
12600 9400
16100 6400
1260010700
 9800 8200
 250011800
10100 9300
1590012000
 4900 8000
 8000 7300
12000 6100
 760010700
 100010700
 6300 9100
10700 7500
10600 4400
 9600 7500
12100 7700
 8100 1500
12200 7700
 5100 7600
12500 4400
15000 5900
16700 7700
10200 3900
13500 8400
1430010100
 3300 8500
16300 8000
11000 6000
12400 1000
14500 3900
 8000 8300
16300 4500
15200 9500
 5600 8300
 9100 1700
17600 9300
11000 7500
10400 8400
16300 7700
 3000 3200
 7200 2100
12700 8600
 530010800
12500 9800
12100 5000
14700 8200
10100 6500
 4500 5600
1290012700
1700012700
1080013300
 9400 5700
13700 7600
 750011500
 6500 9500
13900 8400
11200 5800
1200010200
14200 4300
 8200 7100
 8600 7400
1470012000
1080011600
 650013100
1670010500
 4400 9300
 510011300
13500 9500
 7400 7400
 6400 8000
 1700 7200
12200 8100
1160014800
 900013700
1400010100
1090011300
12000 9300
1930013600
13600 8500
1260011800
1060014300
1070014900
1010013900
15800 8400
11900 6000
 990013200
17800 6400
1130012700
 6800 6600
 8500 6400
 550012600
12200 8100
16300 9600
 320012300
1260011500
1150011600
 240010800
 8300 8700
 8100 8900
 7900 2200
10400 6400
13600 6600
 9100 7500
13900 7100
1170010000
13900 5400
1250010200
 7000 4600
 8000 3500
 7600 8500
14400 6600
12900 2100
1070010200
13400 5000
 890010600
1240010400
14500 2000
 1700 1400
 8600 5800
 9400 6800
 3900 5100
 8300 2100
1290010700
1070010500
 6100 9400
14700 9000
1510012100
1500015100
1040014300
1520016100
1430013200
1370016800
1090016600
 750015400
1400014000
 3400 9700
14600 9900
1140016800
 980011000
1200014700
 830016600
1100012100
1500010700
 740015500
 860011900
1260013600
 940014400
 580014600
1650017200
 780012100
 5500 9800
 890010500
1640010400
 540010600
1840010700
1490012100
1350016500
13400 9200
1190015900
1120014900
10600 9100
14600 7300
14000 7600
1530016600
 960011600
12500 9000
1330010800
16100 9100
 5700 7700
 680015200
1790016800
 450011800
 710015300
 790012300
 7700 8200
 460013700
1210011800
1250014700
1510016500
1940017000
1540014000
1010013900
 940016900
1600012000
 8400 8700
 820014000
12000 9100
1190014300
1350016200
16800 9900
1470011800
1450017500
 430012900
 790011300
1010014200
 950011900
 790013700
 8800 9000
 820015500
 4100 8900
1080012900
1770011200
1140014700
1750013300
1240014900
1260015100
 720015000
 550014700
 950010100
1280013900
 840014700
1130010000
 7100 9600
 820010000
 760012100
 460014400
 790011000
 9500 8900
 260017300
 670013200
1660017500
 710014100
 650013200
12900 4800
13300 7400
12000 6400
 8700 8700
14100 4400
13700 9000
 4300 9300
10300 4600
12400 6100
1550011100
 990012300
 7600 5200
 8400 8800
 7500 7100
 8700 9700
1440011000
17200 4800
 7400 5200
1160012100
13600 7100
 590010400
 7600 6500
1150014700
18200 9300
1090014600
1230015200
12400 9200
 220010400
1030014100
1010013700
 840017600
1250013600
1140011100
1570014400
1240010300
 480018200
 9900 9300
1130012400
 4100 9300
1010014000
1480017800
 9800 9100
 620010600
1440018400
1070011500
 980015300
1110012900
 540015200
 920010000
1330013300
1460013400
1510012300
1310012400
 950018000
1270016800
 920011300
 840019000
1450011000
1020016300
 500011600
 780016000
 570014400
  20012800
1150015000
 980017100
1010016100
1000010500
1100017300
1050013700
1090012900
1350019400
1600012200
 990019100
1150018200
 420015500
1410016600
13600 9800
 690015800
1430014300
1470018000
 800011500
 110011800
 9700 9200
1040011200
 650010400
 9600 7400
1120014700
1300013500
14600 9800
12400 9800
1150011600
1400011700
 3900 7600
 8300 7700
1830014600
1230011200
 450015300
 830014600
 4200 9200
 680012900
13300 9700
 4100 6800
10500 8200
14500 9300
14400 5900
1490010900
1680011900
1200013200
15100 8700
 250014900
11100 6400
10000 8600
12300 5800
13500 6600
1440011000
1140012900
 220013000
 840013400
 7200 7300
11600 7100
1000012500
1250014600
 990010900
1030010900
1120010500
 940014900
 990013700
18200 8700
10900 9300
 6500 7800
 8200 7000
 7800 8800
 380015000
11600 5500
13400 5600
 9200 9900
11100 2100
13800 3900
13700 7500
 810011000
 1700 3400
1200011300
 980010600
10500 7800
12200 8700
11900 2200
 7300 6000
 2400 4000
 9700 8600
 800015000
17200 9600
13600 9000
13700 6800
 6800 8900
 780010600
1290014900
1830014100
1160015200
 7800 8000
1270010600
 490016100
 190010900
 810011600
17900 6800
11200 9500
16000 8100
12600 9200
 770015000
1370012500
1020011600
1080014100
11900 7100
1160012300
 5500 8500
 450014600
17800 9800
1590015800
 680014300
 6500 9300
 760016100
14400 8000
1440010400
 480016400
 9300 9800
1010012500
 630016400
 490017100
1530011300
 750010900
14500 9600
 320010100
 840010000
1150015300
 820016500
1080016800
1440010200
 310013700
 5400 9800
 7500 9200
1220010800
 520016600
15200 9800
1520013500
10300 7600
 510013100
 9800 8200
 920012500
 660015900
11100 6800
 4700 8800
1260012000
1780013600
 4800 8800
 900011300
 9300 6900
1110010900
 300014900
 420016200
15900 8800
 940011500
 4800 9900
 780010600
1450016200
 460012800
 880016100
13900 2200
14900 9800
 2500 8400
 9800 8800
16900 9300
 6200 4600
 8400 8200
1250014500
 950015000
 820013600
1410010900
 5000 9900
 8800 8000
 670017500
1070016600
1210016500
1150014500
 170011800
10700 6900
 970012200
 5100 7400
 6500 9300
1410013400
 4000 7100
 8300 5700
 770012200
 500010000
 910011100
     3.138