    1   21    4    0    135200
 9300 8000
10600 7500
 420015800
 290013700
1330014200
1050012400
1590011800
1060011200
1030015100
 960014200
15400 7600
 8600 9200
1190011300
 2800 6600
 560011500
 3600 8100
1660011900
1060015700
 760012800
 3800 8400
 840012800
 710011600
 2500 9000
1280012900
 880012300
1080011900
 6700 3400
10700 5100
15300 7600
13600 9200
 760011400
16000 8100
 3000 7400
 130013000
12300 4900
 6900 4300
 6900 4700
15400 6500
 7700 9600
11800 7700
10900 2300
 740010300
 8000 5300
16700 9100
 6800 7900
10800 3500
11200 1100
 9600 9100
 8900 1700
 9600 2600
 3800 4500
  300 3100
 8500 5100
15100 2200
1490010500
 9100 6100
  600 7000
 810010300
 7700 4400
14300 8000
14300 8600
 4900 6000
 820012900
12900 9000
1380013100
12300 8400
13800 4400
 430010700
 4200 5900
11000 5300
1180012300
13600 6600
10100 8000
 590012900
16100 4300
14100 4500
 7900 3500
10100 5300
 9200 9900
10900 4200
16600 9300
1500010800
10100 2400
 6200 6900
 3800 7500
 5500 6600
 6900 9200
10500 9300
1090010300
 1200 2700
1160010500
15200 7700
 560014300
 720015500
1060012700
12000 9000
1530012100
16800 7500
 740016600
 260011200
 6900 9000
1070013700
 6400 8200
 830010100
 380010500
 850013300
 760014100
 4800 7600
 970012800
17600 9400
1070010100
1520010100
 5700 7400
 710016700
 700010600
 800014700
 700013100
 810016800
 520015300
 5400 7700
13600 9800
10900 9700
1300011600
 970016900
1600016000
1030010800
 3400 9800
11300 8600
 930016500
1460017100
14700 7900
 1000 9500
 9200 4700
 970010700
1570011000
 710011600
13400 5500
 9900 3800
 4400 9900
 7200 7900
15600 7100
11600 6700
15400 8700
 8900 6900
1350010300
14300 8200
15100 7100
 840012400
 6900 5800
 4600 8600
12400 4800
1310010100
12600 9400
12500 4900
 660014500
1660018700
1510011300
1370011200
 190019000
 180014200
 590018400
 970017600
1240010400
 860011400
 550013400
 9400 9700
1550012300
 650018200
 570010800
 920018300
1190017800
1040014400
1020011100
 530011300
1610010400
 1900 8800
 2400 9800
1110012900
10200 8500
1160011100
 6700 7600
 9100 5800
 7600 7900
 760013400
 940015900
 680013800
1110015400
1300015600
  700 7700
 3400 4800
 3100 6800
13600 8600
14300 6400
10800 5600
 3200 7800
 6900 6100
11000 7400
 9000 6600
 7000 5100
 6100 8000
 9100 2800
13500 6200
 8300 8000
 8600 8700
 5600 9800
1420014900
 2700 9600
 7300 9700
 350011700
 550013200
     0.446