    1   21    4    0    129100
 3300 8800
14600 5900
 9200 8300
 2500 4700
 3500 8900
 2600 2600
12000 9100
13400 6800
 9000 1200
 5000 3400
12000 2800
10000 7900
 7400 7200
 6100 9100
15700 2500
 3900 9700
10700 2800
11600 3400
 4800 6700
 2900 3500
17500 9200
 1100 2500
 7600 5300
10600 2600
10200 7600
13500 2700
 9700 3800
13100 8900
 5500 9600
 5400 9400
 4700 4200
 6100 3700
 9800 4700
14100 9800
 8100 3700
12100 7400
 6100 5100
 9000 2700
 800011200
 3100 9700
 5300 9700
1060014600
 920014200
1370015800
1000017400
1550011800
 480016600
1140018100
 610010200
 490010900
1460018500
1670015200
 990011700
15700 9300
1040014800
 880015500
 510014000
 3500 8000
  900 7900
 6800 8200
13400 6400
12400 2000
12100 7700
 4800 4500
 4400 2600
12500 4800
12700 1300
11000 8300
15500 9000
  600 6400
14500 5800
11000 9900
 8900 4600
 2300 5500
 5700 9600
10000 4000
18200 4900
12000 4900
13500 8000
 7000 7000
 960010300
 7500 3300
 6500 4600
10200 7800
18000 9600
 2400 2900
12500 8400
 7200 7000
 8400 3600
 520010900
 8900 3400
11300 6500
12300 2800
 930010500
 6300 2400
 6900 9800
 8500 8000
 5400 8600
10600 3700
18600 9400
 3300 3400
14700 8200
 6600 4200
 4700 3400
 7300 1600
16000 4800
 7900 4200
10200 9300
 3400 9900
 730010600
13400 6700
10600 3200
 5800 5400
11100 2500
 8800 2800
13500 4100
 5000 9100
 6700 3300
 8900 2500
1210014000
1070010400
 400010800
1180015500
 920011500
 7300 9300
1440017800
1600018300
 920011800
1200015400
 7100 9300
 940018300
 9500 9500
11800 7700
 800012400
 650012400
10400 6700
 690015200
 880013900
1680012000
 460011100
1180010200
 6700 6300
1050010600
 340014800
 420012700
 5100 7700
 510013500
 910010100
 8900 6900
17000 6400
 8900 6800
 890011200
 760015500
1010012800
 2400 6200
 5200 4300
 8600 9200
 9600 9800
 9200 6800
14400 7200
 5400 9600
 9800 3500
 6300 6400
10900 5800
 4900 7100
 7800 8300
11700 6400
11900 5100
12000 3800
 830011300
14500 5000
 7000 4000
10200 6200
 7600 5100
 9900 4900
11900 7700
1050010700
 640012000
12100 3900
 5300 8000
11500 4600
 5400 4100
 6200 9600
1260011000
 6100 9100
11900 8400
 9800 3600
 7900 6100
 280010200
13100 7100
 1100 9400
11000 9200
 720011800
1230014800
 8600 5700
 470016500
1680013200
 390011100
1370017500
 560015300
 880010000
 6200 5200
 4300 7900
 7600 5800
 800011300
 590015600
 6800 8900
 400011600
 190010800
 7400 9200
     0.407