    1   21    5    0    130600
1230014200
 670013700
1330016500
 870010600
1030012200
 420013700
1430014300
1030016300
 250018900
1140016300
 880016300
 990017600
1170015900
1150013300
 900011800
1440013000
 150013400
1830017600
 530014000
 600010600
1150010700
1730015200
 5800 8300
15100 8000
 770013400
13500 9200
1290011300
 600015900
 970012000
 810012600
 990010100
1140016600
16800 8700
12100 7800
 860012500
 5900 8700
14400 9900
 430015300
 7100 8800
1350011700
11800 5800
 6800 5900
 7500 9500
13100 9800
 860011800
 460010200
13800 7200
1260014100
 5000 9000
1400013600
14200 6700
 560011500
1740010300
 7300 8300
1590010600
 6600 7200
 310014900
 850016500
 770016900
 160015500
1600015200
1280010100
 6500 8100
 8400 8500
 880017100
 830015100
1160012200
1500016800
 570013600
1770016000
 230015600
1330017000
 810013400
 100017600
 5900 5900
 5100 9700
 9900 4000
11600 9300
 6600 3600
 9900 4900
13400 3900
 3500 5800
1550011000
15900 4700
 3000 9100
 9200 3700
  90012100
1630010000
12500 9500
 7700 9900
 7200 6400
1790015400
 6400 6400
 9000 9300
1220011400
1100013900
11300 8600
1760011200
1310010100
 890010400
12200 5800
 6900 5900
17600 6200
11500 8300
 8600 9500
15700 9800
10000 2700
11200 8300
14700 4700
10000 9700
 5100 2700
 9700 2300
19300 8600
 7000 9700
 9100 6000
 6400 2300
16500 4900
 9900 2200
 9600 2400
 790015100
 200018600
1680014100
1160011800
 340014100
1040018000
1230010500
1080018300
1140018300
 360013700
1520012400
 350013500
 680016900
 2800 6700
1060011400
 9300 9300
 6800 9200
1860013100
1450011400
 7200 4000
16600 6900
 940011600
13200 8300
 8900 9000
 570013100
 7700 6300
 4800 7600
 2400 3600
13300 9600
12000 5400
10400 1800
11000 6800
 3300 4600
15600 9000
 7800 1700
 510011000
1050011600
 870013000
1120011500
1390016900
1230014800
 980012300
 7000 7300
1000011600
 9500 8700
 990011300
 610013300
 880010400
13600 5700
 4000 9400
 870012200
 6200 6900
10000 7600
 6600 5900
 6200 5100
12300 3100
14900 5900
 9600 7000
12200 6100
  500 3500
15200 4000
 4600 6500
 2700 6900
1460018300
 580015400
 860016300
 400010800
1000015000
11200 9800
 380014000
 560015600
1010011700
 620016800
1810014400
1160011300
  50011200
1660011700
 7100 6700
12300 8500
 3700 9400
 1500 4100
 230011400
1700015900
 660017600
 750015400
13400 5700
 9300 7900
 9200 3000
 6800 9800
 810012900
  300 4000
     0.262