    1   41    5    0    150200
15900 6200
 7800 5100
14800 2500
15800 9400
13000  900
 3500 3300
 7600 8700
16300 4100
 4100 4100
 9100 5200
 6100 6700
10900 6300
13700 4400
 3900 5400
16200 9000
 8500 9700
10300 4200
 5200 7400
16700  900
 8300 2100
 8900 9800
 740010400
1350010300
 9500 9800
 3600 3700
12100 1400
11800 8600
11600 3700
 6000 4600
 8000 1300
 1400 9800
 880010500
10400 3400
 6900 6700
 8000 7600
10800 8800
 6800 1400
 7000 8600
10900 9700
 9500 3200
 710011800
 9700 8500
1030014100
1720012800
1090013300
 440015800
 910011300
10200 9100
1690012300
 320011400
10900 8300
 7200 7100
 3900 8000
 8500 9700
11800 9000
 900012300
 9400 7600
 970016100
1260010800
1330014700
 5200 7100
15400 6600
1210010000
 2900 9300
 9100 8100
1010010100
1720010700
 710010900
1130013700
 2800 8700
 750013600
1410010000
1020013600
 810014000
 6000 6700
 820014300
 4700 8000
1020013600
 830015100
14500 2200
11900 9400
11200 3400
10500 5200
 6700 8200
 9300 8400
13000 5500
11400 6500
1040011700
 5900 8600
 7500 6000
 2900 9500
10000 5700
 7600 3800
1120011400
 480010000
1550010000
 9100 4700
13300 3100
11600 9700
1110010400
 6100 4000
 3600 5600
 3400 3200
1170011600
10800 2300
 2500 2900
11600 6400
 5500 9700
 5500 2500
 8300 7000
12200 4900
12200 3600
 720010100
 4700 7800
 850010400
 4500 2900
 2800 5100
1300016100
 880011700
1000015200
1000011600
 720012700
1060016000
1330011800
 820013900
 520011400
 7900 9200
 720017400
1130010200
1550011000
 210013300
 340015700
1340015800
1500015900
 960015600
13200 9200
1200018300
 500013300
 640016000
 870017500
1280013200
1020013500
 980013100
 6200 9300
 400017500
 230014100
 790010200
 6900 9600
 590015900
 570012900
1040018200
12100 9600
 3900 9700
 940013000
 990014800
 510015300
 820016200
 720018800
10000 9600
1180010500
 320013300
 680010300
 980010400
 320015200
 960013900
1180015500
 600018900
 350018100
1360016900
 870011000
 730013800
 850015300
1100018100
 610015800
 690014200
 500016100
 650013800
1720017400
 580013900
 920013800
 270012000
 4200 9300
1060013300
1200010300
1250015900
 810015100
1090013900
 660016100
1100017700
 830016400
 410015900
 240013700
 710014700
1160011000
 760012500
 9500 9400
 440011500
 9900 7600
 450012800
15300 8200
1290013300
1160014200
 150010200
1130010100
1640016600
11100 9100
1220015300
1460016200
 380010800
  50016200
 720016400
 830017100
17900 8000
 630014400
 5900 9100
 3800 7700
 480017100
10300 7700
 730014400
1330013700
 770013500
1150012200
 680014300
 580012500
 990012100
11300 6200
 8100 9600
 8500 9700
 8200 6800
10200 9400
 6200 9100
 7400 9500
 9000 3500
 9600 3900
10500 5700
 2600 5200
 2000 5200
12900 3600
11500 4000
12800 9100
 4500 8700
12400 8200
 6900 1900
 5000 3400
1160010900
 5600 3400
12400 8300
 790011100
 9700 4400
 4700 3600
 8400 2700
 740011100
11200 4800
1280010600
 5600 3300
 8600 3400
 8400 9700
 7200 1900
 940010700
 6700 5300
10600 4500
1610011000
10000 6800
 7700 2500
 7500 7600
 4300 9500
13700 7100
16900 7600
 7300 8700
 1100 7500
12900 6500
12200 2900
10000 7500
1240011500
13000 6600
 3700 2800
 970011000
 760010200
 3900 3700
19000 2900
 5900 3300
 650010200
 800011600
 9500 8600
 6200 3300
 5000 2900
 880011900
 6000 5500
 8300 6500
11100 4300
 2900 7900
 6100 9700
 820011900
13800 7200
10600 6800
 8900 7200
16200 8800
11200 7500
 660014900
1350013700
 440015700
 5300 9800
 790014500
1490011000
1120012900
12000 6800
1500013200
 800014100
 840011600
 390015800
1060011900
1290016000
 800014000
12500 7300
 590015400
 820012800
1260015700
12400 9500
10000 9700
 7900 9000
1110013400
 830011900
 530016100
 950011600
14500 6600
 6900 4500
 2600 5600
10400 6700
 9500 8000
 750010200
11100 5400
 610010800
 220012700
1470013400
 830011200
 8300 6900
1070011800
1380011400
1160013300
 7500 6300
 610011900
12300 3700
1410011900
 2700 8100
 9300 6500
 2200 5700
 6800 8300
 4400 9200
 5100 4100
1080012200
11700 9300
 7700 8000
12600 9900
 840013100
 8500 5000
 700012800
 390014400
1250017200
 900011200
12000 9900
1340016500
 910011700
 410013000
1130011800
17100 9700
1120010200
 680012700
13200 8600
 820017000
  700 8100
 3500 8700
 790010800
1910010100
 2700 7900
 640014800
 900016100
 4900 9900
1180014600
1220011400
1110013300
 660011100
1090016000
1180012300
 680013300
 690016100
 9500 8800
14600 8000
 790012700
 8700 6900
15600 3300
10900 4500
 7600 4700
17300 3000
1650010800
15400 9200
1150011000
18400 3700
 4600 8700
 9900 4500
 4900 8200
 650011400
1850010800
 980010000
1360010000
 840010500
 6400 6500
 530011300
11400 5900
1210011900
11200 7900
 8500 9300
11700 8900
 8900 3500
 6600 7100
 8300 4400
 4100 8500
1050011000
15500 2900
1000010800
 1200 7500
 9100 5200
16700 9400
12000 4800
 9000 4000
16700 8600
 9000 4400
 460010500
 9300 2100
12300 2700
14100 5600
 9100 4000
 9200 4700
 4100 6700
 5400 9900
 4700 4700
11600 5300
10900 6600
 5200 8000
 7300 3100
11000 7400
 6300 6400
 4900 5600
 3800 8200
 700016600
1720016200
 5300 9700
 910014000
10700 6800
1400016100
16300 7500
 990010600
1040011300
 8700 7700
 300011700
 9200 7000
 770012500
1290015000
 650014300
1410014300
 660014700
 8500 6800
1200014000
1390011700
 890012600
 510016000
 870012800
1140013600
 420012700
 360013800
 6700 3400
 8700 7600
 3100 7600
 380010100
1140012400
15100 4000
 8200 6900
 4700 7100
11400 5500
 4800 9200
 1100 6500
 9200 6000
 3100 5600
11700 5600
 2700 7200
 9700 4800
 7400 8800
 9900 8500
 6700 7000
13400 8000
1300012000
 510010700
 8900 4600
10000 4300
 790010900
 8800 7100
1320015400
 830014200
 750010800
10400 7300
15600 7400
1440014800
 550010000
1430014900
12600 7900
 230011400
 560010800
 930010900
1720012900
 880013800
1180015200
 1500 6600
1040014300
1100013200
1400013900
1290010800
10200 6800
1060012700
1350011900
1090014600
 120012600
11000 8900
 1200 8200
1270012300
15900 8300
1540013600
 840010100
1680013800
 840012600
 800012600
 990010700
 300011400
1260013000
 750014000
 750015700
 920010200
 750015100
1180011600
 700010200
1090015000
1000016100
 8100 8500
 570011700
 2900 9700
 740014100
1010011900
 9500 9800
15700 8400
15100 6500
 5600 6500
12200 8000
12700 2600
 6300 5900
 780010000
10400 2100
13100 2200
 2900 6200
 800010000
 6500 3700
 7200 4500
10100 7000
11300 2100
 8000 5500
 4700 2700
 6100 9000
11700 5600
10400 5500
 7400 8000
11800 8400
 9700 2200
 9500 2400
10500 7600
10200 9200
 4200 6900
 6800 9300
 6400 7700
 4200 6400
16400 7800
 220010300
 5800 4100
 6500 5500
 770010200
14100 6600
 6800  800
 6700 1400
 4900 3000
 5000 8000
 8700 8100
 6100 3700
 4000 4600
 940015300
11200 8700
 460012400
1180013900
 760016600
 130011700
1120010100
 380011600
15200 8300
 980015200
 660016400
 910010700
1030014200
1290014500
1390017400
 640016200
 380012500
1020010600
1320016000
 470015900
 8700 8600
17000 8900
 700017100
1340016400
 800015500
 750015200
12400 9800
 610011400
1440016500
 810010500
 880013000
  40017400
 310014200
 860015500
 9400 8600
 930013000
1070016400
 950016900
 690012300
 540016600
 360014000
 790010500
1380010800
 430013200
 680010400
 900016900
 340012700
1400012600
 5000 9400
1280012300
  30010600
11100 8900
1320013700
 8600 9800
1250012700
1240014300
1330015700
1030016200
 270017000
 930015300
1830010000
1140010300
 4700 6000
1080013900
 500010100
12700 9800
 530010900
1030012700
 320013500
 350013300
 850010800
 710013100
 9300 5700
 4800 4700
 9500 5500
 810010800
 3100 8600
 930010500
1320017500
 560013200
 910011100
 880010100
1000010800
 730019000
1120012300
 460016700
 200011700
1320018800
1150017500
 730014400
 700017400
 980016400
1080012200
 480016000
 500013400
  80010500
1230010900
 9900 5100
1740012700
 6800 7400
 9900 4400
 4100 7400
 6900 4700
 5400 6200
13300 9600
 600013100
 8200 7500
 3800 4400
 7300 4600
 820011200
 4300 4700
 5700 7200
 8900 1800
18500 4300
 1400 4200
 7200  700
 3600 5000
 5700 4700
 8400 5300
11600 9700
 7300 5200
10400 6700
13000 3000
11800 7900
 9200 2200
 1100  500
11100 5900
13300 5900
 390012300
 530011000
 7100 5800
 2800 7100
10800 4000
12200 6700
 750012200
 9300 5200
 9600 5200
 4400 5400
 6100 3100
 5900 6200
11000 8200
 9100 3600
 890012500
 7800 8700
 3900 4900
 940012200
 7400 5200
13100 5000
 5300 7200
1040010800
 7800 5200
1040012200
  600 3800
 140010900
 540013800
 480016600
 640015500
 760015100
 950010900
1120016800
 410019400
 570015600
 430014100
 520012000
 220013200
12800 3600
  500 8500
 8400 7900
10000 5800
12600 6100
 510010900
13100 2000
11100 2400
 7600 4400
 9300 5400
 6600 9100
 8600 7200
 9200 8500
1050012300
13000 9600
 480010600
1170014400
11800 6200
 960011800
 130013800
 810010700
1110010000
12800 3900
13800 8700
14100 2500
 6200 1600
12900 4000
 9200 7000
10500 7600
 4200 2900
 8500 5000
 9800 6700
10000 8200
 5300 3100
11300 8600
11600 9600
 7700 3300
 9100 3400
 5300 7800
11500 5200
 5800 8800
 600011900
1070011400
 270010800
 990012500
12100 5200
 4900 5100
 600010600
1300012100
 7500 6100
 990012100
 630010400
 6400 8000
1190010200
 200012300
 3400 5800
11100 7600
1350013000
 2300 7100
 6300 7200
1320011200
10400 8000
 3800 7800
 2600 9000
  700 9700
 450010100
     1.821