    1   51    5    0    170800
 4600 7200
 3500 9900
15800 4900
16300 3800
 2000 7500
11100 4200
1360011700
 970011900
1620012000
1130010800
 2300 8200
 870012700
12000 9600
 6400 5600
1780012700
19500 7900
 930010700
 9000 8600
12400 6800
 8200 6300
 7500 6900
 890011500
1000010200
 4300 5800
1450011700
1480010900
1760012700
12700 4900
11700 4600
12200 6500
 9300 4100
11700 7700
15000 8500
11600 4700
1230012300
13500 6800
12100 7600
1350012700
13000 7400
11900 3400
13100 8200
 3900 4500
 6900 6300
1660011800
 5200 3500
11100 3000
 100012300
12600 7000
 890012000
 440012500
 4800 9200
18600 4600
 780012700
 1600 5100
 4000 9900
1360011800
11500 6000
1480011900
 720010400
 8900 7700
1350010900
 7800 5100
 4900 8600
1630013200
17500 8800
13800 9000
10200 7400
13400 5500
 4500 8600
 810010300
 3300 6100
 6100 9000
 8100 5600
1260010100
 7100 7800
14100 6600
11200 9200
 650013300
14000 9800
 8900 7400
 670010900
1290010100
 4100 7400
 9900 9700
 8700 8200
 4500 6800
15900 5000
16900 8000
15600 5900
11700 5800
 4600 6500
 6500 5500
18000 4200
10800 5000
10600 8800
 790013400
 7500 8500
 860011200
 340011500
19400 5000
13800 6900
 5500 9400
 3600 4300
15300 9500
 5300 7700
1780011500
 8600 5200
 3000 7100
1330011600
 3900 9500
10400 9600
18900 7200
11000 4500
 920010600
 630010700
 8400 5000
1210012500
1260010200
 2100 3200
 130012800
 4900 9000
17000 3400
1360012000
15000 9600
 6200 7600
10100 9000
 900010700
10000 5300
 9900 3200
16900 9400
 8600 4500
12400 8100
 810010500
 840011900
17800 5900
11800 4100
1320010900
 9100 5800
 2400 6000
 8800 6400
12600 9600
 5700 4200
14600 6600
 2500 9100
 5600 4500
15000 5300
 2500 6800
 980015300
 230014300
 940018500
 900010200
 980019200
1480014300
 840018000
 210019400
1570010900
 400014700
 610015100
1530012500
1200018300
1040011800
 940012800
1030012200
 680013100
1640017600
 740018600
 1200 9900
 960012200
1230016100
1190014900
 960013500
1370010100
 610016200
1510016000
1390011800
1120011200
1850019300
 970013600
1520010700
1050015000
1320017200
1560018300
 970011500
 790013800
 540013200
 500010100
1200011500
1270015200
1360013500
1180013300
 880014700
 720016400
 720012100
  50011700
 300013900
 770012500
13000 8700
 860012000
1130014300
 6900 8200
 3300 7600
1250013200
 7700 9600
 830017000
1820011700
1650015200
 860010400
 790011000
1330011600
 530015500
1580010700
 910013600
 670010400
11700 9300
 990013300
1580014100
14000 9000
1480011900
 810014700
1670014600
 610015500
1100014800
1370011000
 8800 9000
 850017200
 800017200
1080012800
1570010300
1290015300
16600 9500
 840013400
 660013800
 9200 7600
1230016400
 810014000
10400 8000
 240016700
 800015700
1610014900
 3200 9600
 2600 4700
15300 4300
 8500 2800
16700 3200
11600 3200
 8400 4400
13900 8200
 6000 8800
10800 6200
11100 8900
16400 9000
 7400 3100
 7500 2100
 9000 2800
 4000 3100
 7700 2300
 6900 3300
 5200 6100
10600 1800
13200 4200
14500 3200
15200 5600
 6100 8300
12200 1400
12700 2900
12500 6200
 5700 2600
18900 4200
 7900 3000
18000 3600
 8800 4700
11900 1500
11100 2400
12500 4300
13500 1500
 7200 7200
10100 3200
 7100 5400
 9500 8900
14300 3500
10900 8600
 6700 7400
 7800 6000
13500 4600
 3700 7800
12800 6600
 9500 5900
 8800 8200
13500 8400
 4700 3100
 8200 6600
10600 4000
11300 4900
18900 5300
15000 5900
10500 4200
 8800 2300
12000 6800
11200 9900
15200 4800
1060011600
  800 4100
10000 7100
1080010100
 6600 3300
13900 6600
 7500 3000
12900 6700
16800 8100
12800 6500
11800 5900
15400 9500
12800 6800
13800 9800
 4000 5200
 7200 4800
14600 4700
13400 3000
15000 5900
 9100 2600
 5500 2100
 9100 4700
16900 4100
 7000 2200
 9300 9300
 760011600
 7000 5500
1410010900
 5500 8400
1230012900
14300 8500
 890017100
 140010900
1340016100
1160017100
 8600 8000
1450013900
1600014600
1530016500
 240010600
1430015600
1090010500
1000015400
 610016000
 470013300
 450014200
1000010900
1290014200
1230013800
1070010400
1290016400
1730010400
11300 8800
1130013500
1300011500
 470011700
1090010700
 440014200
14000 9100
1080016200
17700 8100
17400 7800
1060015300
 630011600
1510015600
1450011300
 780011800
1500010100
 690016400
 860016000
 760014400
 390014000
17600 5200
 9500 9900
 980010200
14300 9000
 5700 5200
 7900 7400
1770012900
11300 4700
1600010600
 360013500
 510010000
 4000 7800
10200 9800
 820012300
 7400 5300
 460013200
1380010600
13200 8800
1670010900
 6300 5200
 870013000
12600 5000
 5500 5500
 4300 4700
11600 8700
 8000 7500
1260013600
1370010700
 5200 4800
15300 9700
1670011700
 8100 6900
10600 6400
 3400 6900
 9800 6000
1490011300
 750012600
16700 8000
 360012600
 9900 8000
 9000 7500
 1300 5900
 890012500
 730018400
 810016700
1050017000
 560015700
 9700 8800
1560017400
 880013600
 650012200
11700 8700
1010017100
1390015400
 180014500
 220017100
1010010400
16600 9300
1310010400
1350011100
1540015800
1050015600
 970016700
 930014800
 970011200
1440015500
11000 9700
1100016000
 9400 9100
1210013000
1190010400
1250010100
1660012200
 850012300
 7300 8800
1180014000
1580011000
1460018200
10000 8600
 640010800
 870014100
 890011200
  30014900
 740010100
10500 7700
 6000 7700
1320013300
15100 5800
11700 6000
1260012100
 8500 5700
 6500 8300
1020012400
10500 7100
 5400 5500
 2700 8700
 9500 7900
16900 8700
 9300 7700
15000 5400
15100 9400
10300 9100
14400 4300
 840010200
 360012000
1170012200
1130012200
12500 9800
 5500 4400
13000 9000
14900 4200
1560012900
16300 6900
 7500 3900
1090011200
14700 4400
 930012800
1070012800
10800 6500
 470012900
1130011100
 8700 7100
  300 6200
16800 4400
10500  700
 4900 4200
 9800  700
14200 1300
 8500 4400
 8400 9300
10200 1900
 5200 9200
 7200 7500
 6600 8700
 7400 5900
 9700 5000
12200 8400
 6400 1500
11800 3200
10300 9800
 6200 6600
 9300 8800
 5600 6200
 6800 4100
14100 6200
10300 7700
11400 3500
 5100 7600
 5900 7300
18900 7200
 8800  600
10700 6000
 3400 3300
 1200 7300
 8100 5800
11800 7500
 5400 9300
16200 6100
 4500 1500
 8700 1900
 8500 4400
 510010200
11100 8700
 480016000
18700 9200
1650013900
1450014200
 780010600
 760011700
 600013700
11500 8700
 340013100
 200011300
 600017800
1330016600
 770012900
11300 8700
1120012100
1360012600
1160014500
 5000 9100
1220017300
16800 8800
 320012000
1610011400
 670012500
1270015100
1500015900
1270015800
 8100 9500
1260016500
 630015000
13000 8100
1070015100
1070010200
1050011900
 280013200
1110016200
1470012500
 1700 8600
 670010900
17000 6000
10500 6300
 9100 4300
 610012000
 880010100
 390010700
1630012200
 3300 6300
 2800 7600
 4500 8500
13900 8300
 760011700
1280010700
12000 8800
 7200 9000
 8700 4100
 5700 3200
10700 6300
13000 5800
 4500 4700
17000 4900
 550012500
 5400 8900
1510011900
17700 8300
 9000 9900
 8300 3200
 8900 7000
1020012500
18600 4300
14300 9100
16100 6300
 1600 9800
 6500 2800
14000 5900
 4900 3500
14900 9600
12900 4400
10100 6000
  80010300
1410010900
11700 7300
1090010700
10100 9100
 930010400
13500 4100
 8100 7400
15800 9800
16200 9800
 8200 4600
1080013300
16100 7100
10300 9000
 580013100
19000 6200
12600 6000
1180012200
11900 5400
12300 9200
12100 4200
10400 7300
11700 5300
 5800 5100
 150012900
 8300 5900
11800 4700
 860013700
 9500 7200
 750012300
 460010800
 6600 5000
 3000 9700
1260012000
 700010800
 940011100
1110019000
 410018000
 990016500
 410013000
 220014900
 920013400
1550010500
12000 9500
1050012800
 790010700
1030010000
1030010100
 670010500
 8500 9400
1460019100
 600013600
 860016300
 660011800
1010017000
1400015800
1500012100
1180016900
 960011900
 230010600
1130014200
1640016200
 560018500
1520016400
 420014900
 950019100
1030014900
 960014100
1460014200
 630014900
1420012500
 740014900
 720010500
1060018500
 420014600
 710010600
1510017200
 600014600
 990014700
1290011500
 4300 9700
 860015200
 800010400
11700 9800
1350012900
 360010600
1000014200
 630015300
1370018300
1250014700
1010011700
1080013900
1160011900
 920012600
1140016500
 890018600
 970018800
1630018000
 900011500
1310012600
1040011600
 240013200
 890012100
 7200 8300
1200014900
 990011000
 560013000
 8200 7600
11000 9700
 920010000
15200 6500
 970013200
 9700 7700
 740014300
1390013500
13100 6500
 4800 9000
1590014000
 420015700
15700 7200
 510013600
 710016000
1200014900
1250013800
17300 6700
 970011000
 4100 9000
 8100 7600
1610014800
 540012300
1720010800
1010013900
1150013600
13400 6600
 4200 7300
11900 6900
 3800 2000
 7300  500
 6500 3600
 8400 2800
12100 4700
 9500 1300
11900 2300
18600 2000
15200 7100
 9100 5500
15800 4400
13100 1700
 8100 5600
14800 2700
 6400 8400
13100  600
 4200 1300
11400 9700
12600 8300
15300 5400
16800 3200
 6000 3200
 9800  700
1220010200
10300 8900
 8100 8300
15400 9400
 6000 1400
 7700 1400
13800 7900
 9800 2200
1170013300
 880013800
 990011300
 750013700
 8600 5600
12600 7900
 8200 8400
1780013500
 9000 5600
 650013200
15500 5100
 7600 9000
1030011400
18500 8800
11900 8100
1360014300
12300 7500
11100 6100
16100 6900
14500 6900
10300 7900
 8800 9500
 7300 9400
14200 9800
10100 6900
10100 9500
1460011600
 1700 6300
11200 8400
 660013200
 760011000
11600 7000
 650010500
 600010300
10500 5700
10600 9200
 7200 9300
13600 9800
1380011200
 9400 3000
15800 5000
12400 2700
 7600 9500
1620010900
11100 8200
 9000 6700
 950010900
 5200 3100
18100 7000
11400 3900
12000 8400
 6600 3600
 4100 4400
13500 7500
15100 9900
 7000 5100
13400 5100
  700 3900
 500010400
 7700 6200
 7800 7800
 3100 7800
 590011000
 890015600
1270016500
1320015100
1160012300
1290011400
 490012000
 860010000
1000013900
 850014900
1910015500
 300015200
1030016900
 570015900
 8000 7300
10000 9500
 9500 9500
1660012700
 910014400
 8200 9500
 670014200
1330012000
 680013300
1460010100
 400016000
1160011200
 680016500
 7800 9200
 4600 8800
13400 7300
15800 8200
15700 7600
11500 2600
 8200 5900
 9900 5500
10300 1500
 7800 9600
12100 4000
15900 6900
 8100 7500
11000 1800
10800 6200
12300 8100
15700 8900
13200 4500
12300 9400
10900 3600
 3000 2900
 7600 1400
11400 1900
13400 4400
17300 2200
 7000 3100
 5300 7500
14200 4200
 2500 8300
13800 3400
11000 9500
 7500 5000
13900 4700
10000 8800
 3900 1000
15300 7900
 9200 9700
12200 1500
18700 2600
 7400 1600
 8900  800
11500 7400
 9500 6700
11700 7400
12200 3500
14300 2600
10800 7300
 3800 7900
1150010600
14100 3200
 8500 5300
15600 7000
 7900 2600
12100 6800
 9200 7100
  500 1800
13700 8500
1410012400
1600013800
10300 5700
10900 8600
14100 4700
1320012900
 5200 4900
1160013000
 5600 6500
 860013000
10100 9600
 4600 4900
10300 5800
 9100 6900
14300 5300
 980012100
 3400 5100
 6500 8700
1780012200
 6500 7500
1450012600
 9500 7800
 960011000
 740010300
 8100 8500
 7800 8000
10300 9700
 940015000
 460011900
1420014500
1330015100
 890013000
1520015200
 6400 8900
12200 8800
 4100 9500
 5400 8700
16100 7800
1340011100
1430014900
 620014500
 9300 7700
 9800 8500
1230012100
1440012300
1160012300
 830010000
10200 8500
15500 9500
 920011200
13100 8900
 650011400
 9100 6300
1810014400
13700 7300
 590012500
16800 7600
 450011100
1020010200
 8400 6000
 9800 9200
1910012200
18000 9500
17300 7700
 980010900
 4100 7400
1080011500
18000 9300
12000 8700
1010012400
 760011500
 510014700
 930015300
 6600 6700
 580012600
1170011700
1120010400
1060013100
1140015000
1840015600
 640013800
1140010900
1360014100
1120014100
1650014800
1590010800
1650013300
1010012100
 920019000
 940017800
1680013900
1170017200
 770016000
 400018700
 660017300
 660018000
 820012800
 600010600
11700 5900
 660013200
1160013000
1800011800
 5600 9400
1030012500
 4700 7400
 7700 7800
1750012300
 910014100
 830014700
12100 8900
 950011900
 720012900
17600 8100
 8100 8700
1600015300
 490013100
 500010300
 630015200
 420013500
17700 6900
 7200 8000
 7600 9800
1470012500
 4300 6000
17100 4400
1190010500
 990011400
13000 5400
1050010200
 790013400
11600 5600
 9500 5500
 8100 8200
12200 8800
 840011600
 7700 9400
 3300 7700
1240011300
 7100 5300
 4500 8100
1370017800
11700 8400
1110010300
 7900 8800
17300 9700
 610017900
1140010000
1070010000
 9100 8900
1670011100
1000015200
 240014500
 640016600
1370012800
12300 9900
14000 8700
 990013700
 410010200
 740010800
 580011000
1050010400
1090014200
 620013900
 880011600
1080011500
14000 8600
17500 5900
1270012400
14400 6000
1090011000
 2500 5000
 610010900
1300010500
12400 6700
 950014400
 7300 8200
 970014700
14700 9700
 530013200
14400 5200
 7800 3900
 9000 9200
13700 3800
10000 6900
1730010200
16500 4600
15900 3300
 5900 4400
 750011900
14000 8600
12300 4300
11900 5600
1180012400
 5200 3900
1150012700
 9100 4600
 2800 8300
 580019600
1680015100
1000012300
1180016500
1070016100
 850010400
 810012800
1100010500
 350018900
 810010100
1560019200
 600011900
1130012100
  70017400
 780012700
 950012700
 710019300
1330012600
 580010500
 8600 8200
15600 5200
1650011200
 860010900
11700 6400
 2700 7100
12200 9200
13400 7700
 7400 4300
14900 7100
 8700 3000
 9100 4400
1410011700
 1100 7300
 710012900
 560015100
 990015100
1040014300
1380012900
 410014700
 450013100
1040016100
17200 9300
1030014800
1230013200
 690013200
 7800 9800
1180015600
 9300 9900
1270011000
16800 6800
1530010700
 790010800
10300 7000
 4300 5400
 760010900
1870011300
 970012000
 8800 5200
10000 9700
12200 9300
1400012000
 440013300
18800 5600
11100 4900
1640013800
1170010600
 5400 4500
1180011800
14000 5800
11600 4200
10800 7300
 7600 9700
12700 7500
 6600 9800
 7500 7500
1000015300
1580011300
1010018400
1040018700
1200018300
1000019300
 690015900
1190016100
 630017900
 850013300
1230013100
 620018000
 800016400
 490015100
 350015800
14800 9800
1460014800
 870010500
1120014100
 310016500
 930015300
1450010700
 770012700
 850014500
 320015700
1130010000
12700 9700
11500 9200
1410016400
 260016500
 5000 7900
 740012900
 790017500
 9600 4700
12600 9800
18700 3900
 5200 4200
13100 5800
  900 5800
 720012300
1480011700
 2400 3400
1340010800
18600 6700
13300 5900
16600 9400
 6800 7800
 4200 3400
14300 8800
 3300 7800
11300 9300
10700 7600
 750012300
 840010500
1120015300
1280010900
 1300 7700
1390013800
1600014300
 760013000
11600 9500
1410016000
  10010900
12900 9400
 1400 5000
 960010800
 9100 6000
 630010200
1010015600
1130012400
 850010800
 350015400
 8500 3000
 9000 8200
 6400 3200
1010011700
 3000 6700
 110010100
     2.197