4
20
27
79
41
8
20
64
22
61
85
36
41
77
56
70
40
12
55
47
6
27
0
0
0
0
500
78
66
19
4
3
50
1
68
12
45
19
87
74
76
48
52
86
17
2
56
56
56
56
67
500
95
29
58
92
23
93
34
11
48
21
37
24
5
17
97
8
51
53
49
49
49
49
21
21
500
65
63
62
46
56
70
51
97
81
19
80
46
65
22
47
67
26
15
15
15
15
7
49
4
500
51
31
62
34
90
11
52
69
38
82
81
20
15
16
86
87
98
98
98
98
60
48
72
91
500
88
83
26
49
61
3
38
69
5
89
32
81
16
77
42
45
45
45
45
60
10
1
29
13
500
49
92
84
37
59
24
50
41
54
48
86
93
62
30
96
96
96
96
66
97
28
42
83
22
500
50
97
3
17
59
31
6
18
92
45
58
63
63
15
15
15
15
14
17
95
75
38
59
3
500
17
85
85
66
65
12
66
33
90
24
81
65
52
52
52
52
78
93
98
85
27
53
52
55
500
98
28
58
4
55
8
74
8
13
93
45
97
97
97
97
91
35
33
36
48
73
17
47
45
500
38
12
27
92
30
43
12
80
3
92
63
63
63
63
35
29
96
8
37
23
25
54
51
42
500
97
19
32
2
18
96
84
17
31
78
78
78
78
2
49
68
14
58
72
26
55
50
70
39
500
11
55
16
18
56
82
42
9
91
91
91
91
43
79
85
83
97
88
55
18
16
9
70
95
500
20
14
80
11
86
71
55
62
62
62
62
84
27
57
50
9
61
95
21
34
82
15
46
56
500
45
81
84
40
50
84
8
8
8
8
82
82
39
28
97
19
85
64
23
73
44
51
48
5
500
84
9
46
19
73
89
89
89
89
71
30
27
4
57
51
73
79
51
79
18
46
90
58
79
500
11
94
65
55
20
20
20
20
49
81
20
30
50
65
21
46
82
46
95
21
91
75
5
24
500
6
40
56
36
36
36
36
73
48
1
73
93
15
14
21
71
17
99
85
85
12
89
60
27
500
25
77
63
63
63
63
57
8
70
48
69
84
76
47
42
60
29
92
36
20
81
30
24
75
500
25
8
8
8
8
34
21
11
82
5
57
54
92
67
12
79
17
3
26
5
13
57
47
56
500
87
87
87
87
9
76
13
98
78
24
49
2
18
69
87
63
6
16
3
91
83
5
29
5
500
500
500
500
9
76
13
98
78
24
49
2
18
69
87
63
6
16
3
91
83
5
29
5
500
500
500
500
9
76
13
98
78
24
49
2
18
69
87
63
6
16
3
91
83
5
29
5
500
500
500
500
9
76
13
98
78
24
49
2
18
69
87
63
6
16
3
91
83
5
29
5
500
500
500
500
58 32 223 204 164 36 63 58 62 284 251 103 58 88 132 237 177 163 273 58
