4
30
70
77
94
95
95
32
24
88
89
58
45
83
56
12
83
68
21
75
61
30
24
27
11
39
42
10
48
81
36
69
0
0
0
0
500
44
17
70
69
50
40
69
12
84
1
89
72
5
10
65
57
54
65
37
47
68
33
45
98
23
72
2
5
77
66
66
66
66
89
500
74
54
26
55
59
80
74
33
37
89
14
88
33
81
36
48
26
82
11
24
34
32
16
34
15
33
71
18
93
93
93
93
1
54
500
10
43
25
84
45
38
92
73
2
60
60
29
80
52
53
19
2
54
29
56
49
89
16
99
15
30
41
1
1
1
1
84
60
79
500
30
54
98
99
96
46
92
8
2
2
47
4
9
57
88
79
24
72
75
13
84
5
75
41
82
41
4
4
4
4
57
65
49
89
500
28
30
96
17
71
91
28
67
93
95
96
8
59
62
22
53
26
40
48
80
27
52
16
1
65
93
93
93
93
1
23
84
50
89
500
98
49
30
46
26
3
91
18
19
97
33
10
46
63
92
70
80
61
36
19
29
28
96
29
42
42
42
42
55
69
22
87
59
66
500
79
92
74
50
9
24
85
34
23
7
72
48
73
34
77
56
76
4
87
40
58
19
81
54
54
54
54
59
24
46
38
88
36
65
500
49
50
80
54
11
88
18
60
83
17
73
86
89
89
62
11
94
40
27
62
58
69
5
5
5
5
75
43
51
46
69
71
78
22
500
28
10
93
1
67
19
31
89
85
45
87
84
44
88
17
86
86
50
29
52
57
89
89
89
89
26
51
38
27
10
10
17
58
53
500
17
36
30
57
6
79
80
13
65
42
27
15
11
55
32
90
22
80
35
62
55
55
55
55
90
23
96
32
93
51
54
13
69
40
500
95
17
53
72
16
56
99
22
98
11
72
2
20
97
76
79
9
34
77
20
20
20
20
11
49
48
87
23
54
58
78
97
24
68
500
22
60
46
54
2
42
34
59
36
6
14
27
68
56
15
53
24
89
46
46
46
46
25
34
56
88
29
77
59
46
20
20
10
12
500
95
57
21
40
54
27
4
50
32
15
57
51
66
82
63
35
27
98
98
98
98
70
89
68
23
81
92
18
95
21
39
30
59
98
500
6
96
76
87
56
58
10
1
1
89
96
40
58
48
47
74
49
49
49
49
8
99
70
47
98
39
96
34
64
67
98
91
29
86
500
99
41
77
74
77
75
69
35
75
7
92
80
49
38
23
27
27
27
27
86
58
85
40
1
33
61
43
87
43
7
21
99
75
16
500
20
84
82
21
61
49
53
71
24
2
89
88
36
67
26
26
26
26
45
91
38
17
30
17
22
36
13
38
94
38
22
6
78
77
500
70
96
91
70
19
32
5
97
62
21
46
30
16
66
66
66
66
68
33
99
25
24
59
6
66
10
75
71
61
50
72
22
38
65
500
67
56
37
87
11
78
53
54
89
87
62
33
65
65
65
65
71
23
48
82
84
41
31
21
28
79
89
93
7
43
21
80
54
34
500
75
68
98
77
50
32
52
15
95
64
54
56
56
56
56
18
80
54
89
44
54
95
47
32
61
50
27
92
34
13
36
17
79
93
500
8
27
17
92
73
38
74
16
91
92
10
10
10
10
9
53
70
25
66
5
5
95
29
13
63
53
38
89
1
91
7
31
98
94
500
94
17
28
95
62
99
34
6
98
81
81
81
81
64
10
79
67
56
83
97
12
47
94
64
47
46
54
82
60
3
90
49
27
29
500
45
42
25
33
21
51
73
78
1
1
1
1
60
67
83
28
65
49
26
30
35
3
96
48
30
46
71
37
43
61
44
33
97
76
500
18
58
62
13
25
22
56
85
85
85
85
71
26
27
10
60
10
60
38
44
96
46
9
73
91
96
40
80
3
42
90
52
60
33
500
14
49
29
98
92
46
57
57
57
57
8
93
29
65
40
27
47
34
91
58
24
71
35
14
95
21
97
11
84
93
83
12
77
50
500
75
6
85
89
20
71
71
71
71
48
48
18
35
90
13
82
50
30
13
54
46
86
78
80
90
61
1
42
25
71
80
75
83
72
500
30
29
93
76
22
22
22
22
93
12
38
6
48
6
39
39
53
86
61
58
5
32
56
76
83
2
61
56
87
87
74
66
47
20
500
11
21
54
42
42
42
42
49
5
36
75
24
99
2
44
77
4
96
63
52
30
50
48
95
19
12
64
19
68
74
5
53
82
70
500
19
6
73
73
73
73
84
88
10
21
98
66
69
13
90
79
14
37
79
14
81
97
74
29
50
37
93
4
44
53
30
35
53
81
500
35
68
68
68
68
51
10
42
46
40
47
98
12
43
6
70
19
99
68
38
22
5
2
94
81
53
39
14
43
94
46
25
40
18
500
30
30
30
30
99
60
88
1
81
73
2
99
6
24
46
82
2
86
43
82
6
36
86
82
40
57
38
61
22
73
92
92
81
20
500
500
500
500
99
60
88
1
81
73
2
99
6
24
46
82
2
86
43
82
6
36
86
82
40
57
38
61
22
73
92
92
81
20
500
500
500
500
99
60
88
1
81
73
2
99
6
24
46
82
2
86
43
82
6
36
86
82
40
57
38
61
22
73
92
92
81
20
500
500
500
500
99
60
88
1
81
73
2
99
6
24
46
82
2
86
43
82
6
36
86
82
40
57
38
61
22
73
92
92
81
20
500
500
500
500
72 89 369 372 176 338 101 368 149 309 349 375 101 435 279 92 101 71 334 58 303 562 360 27 26 196 306 150 297 101
