4
50
50
17
94
73
65
44
83
12
83
71
95
66
57
88
37
15
43
71
35
51
65
95
7
99
41
44
4
80
25
30
77
46
90
47
31
82
47
92
87
93
36
25
7
30
67
58
98
49
86
82
0
0
0
0
500
87
3
65
68
40
54
68
14
84
81
32
22
1
78
73
45
73
87
11
58
4
42
38
26
60
33
81
11
5
29
31
86
27
54
33
35
9
50
3
95
58
19
32
42
89
19
22
44
63
58
58
58
58
27
500
87
1
45
32
19
70
72
98
83
17
64
44
10
34
61
98
83
76
26
28
93
85
69
23
45
83
64
48
43
92
5
87
73
1
10
49
63
97
89
63
82
24
30
99
62
10
46
20
12
12
12
12
78
20
500
92
44
98
38
64
46
28
1
29
21
23
63
2
13
60
99
34
82
83
80
15
3
61
18
27
14
70
13
47
93
37
67
78
49
96
85
39
59
28
71
64
13
34
5
22
6
19
83
83
83
83
79
35
28
500
42
81
31
37
86
51
96
97
34
70
50
92
21
25
97
30
12
39
45
19
43
22
12
69
51
9
36
14
50
94
51
86
94
13
79
92
83
31
11
94
72
75
46
97
22
70
29
29
29
29
59
67
48
49
500
24
35
25
87
89
19
54
68
54
27
71
11
19
29
88
4
9
98
25
69
47
77
93
37
38
45
7
4
43
11
40
92
71
36
59
74
44
41
84
65
45
69
33
66
43
70
70
70
70
2
18
70
86
88
500
70
42
51
90
81
4
99
53
89
45
70
36
91
88
2
99
73
65
62
20
99
57
76
84
82
59
14
74
89
96
40
8
93
81
40
6
63
42
94
15
14
22
7
69
6
6
6
6
48
13
26
95
99
93
500
84
99
59
53
20
86
75
30
60
50
12
29
86
50
60
14
87
32
11
42
15
93
83
90
13
47
94
53
11
19
47
76
13
45
92
43
76
66
30
31
3
54
37
43
43
43
43
70
7
61
60
20
42
77
500
33
78
71
96
73
16
35
28
69
8
82
47
68
59
72
6
95
47
21
22
47
96
71
38
63
85
65
37
50
40
83
79
24
13
47
68
48
4
97
72
57
80
5
5
5
5
88
92
56
87
12
37
67
50
500
97
58
73
95
24
76
3
98
86
76
92
63
37
96
77
70
98
19
14
82
71
32
77
68
59
72
3
40
82
6
4
90
73
61
75
73
90
22
72
52
63
85
85
85
85
83
94
84
6
37
44
24
61
96
500
33
82
79
61
86
64
81
51
58
44
76
60
27
42
5
84
76
95
85
48
37
8
27
86
46
17
58
90
67
99
88
74
14
95
10
52
65
66
91
37
31
31
31
31
21
42
53
71
14
56
6
35
5
32
500
52
80
21
10
79
69
76
56
68
74
72
14
75
85
58
9
21
59
83
81
9
5
88
26
46
56
82
97
27
89
69
27
67
85
92
48
86
30
20
73
73
73
73
64
39
9
33
86
3
97
18
81
57
1
500
57
12
42
74
30
94
77
44
42
52
51
2
19
16
60
47
20
15
8
9
82
19
11
49
59
18
62
49
83
16
18
98
41
95
9
60
96
65
63
63
63
63
96
40
35
55
12
91
94
48
64
43
3
90
500
61
75
85
65
60
53
37
81
32
18
63
15
49
30
78
5
23
41
74
48
30
15
19
98
38
90
56
41
11
24
31
58
95
1
58
27
86
29
29
29
29
37
95
31
23
60
98
29
88
25
5
10
75
93
500
39
41
95
3
99
51
65
47
82
68
42
37
50
87
31
6
69
67
92
30
54
15
11
29
64
30
36
38
65
42
23
71
45
69
28
81
81
81
81
81
76
77
49
69
63
87
43
44
88
53
28
40
80
22
500
80
61
45
27
10
23
88
35
61
31
9
13
44
72
6
48
23
69
13
21
50
98
51
68
35
79
16
31
19
45
99
18
84
96
78
42
42
42
42
36
77
89
94
93
1
81
46
42
27
38
40
29
19
45
500
40
56
37
72
21
64
8
41
83
86
48
77
19
21
15
91
26
57
93
48
78
70
36
51
35
45
68
18
7
16
8
63
97
46
48
48
48
48
61
91
43
33
5
44
7
14
45
90
44
65
69
3
78
18
500
48
31
57
36
9
81
86
47
6
92
56
52
65
62
8
11
56
74
65
87
36
85
84
53
6
71
43
40
3
11
75
95
48
43
43
43
43
44
66
97
73
4
85
63
97
2
44
43
62
39
4
70
9
37
500
73
65
38
9
5
98
30
49
37
57
77
47
47
55
15
77
73
55
10
18
40
91
94
42
96
7
21
5
77
68
51
2
78
78
78
78
21
10
83
53
74
54
1
99
98
58
91
55
5
84
46
96
80
57
500
79
4
60
89
10
43
28
72
59
46
38
56
95
23
10
67
23
82
76
67
89
74
26
1
53
38
25
40
16
40
46
41
41
41
41
85
84
74
50
27
43
62
84
92
97
82
30
81
18
42
92
70
65
40
500
34
19
13
28
25
69
66
28
25
57
46
77
12
17
50
43
12
19
48
29
74
36
89
10
63
27
65
73
87
22
39
39
39
39
77
89
97
82
56
31
85
24
59
81
71
21
77
35
51
31
9
86
6
99
500
13
65
64
82
42
90
41
54
91
81
54
66
22
53
51
11
4
20
17
75
70
50
20
42
70
72
8
68
28
57
57
57
57
2
1
90
47
58
90
88
40
47
47
5
15
28
71
18
71
99
67
63
75
84
500
84
66
63
41
73
21
96
13
1
84
10
36
2
28
45
91
64
86
82
57
78
9
65
73
6
59
12
39
53
53
53
53
75
12
60
5
35
24
77
2
14
84
19
80
58
65
1
30
3
15
72
64
11
23
500
50
9
67
32
92
7
58
60
21
36
42
91
76
7
32
21
24
57
20
84
7
16
81
13
35
2
11
5
5
5
5
18
59
36
70
86
14
24
61
46
23
81
2
14
14
80
3
8
94
88
25
33
42
19
500
51
34
77
93
79
83
66
45
8
50
80
98
14
45
53
17
69
8
84
23
98
39
72
93
36
1
46
46
46
46
78
73
70
13
79
31
60
95
34
53
85
46
70
53
20
18
44
66
92
74
45
32
29
56
500
73
47
74
29
98
74
54
80
16
1
7
64
36
73
53
63
36
10
22
50
3
46
31
16
40
87
87
87
87
44
41
71
69
97
8
63
66
64
45
35
91
53
8
10
56
81
94
56
21
25
36
67
52
80
500
63
69
92
57
43
31
82
92
79
74
20
66
20
70
74
9
59
7
6
57
41
33
5
42
30
30
30
30
19
70
95
93
43
84
26
23
57
93
66
91
33
54
50
16
77
92
19
70
58
19
92
84
21
79
500
11
16
70
13
39
72
41
66
11
33
61
60
46
70
68
95
6
76
22
53
5
62
32
6
6
6
6
53
28
80
16
55
44
23
12
73
17
2
52
76
11
67
38
22
89
16
42
95
80
94
8
28
89
64
500
73
1
51
50
95
86
9
33
17
42
32
26
78
96
12
40
85
41
75
71
46
39
95
95
95
95
72
86
87
60
14
74
4
89
84
3
23
54
24
87
5
1
10
10
17
91
17
49
45
36
63
38
13
46
500
70
62
34
38
21
56
76
85
82
72
75
51
20
90
60
21
93
62
47
50
90
11
11
11
11
97
60
54
4
46
77
24
48
49
1
55
31
77
22
98
42
77
38
3
23
64
87
35
63
74
11
66
90
46
500
37
48
75
51
65
72
41
38
93
63
98
47
20
39
61
46
23
93
13
19
72
72
72
72
82
99
70
64
55
97
86
48
75
61
90
26
23
90
90
94
81
37
66
13
59
66
26
49
15
53
78
23
83
4
500
37
68
14
86
21
88
38
56
35
67
70
95
78
20
57
53
29
13
75
24
24
24
24
54
58
99
82
63
92
2
53
69
37
44
57
15
14
47
43
23
63
12
13
18
38
17
76
89
43
34
72
83
22
25
500
40
92
15
36
67
97
39
24
81
10
71
43
33
35
70
77
60
27
73
73
73
73
3
80
19
31
58
66
47
63
87
81
33
11
25
87
2
1
98
86
63
34
12
11
59
34
49
74
17
77
8
37
2
41
500
85
89
27
40
52
83
41
54
43
75
37
75
66
52
85
32
35
4
4
4
4
68
61
70
51
42
83
95
3
49
76
67
36
91
89
6
55
92
76
56
42
55
64
29
59
98
72
59
35
19
2
68
47
41
500
44
26
23
6
10
81
16
43
64
66
63
88
21
65
50
78
14
14
14
14
3
59
44
98
73
38
48
82
77
53
81
98
84
99
52
5
75
95
28
36
64
7
23
90
7
33
20
40
60
18
20
52
65
67
500
61
36
81
3
1
50
71
65
46
41
3
31
43
3
73
79
79
79
79
20
10
77
24
93
26
38
55
69
91
28
29
1
59
54
26
95
6
48
84
38
46
19
17
44
21
7
76
83
32
76
38
38
73
8
500
77
28
20
73
3
2
67
39
25
52
95
75
9
99
38
38
38
38
87
52
31
86
47
17
12
61
19
51
26
49
32
19
50
97
2
82
6
62
67
57
91
14
98
75
17
64
41
13
50
69
79
46
69
57
500
4
42
1
92
76
22
82
80
39
27
28
17
70
12
12
12
12
32
24
47
2
8
15
2
62
7
87
31
27
88
59
56
64
25
30
35
21
32
41
18
98
54
59
29
79
44
24
59
93
44
62
84
61
67
500
15
90
89
42
86
84
43
87
73
41
56
50
50
50
50
50
67
82
56
86
44
33
14
10
94
73
31
19
20
92
33
18
75
11
35
71
8
68
2
11
38
67
22
13
48
50
12
30
35
1
50
24
53
23
500
36
39
9
18
5
64
23
70
43
18
99
10
10
10
10
25
61
21
32
16
54
28
9
52
98
67
42
79
22
35
56
98
75
67
81
47
25
47
85
35
52
79
54
3
50
29
15
29
52
40
7
24
55
83
500
48
23
69
12
58
20
64
63
78
4
62
62
62
62
34
26
50
36
73
78
10
29
38
7
33
2
11
77
26
55
48
70
57
4
76
46
11
10
77
7
31
3
60
72
17
1
5
32
19
65
10
37
65
33
500
79
11
89
64
36
6
80
93
14
7
7
7
7
52
37
20
74
7
13
90
60
57
51
28
14
71
98
50
79
67
91
24
58
53
34
61
18
22
73
53
67
40
66
73
35
74
72
1
40
92
92
94
5
31
500
80
63
6
63
20
21
32
96
55
55
55
55
95
84
9
21
51
90
94
62
81
39
69
3
36
19
71
76
69
30
66
88
59
43
69
18
56
44
93
64
39
73
12
34
57
77
28
78
85
42
37
49
24
83
500
28
78
27
25
32
49
68
76
76
76
76
93
23
40
8
43
21
17
97
43
86
39
88
59
91
23
98
52
14
4
74
46
78
34
47
77
19
1
42
73
66
78
8
16
15
68
99
88
62
74
55
92
4
39
500
54
98
65
8
73
9
94
94
94
94
97
88
87
58
43
59
8
96
13
43
1
35
90
3
40
8
62
47
19
4
43
7
56
33
34
77
37
14
47
87
22
58
25
24
41
14
26
66
3
75
46
18
19
61
500
31
11
94
2
80
11
11
11
11
44
83
38
26
47
50
12
32
87
72
92
51
45
77
24
77
22
80
30
39
80
31
58
16
21
89
59
65
78
18
1
44
98
29
34
11
5
37
80
14
36
35
79
63
67
500
67
94
20
91
73
73
73
73
64
72
46
19
48
70
76
94
45
19
31
28
5
71
28
2
30
18
91
21
50
4
51
12
23
67
89
62
94
17
44
53
16
79
52
5
47
55
22
49
42
70
99
58
66
7
500
40
41
20
50
50
50
50
2
85
85
16
76
77
44
2
82
77
54
3
18
76
67
73
52
36
84
45
51
33
98
84
89
78
77
84
10
74
65
85
82
1
83
96
75
32
48
15
38
15
83
51
8
20
97
500
17
15
58
58
58
58
68
5
77
37
14
31
40
86
98
8
4
83
4
46
87
49
23
26
85
90
68
51
54
87
89
47
73
24
72
8
66
76
97
53
2
81
33
57
85
50
63
49
63
7
97
82
32
64
500
97
25
25
25
25
72
58
10
19
40
63
46
4
70
95
94
11
31
1
33
68
14
5
80
38
84
20
15
86
53
8
10
76
10
40
82
48
77
83
74
94
48
71
53
4
4
80
36
17
21
30
74
26
31
500
78
78
78
78
52
87
59
41
90
29
76
90
6
19
53
52
38
31
62
27
19
82
29
85
1
87
40
82
84
79
21
93
81
88
25
38
10
67
76
4
84
85
45
15
76
5
26
93
94
68
8
87
91
79
500
500
500
500
52
87
59
41
90
29
76
90
6
19
53
52
38
31
62
27
19
82
29
85
1
87
40
82
84
79
21
93
81
88
25
38
10
67
76
4
84
85
45
15
76
5
26
93
94
68
8
87
91
79
500
500
500
500
52
87
59
41
90
29
76
90
6
19
53
52
38
31
62
27
19
82
29
85
1
87
40
82
84
79
21
93
81
88
25
38
10
67
76
4
84
85
45
15
76
5
26
93
94
68
8
87
91
79
500
500
500
500
52
87
59
41
90
29
76
90
6
19
53
52
38
31
62
27
19
82
29
85
1
87
40
82
84
79
21
93
81
88
25
38
10
67
76
4
84
85
45
15
76
5
26
93
94
68
8
87
91
79
500
500
500
500
694 530 93 162 89 941 557 972 167 429 166 422 319 482 715 758 167 738 548 595 167 431 645 284 175 754 207 280 399 548 396 670 656 913 125 167 657 66 732 711 86 62 237 511 659 390 324 642 412 399
