2
50
26
51
74
3
22
58
52
88
3
46
16
52
50
2
3
49
90
31
87
86
2
57
67
68
8
82
43
59
6
56
82
7
77
2
94
63
57
49
94
48
35
19
55
41
52
34
49
26
69
27
0
0
500
78
76
14
8
67
41
87
59
6
33
22
59
77
85
85
68
50
5
39
62
49
68
69
66
98
52
59
39
60
49
37
97
2
62
25
42
32
18
23
65
18
73
24
11
79
11
59
40
69
46
46
44
500
28
20
67
25
82
15
25
75
37
44
83
89
1
91
21
48
1
50
25
10
78
91
21
35
96
64
69
14
57
80
75
28
96
30
9
96
42
63
42
11
64
17
33
11
67
52
79
74
73
73
1
92
500
67
14
63
11
19
83
30
50
38
23
72
54
63
96
46
9
95
71
38
53
78
12
10
87
7
90
56
54
89
9
33
48
3
32
45
15
92
86
91
69
51
25
6
33
45
20
70
65
65
39
24
52
500
34
48
3
89
7
80
84
28
43
23
29
31
51
34
36
61
8
80
84
73
14
65
50
52
30
40
94
76
43
38
46
11
51
53
80
1
34
96
82
49
78
82
97
37
5
34
3
3
53
99
61
43
500
86
38
46
61
83
86
7
62
46
39
40
30
38
82
10
16
87
86
77
28
90
6
65
88
93
82
21
45
10
40
68
92
85
14
3
4
69
20
64
81
38
89
9
2
3
3
3
27
73
85
27
49
500
47
39
16
98
30
13
18
13
83
89
17
73
72
4
78
95
78
94
66
92
7
43
67
7
12
5
73
14
56
81
4
36
81
96
34
87
68
75
77
6
83
15
51
47
21
21
48
89
24
43
23
87
500
95
80
20
1
81
72
66
41
87
49
2
85
55
5
87
12
52
41
87
30
89
62
11
22
50
66
59
34
82
74
97
98
77
65
27
36
57
18
24
49
56
33
25
90
90
83
59
13
4
16
98
6
500
57
7
91
62
50
32
1
34
92
45
13
40
14
35
17
16
77
71
24
91
82
6
49
20
64
50
24
40
53
73
57
47
87
58
80
4
42
9
98
99
90
27
5
5
31
53
12
95
59
91
75
24
500
52
53
61
76
46
47
75
68
21
52
12
53
53
55
25
1
98
84
28
11
85
57
17
35
11
92
2
92
27
52
55
39
77
56
30
33
40
66
14
87
14
65
65
43
64
54
40
6
38
8
23
56
500
71
25
17
83
24
32
86
55
43
81
53
62
67
12
20
65
26
82
46
42
30
15
1
25
60
8
33
72
8
59
94
13
94
16
41
92
67
81
73
36
18
18
75
93
61
13
16
12
38
46
60
35
500
20
77
41
43
92
32
61
11
88
25
7
76
92
75
17
45
69
85
8
58
1
21
73
95
41
19
45
64
1
60
79
43
66
13
42
50
5
66
91
37
37
67
85
21
43
52
44
35
57
4
19
97
500
15
64
48
45
53
52
64
83
52
61
80
52
85
16
23
50
44
26
36
12
97
14
84
80
33
30
52
4
20
34
72
95
78
54
97
66
25
36
96
96
40
49
82
32
86
26
5
88
27
80
7
75
500
13
30
59
41
25
54
25
49
30
63
63
82
96
41
76
87
60
1
97
61
14
57
62
14
69
70
13
71
8
17
20
80
65
89
3
23
93
32
32
30
86
87
36
32
68
40
25
31
47
38
62
88
500
28
6
47
16
98
22
32
68
43
46
71
42
84
54
33
56
1
72
66
55
14
72
99
6
75
89
74
38
87
56
17
85
63
83
81
97
50
50
51
89
39
95
92
88
45
7
56
69
71
35
85
24
500
52
50
44
69
84
50
41
65
7
97
74
87
97
53
50
54
55
98
4
14
48
77
45
87
34
38
33
98
87
84
55
13
35
91
68
51
51
97
25
61
94
68
73
9
39
81
71
51
3
17
54
51
500
29
17
52
3
47
52
27
86
3
24
96
49
13
50
93
99
9
51
94
34
91
41
75
34
5
11
85
67
9
40
8
92
74
91
86
86
34
93
11
58
67
53
41
43
83
53
50
24
56
97
56
27
500
24
42
47
8
10
77
23
97
59
72
21
67
9
38
67
75
27
80
14
85
31
63
34
15
47
16
16
49
57
49
21
97
78
66
66
58
98
13
31
21
35
66
96
79
31
84
38
92
82
18
63
53
500
10
46
85
25
48
95
54
57
86
89
93
53
38
10
14
4
83
6
5
7
61
96
99
11
69
23
98
21
69
82
6
90
54
54
54
27
38
45
24
2
84
27
75
47
17
65
44
94
48
15
85
14
500
17
82
89
5
81
92
53
62
41
53
63
50
79
67
47
88
4
72
78
31
81
8
51
18
36
28
78
51
65
25
76
67
67
12
55
46
42
69
68
41
42
82
82
41
2
15
72
56
29
94
74
75
500
4
75
91
39
28
33
27
68
46
12
80
29
24
3
24
43
24
20
66
2
47
1
50
22
50
95
87
78
89
80
20
20
96
42
11
99
38
76
26
5
39
21
51
94
10
63
49
52
2
88
98
51
500
96
88
8
45
84
70
88
57
43
53
64
77
74
38
47
1
8
39
55
40
64
18
60
80
64
93
50
17
27
55
55
34
11
46
30
13
91
33
25
35
18
53
23
46
28
89
56
87
49
73
60
19
500
30
58
14
7
93
37
45
2
61
52
77
29
92
23
75
96
47
76
32
94
28
85
3
30
39
63
16
48
43
43
3
89
32
19
94
51
6
40
62
81
35
27
2
48
90
5
44
96
7
36
65
23
500
10
86
54
95
50
16
38
69
36
32
89
86
34
21
97
11
78
70
62
73
7
68
87
51
89
9
72
9
9
13
68
40
2
48
2
13
34
42
38
12
50
53
89
76
46
50
3
48
84
97
24
87
500
58
76
41
42
12
33
65
38
39
86
63
25
50
31
80
89
85
6
83
77
92
93
36
77
4
97
59
59
75
37
53
16
48
76
54
26
77
50
37
56
78
92
84
4
57
22
66
33
45
11
58
67
500
68
88
23
1
74
88
80
31
25
75
41
20
77
33
2
11
49
87
45
21
78
79
79
25
12
19
19
42
88
90
29
56
63
15
78
15
68
38
90
23
94
11
54
48
93
83
77
16
92
30
94
25
500
80
67
79
35
67
80
29
97
43
72
26
98
46
90
6
10
13
86
7
2
62
81
49
36
23
23
81
75
60
6
82
60
28
81
1
20
87
43
23
54
43
78
32
84
26
61
94
29
73
56
48
2
500
10
45
72
27
53
83
21
71
13
32
63
20
3
29
92
4
51
52
94
1
33
87
25
48
48
68
9
13
46
76
41
23
48
65
78
24
91
30
14
60
73
37
97
48
98
66
60
27
11
87
20
35
500
79
86
28
82
59
47
24
24
74
71
30
64
10
37
15
72
44
14
96
38
83
58
18
18
69
42
59
58
93
93
56
23
2
72
6
66
22
41
39
72
23
22
61
80
28
59
81
23
12
59
54
43
500
90
80
90
25
60
76
69
5
26
27
87
44
86
65
36
21
73
3
80
29
68
97
97
44
56
31
68
92
64
1
99
95
71
8
9
37
27
65
33
87
43
81
12
89
8
73
82
49
47
73
26
40
500
93
62
15
6
58
82
95
6
58
73
1
70
30
53
63
13
73
18
82
95
29
29
45
72
80
73
51
6
35
43
65
11
67
89
61
12
41
4
35
37
45
91
95
10
38
62
33
21
8
21
55
17
500
54
85
28
50
31
4
97
20
21
54
62
36
32
6
94
10
55
66
11
33
33
47
38
9
16
88
64
65
4
18
68
25
26
8
64
24
10
76
74
55
57
91
21
46
81
51
48
84
48
12
80
97
500
83
6
26
34
41
33
53
57
62
35
28
10
41
79
27
77
10
99
75
75
41
88
45
74
47
41
97
81
49
99
45
24
84
63
9
70
35
43
85
69
73
13
11
96
25
84
50
93
85
65
40
44
500
72
25
74
2
25
9
55
60
6
62
44
89
96
80
84
95
96
32
32
42
45
30
46
25
51
61
62
63
7
75
53
35
86
21
62
79
95
54
46
77
9
96
50
10
85
88
84
99
53
77
68
44
500
30
41
50
8
81
47
29
83
31
46
61
73
39
25
31
63
68
68
89
50
14
35
92
28
22
6
89
78
38
78
33
1
60
64
31
82
14
99
96
10
87
78
35
18
12
20
8
89
3
35
82
90
500
48
70
7
52
17
32
63
5
43
29
48
4
85
15
52
18
18
47
26
43
76
44
8
4
56
95
51
87
28
27
98
46
10
22
61
42
97
14
29
56
60
2
80
85
90
58
45
49
61
40
40
29
500
48
39
3
80
20
66
65
59
91
20
89
92
16
44
73
73
62
48
69
57
89
16
88
32
36
49
8
50
67
53
8
50
16
62
36
96
3
4
26
43
24
82
25
57
3
62
37
89
42
92
90
65
500
55
83
99
91
92
34
66
48
18
35
86
3
81
66
66
65
4
3
82
49
95
85
37
10
10
34
94
46
16
42
50
4
58
72
81
61
96
25
16
67
18
55
76
6
18
42
7
2
33
34
37
15
500
72
10
56
66
45
43
4
25
86
69
46
79
78
78
63
14
86
22
85
4
61
46
3
58
16
4
53
67
7
33
27
26
93
12
7
24
95
34
78
7
78
85
33
99
4
95
45
4
37
71
93
14
500
92
83
35
74
26
82
36
50
77
68
54
65
65
95
20
92
96
23
70
77
31
68
1
78
52
38
28
34
56
47
65
9
95
51
19
80
64
21
98
37
87
21
36
50
86
2
72
97
47
62
54
34
500
28
38
16
58
96
7
93
24
94
24
86
86
37
35
66
89
24
66
63
87
6
90
4
73
20
69
12
4
58
23
30
84
82
59
51
8
33
1
5
27
24
86
85
1
83
95
87
38
64
37
75
29
500
9
58
70
24
63
25
29
37
58
53
53
13
9
41
80
98
89
20
20
72
21
40
95
12
88
51
27
27
71
58
75
71
45
92
20
20
67
47
26
86
99
97
3
3
87
27
64
45
90
36
1
99
500
89
64
78
32
28
5
87
51
37
37
15
29
77
17
29
41
98
85
65
84
61
25
95
14
52
54
47
2
83
18
50
29
22
87
83
67
23
42
13
76
1
56
92
39
88
92
28
47
68
47
30
4
500
68
87
24
8
67
36
87
89
89
9
29
30
3
68
91
44
28
1
67
6
23
23
67
38
96
81
95
36
8
31
21
22
44
29
74
26
78
73
66
2
90
95
45
28
7
8
35
21
27
96
96
22
500
48
75
73
30
56
41
96
96
2
21
25
29
52
73
35
88
3
96
45
96
82
19
80
69
92
1
81
87
99
99
13
74
76
58
83
53
63
39
21
10
22
77
13
70
74
37
96
24
79
26
1
51
500
98
94
97
24
17
51
51
64
91
90
73
31
68
54
67
19
30
22
19
99
85
77
72
29
86
37
58
2
10
28
1
80
99
54
10
86
75
29
97
5
87
86
2
66
32
17
62
83
12
91
98
40
500
97
70
39
89
19
19
33
27
68
12
8
13
98
97
82
48
98
33
30
38
83
66
62
45
99
30
72
89
78
91
64
54
47
3
85
85
12
44
56
84
24
54
17
27
63
92
48
18
82
89
29
94
500
27
65
92
8
8
2
79
32
47
3
21
61
64
49
17
93
10
99
99
41
78
71
85
80
75
94
1
28
83
59
36
8
45
22
24
14
45
64
90
90
19
65
28
53
76
48
70
53
96
65
10
43
500
91
69
38
38
80
73
47
34
34
61
61
28
38
40
66
18
73
69
61
51
86
89
76
31
21
1
65
80
19
45
78
21
58
56
57
2
69
73
43
94
26
72
47
64
1
3
96
85
70
98
95
46
500
87
48
48
47
19
49
90
16
20
35
36
2
81
87
27
65
98
69
89
72
49
67
40
43
36
29
8
25
65
77
86
53
6
17
59
6
80
78
31
85
39
24
61
97
13
58
65
81
40
40
26
87
500
92
92
15
1
30
39
70
32
21
85
84
45
16
2
33
44
29
69
14
17
84
70
48
76
93
46
28
14
25
51
95
14
99
38
38
11
52
50
12
32
92
90
32
97
10
55
69
20
84
62
63
39
500
500
15
1
30
39
70
32
21
85
84
45
16
2
33
44
29
69
14
17
84
70
48
76
93
46
28
14
25
51
95
14
99
38
38
11
52
50
12
32
92
90
32
97
10
55
69
20
84
62
63
39
500
500
1293 282 1205 1320 862 342 1179 1239 915 809 549 638 497 211 1086 496 941 0 337 549 1232 1054 425 273 117 0 692 808 924 1121 402 961 621 803 1097 48 1021 227 700 572 870 166 155 970 96 229 758 198 890 127
