5
40
7
64
19
89
91
75
16
21
65
36
75
29
20
67
28
63
74
20
4
75
75
71
43
98
36
1
28
29
95
11
52
1
17
42
44
42
36
34
38
12
0
0
0
0
0
500
95
59
59
67
55
19
55
98
5
16
32
89
70
11
99
11
83
48
92
8
18
31
37
59
35
93
89
21
49
28
13
71
62
25
38
72
34
32
97
95
95
95
95
95
55
500
52
8
12
97
93
23
26
66
94
3
89
5
11
22
44
70
90
22
51
62
9
56
85
28
63
72
77
60
61
27
58
99
58
39
24
48
9
90
83
83
83
83
83
44
54
500
56
28
37
89
46
28
94
39
75
39
8
1
37
2
92
44
80
16
62
73
13
25
35
6
88
13
14
64
54
38
41
78
80
36
13
47
33
28
28
28
28
28
18
21
3
500
39
13
84
79
7
70
58
53
32
12
44
50
81
1
30
59
75
25
89
22
14
63
59
99
7
87
10
39
6
37
25
17
21
70
83
27
94
94
94
94
94
87
77
75
72
500
24
35
61
7
64
43
3
48
31
4
33
44
40
31
61
12
2
42
12
25
68
22
36
77
47
40
26
25
64
76
83
45
75
28
98
83
83
83
83
83
2
64
15
28
57
500
25
3
6
80
1
66
24
32
17
90
55
96
11
38
89
40
79
48
2
4
44
54
84
52
7
37
31
61
29
91
41
81
30
46
99
99
99
99
99
26
69
33
63
62
84
500
92
16
49
7
73
42
7
62
33
31
6
16
54
40
57
2
26
33
49
88
27
29
68
45
46
67
32
68
86
20
52
46
60
94
94
94
94
94
80
94
63
27
71
62
46
500
2
70
86
71
57
8
15
74
95
53
7
54
47
29
81
32
1
96
48
10
95
48
13
79
78
20
6
46
24
49
73
17
61
61
61
61
61
34
49
65
38
97
72
80
32
500
46
63
77
69
95
84
3
61
24
49
4
74
41
77
52
44
83
11
77
34
69
73
58
65
84
80
58
43
77
45
41
95
95
95
95
95
34
27
36
71
5
35
81
24
54
500
70
40
6
37
67
12
37
41
18
72
8
12
64
40
80
74
33
94
46
16
41
21
51
2
7
66
81
43
88
72
85
85
85
85
85
45
59
46
29
14
50
52
89
7
30
500
41
19
58
62
57
60
71
37
38
96
41
25
34
46
6
7
50
96
16
12
89
32
76
78
69
30
75
80
56
69
69
69
69
69
60
50
98
50
42
19
78
47
3
9
53
500
75
79
51
24
82
89
72
98
90
83
72
86
10
98
21
36
90
87
84
83
47
11
70
79
76
51
79
77
66
66
66
66
66
56
19
67
25
12
40
75
4
7
20
69
59
500
16
13
42
81
80
8
16
92
49
47
69
54
45
65
94
46
80
40
40
37
5
72
67
16
39
72
51
49
49
49
49
49
37
7
41
3
13
1
79
55
23
31
97
51
24
500
10
7
98
33
87
32
65
92
56
6
51
29
64
48
34
54
89
65
68
78
95
47
15
53
76
30
36
36
36
36
36
47
16
76
85
61
53
19
74
10
44
37
98
65
15
500
4
13
11
34
39
76
11
4
16
12
10
64
2
22
16
45
73
82
25
90
88
15
55
62
67
88
88
88
88
88
83
33
38
13
48
7
23
50
84
66
24
40
90
99
6
500
58
63
71
29
81
73
12
45
90
22
28
64
77
77
66
14
87
68
96
87
66
72
97
97
12
12
12
12
12
90
26
19
21
64
58
41
55
72
18
90
4
9
95
48
91
500
90
8
52
84
83
41
70
48
79
71
1
31
64
23
91
58
76
26
67
64
47
19
17
74
74
74
74
74
35
59
95
44
98
67
36
66
92
72
42
16
88
30
48
79
15
500
97
20
82
80
13
24
91
62
50
75
36
18
28
64
55
59
69
38
11
27
79
92
74
74
74
74
74
67
12
81
68
90
27
36
54
33
91
55
18
55
73
73
45
8
99
500
43
22
24
62
4
6
67
36
13
69
11
6
64
60
99
24
25
13
16
49
49
40
40
40
40
40
2
97
81
69
78
26
20
44
80
98
43
1
32
1
96
10
49
78
80
500
19
41
3
20
40
12
84
9
57
87
14
90
86
87
95
22
2
68
94
35
87
87
87
87
87
14
44
28
70
19
91
24
8
45
76
22
79
74
94
12
11
9
64
18
78
500
99
27
36
44
74
96
32
49
70
36
3
14
44
50
51
71
61
31
42
36
36
36
36
36
91
83
12
67
47
16
75
54
64
33
27
63
28
8
41
85
62
45
20
12
14
500
36
40
7
67
62
5
45
39
76
2
94
90
42
83
88
99
65
15
93
93
93
93
93
97
7
78
3
62
78
71
94
3
82
52
81
20
39
43
37
27
45
72
49
96
34
500
85
78
46
80
21
32
42
51
31
18
43
27
51
12
61
43
19
93
93
93
93
93
96
2
85
94
90
87
66
45
67
78
11
8
66
46
27
86
64
60
88
64
89
37
57
500
96
55
63
59
5
62
60
45
3
90
71
31
34
64
70
36
50
50
50
50
50
91
36
21
44
67
33
3
7
76
97
95
58
24
10
64
16
52
6
65
91
80
61
60
77
500
7
95
70
79
57
47
40
52
12
89
18
46
4
35
70
43
43
43
43
43
30
29
37
71
51
87
18
89
51
27
6
16
85
50
37
51
52
39
89
42
77
33
17
34
69
500
29
60
90
3
20
35
40
42
72
31
68
96
80
80
11
11
11
11
11
7
17
13
86
70
89
93
81
93
83
12
53
1
3
32
45
33
80
73
26
23
98
96
13
73
71
500
82
38
28
1
70
11
66
78
33
57
62
6
49
59
59
59
59
59
79
37
97
43
47
96
18
16
54
1
33
85
7
58
28
46
40
1
60
41
39
56
58
3
15
17
31
500
15
80
37
77
22
52
30
89
17
70
40
92
6
6
6
6
6
30
43
4
46
83
5
67
8
95
83
26
79
36
83
28
66
56
2
74
8
90
55
55
10
91
42
31
53
500
3
2
47
47
34
51
70
5
23
5
40
22
22
22
22
22
39
45
10
42
48
69
95
12
75
45
4
71
20
76
44
75
66
42
99
77
30
23
66
92
38
41
95
7
14
500
76
4
67
58
82
9
95
77
38
81
66
66
66
66
66
6
73
45
4
47
16
28
81
8
29
73
71
27
76
20
89
83
80
37
89
55
52
84
25
8
6
82
96
43
25
500
85
75
63
86
6
81
84
58
1
81
81
81
81
81
91
23
78
86
29
2
20
95
89
21
86
76
47
80
60
3
28
17
51
32
99
35
92
69
38
49
30
58
71
74
20
500
94
86
94
99
26
95
54
93
42
42
42
42
42
98
72
6
52
2
96
11
65
63
47
24
36
79
1
57
80
77
25
98
67
67
18
90
19
11
46
43
20
60
68
33
99
500
43
54
58
17
79
78
65
91
91
91
91
91
27
36
51
13
42
2
95
12
92
56
71
84
27
73
42
69
42
50
62
70
80
66
65
90
26
52
12
93
56
47
71
38
33
500
9
73
22
26
69
15
99
99
99
99
99
60
72
30
7
12
69
32
8
30
5
39
30
33
50
52
76
28
1
4
99
11
27
88
77
60
96
39
23
14
50
44
86
50
36
500
79
13
26
92
63
99
99
99
99
99
69
76
17
70
68
62
90
98
32
86
58
90
46
59
92
45
76
35
10
87
55
56
14
46
95
51
94
21
73
98
54
24
65
10
8
500
27
30
81
8
34
34
34
34
34
81
3
82
40
60
60
17
34
25
57
36
50
60
93
79
5
87
7
26
50
89
72
4
76
39
66
24
43
99
9
92
15
14
46
7
62
500
77
97
11
63
63
63
63
63
7
79
59
93
48
47
18
44
69
44
85
64
11
61
18
64
11
70
76
31
94
86
12
66
8
29
24
79
61
13
10
39
69
77
62
38
40
500
94
92
38
38
38
38
38
79
16
85
7
70
68
81
22
54
63
48
60
54
69
15
56
43
36
77
85
48
91
65
24
10
78
26
23
46
33
66
69
79
72
77
60
94
78
500
14
7
7
7
7
7
90
72
10
8
86
50
3
58
96
95
58
6
44
60
81
83
23
35
33
84
91
99
43
62
76
21
3
93
25
43
86
75
16
66
17
81
35
46
52
500
45
45
45
45
45
25
87
32
41
73
46
91
76
51
14
86
42
36
71
43
63
67
60
42
11
65
82
62
36
11
4
34
9
37
80
55
28
17
83
77
16
36
44
59
89
500
500
500
500
500
25
87
32
41
73
46
91
76
51
14
86
42
36
71
43
63
67
60
42
11
65
82
62
36
11
4
34
9
37
80
55
28
17
83
77
16
36
44
59
89
500
500
500
500
500
25
87
32
41
73
46
91
76
51
14
86
42
36
71
43
63
67
60
42
11
65
82
62
36
11
4
34
9
37
80
55
28
17
83
77
16
36
44
59
89
500
500
500
500
500
25
87
32
41
73
46
91
76
51
14
86
42
36
71
43
63
67
60
42
11
65
82
62
36
11
4
34
9
37
80
55
28
17
83
77
16
36
44
59
89
500
500
500
500
500
25
87
32
41
73
46
91
76
51
14
86
42
36
71
43
63
67
60
42
11
65
82
62
36
11
4
34
9
37
80
55
28
17
83
77
16
36
44
59
89
500
500
500
500
500
306 154 384 292 76 154 34 110 262 0 19 230 50 86 179 330 320 215 143 0 293 211 236 61 230 0 352 405 185 5 285 382 0 58 164 0 98 268 383 339
