4
50
25
58
42
66
62
86
83
36
58
95
76
10
37
49
48
90
91
99
53
62
98
16
98
36
14
21
9
66
48
57
31
5
25
24
37
70
65
12
70
91
16
50
83
64
37
45
32
57
9
35
0
0
0
0
500
70
48
41
76
13
69
54
26
75
61
33
27
59
36
76
5
58
98
83
63
46
79
19
63
47
31
13
86
29
28
96
59
63
80
29
5
53
79
13
2
95
68
47
18
24
31
45
80
76
7
7
7
7
74
500
72
16
19
82
92
23
24
12
60
65
53
98
10
97
86
71
53
69
86
23
66
97
83
68
82
53
93
10
5
32
39
58
77
8
57
55
74
16
25
43
78
6
53
98
44
11
96
63
90
90
90
90
31
58
500
8
9
49
63
86
85
23
92
96
90
11
93
41
14
22
64
9
85
40
37
60
64
92
48
18
44
97
53
46
14
3
58
22
96
10
94
98
89
14
36
47
42
42
40
52
54
41
20
20
20
20
54
23
25
500
24
98
18
5
95
91
71
31
82
41
11
17
68
48
30
61
44
78
84
73
81
44
51
40
21
29
31
45
81
47
66
11
82
18
35
77
77
80
68
42
27
13
96
57
79
92
21
21
21
21
92
1
53
75
500
88
92
98
91
14
75
74
16
43
20
30
10
8
58
1
1
72
36
70
3
47
27
37
74
73
19
38
11
41
59
79
89
76
83
91
19
49
84
53
20
22
80
64
5
14
57
57
57
57
27
58
36
33
49
500
48
66
58
16
98
4
13
17
62
23
14
60
97
82
58
56
52
38
21
26
11
59
61
91
73
15
52
9
16
49
4
98
56
72
30
61
92
50
1
97
72
30
5
12
40
40
40
40
51
50
51
62
22
24
500
89
55
23
1
59
93
53
58
95
93
74
80
63
90
81
19
31
36
8
57
81
49
43
32
50
79
31
79
73
94
42
61
91
85
68
96
80
33
6
17
49
61
19
38
38
38
38
80
18
30
19
5
36
60
500
83
54
97
41
97
22
59
40
56
18
43
72
16
79
47
61
53
4
9
33
94
83
39
57
92
17
19
95
87
63
6
21
48
25
62
17
55
31
99
79
23
63
8
8
8
8
17
56
13
23
53
85
30
22
500
57
58
6
86
82
63
53
65
80
28
98
56
30
58
29
47
86
6
38
88
4
57
64
77
32
57
28
98
52
28
97
27
40
81
81
9
4
41
60
73
93
95
95
95
95
33
55
39
30
22
17
85
54
54
500
88
92
38
78
64
12
95
89
50
29
7
82
15
58
47
54
40
60
38
75
42
86
71
95
71
94
86
54
8
48
49
72
23
81
3
97
70
59
80
29
95
95
95
95
75
97
12
33
17
4
36
35
91
93
500
8
64
56
25
98
33
91
38
16
21
44
24
95
32
28
86
4
69
58
62
94
56
2
33
8
14
65
51
87
19
76
24
99
61
38
63
45
92
68
34
34
34
34
48
25
99
68
42
64
75
26
73
59
8
500
31
32
58
96
88
73
71
24
42
6
30
47
57
53
98
97
4
10
28
29
74
75
52
23
39
66
99
36
84
87
75
96
2
38
18
26
86
33
15
15
15
15
91
72
49
89
35
43
31
21
49
11
58
19
500
3
94
58
89
94
1
80
66
52
7
70
86
74
55
98
57
80
95
14
84
28
18
51
2
85
70
14
33
36
8
14
88
8
64
5
40
29
55
55
55
55
94
79
78
78
91
26
45
2
56
2
85
45
67
500
30
66
14
80
3
96
5
44
65
76
65
59
93
34
51
60
11
17
87
97
43
80
80
91
72
25
32
96
6
31
19
10
52
3
65
27
92
92
92
92
64
28
78
1
46
30
3
20
20
27
44
25
38
55
500
79
5
69
58
80
89
95
86
92
77
25
37
46
98
72
15
4
22
77
4
95
93
1
71
50
95
86
8
73
37
23
40
19
78
12
63
63
63
63
58
40
75
62
34
1
48
52
70
29
12
88
98
60
75
500
4
82
72
70
62
90
78
28
79
96
4
87
32
14
85
16
92
50
51
9
96
6
69
7
89
61
26
56
96
21
66
24
9
53
50
50
50
50
94
47
49
44
43
38
65
91
35
85
30
47
20
27
44
26
500
59
26
80
62
45
5
32
86
82
30
11
73
11
9
26
70
57
9
61
61
41
18
20
73
56
32
61
91
34
17
29
21
7
4
4
4
4
90
47
91
39
54
68
33
84
89
36
13
18
83
13
6
82
39
500
69
44
74
80
8
85
8
13
10
80
7
51
74
74
51
37
80
10
48
6
37
98
34
50
14
49
28
26
26
33
83
82
98
98
98
98
45
72
42
35
60
5
51
94
23
44
53
61
96
36
82
6
45
29
500
18
91
2
84
87
27
78
25
60
44
69
14
48
69
24
97
11
82
26
84
43
59
42
10
78
61
5
53
1
76
48
11
11
11
11
27
25
29
50
21
88
82
97
39
35
97
64
49
31
9
17
47
55
22
500
62
23
57
53
84
90
71
17
58
18
54
78
49
63
70
4
56
74
74
85
9
91
61
40
29
12
21
50
82
10
22
22
22
22
66
56
14
44
59
19
57
60
3
35
94
9
15
39
92
2
20
29
10
79
500
67
23
95
38
54
29
63
78
27
35
25
59
12
5
26
78
20
52
23
84
50
61
94
52
37
92
58
2
52
25
25
25
25
45
40
68
49
42
10
38
77
50
40
76
73
56
97
61
52
92
86
67
22
29
500
37
46
32
32
81
80
31
41
26
72
51
68
2
21
74
92
11
21
32
80
30
82
17
40
88
55
26
62
5
5
5
5
24
5
71
37
98
72
22
36
96
66
51
44
7
31
23
24
66
96
39
69
76
71
500
62
24
95
49
19
86
39
44
90
87
51
60
63
91
14
50
28
86
64
58
87
15
82
64
57
94
58
8
8
8
8
51
64
36
49
54
17
93
56
84
60
19
30
93
19
67
50
33
53
6
18
70
51
83
500
7
76
25
93
40
6
84
1
7
91
1
10
37
36
88
83
18
16
86
83
2
66
57
44
57
90
45
45
45
45
83
88
42
27
34
9
14
75
87
46
41
74
35
57
52
35
31
20
22
86
19
79
60
43
500
49
56
12
74
85
26
49
7
27
51
79
58
91
40
71
52
65
37
29
12
63
9
16
36
7
76
76
76
76
66
57
39
82
83
10
1
42
74
32
97
21
83
27
34
99
69
31
58
46
2
83
55
93
26
500
98
68
22
56
77
38
9
36
27
66
86
58
76
72
55
25
48
82
68
10
44
83
75
59
50
50
50
50
4
99
11
50
37
45
73
92
3
48
89
76
52
13
59
55
43
1
43
96
6
16
54
98
2
99
500
21
19
97
98
62
33
34
85
81
45
50
87
2
96
38
91
72
59
77
16
2
82
21
94
94
94
94
68
46
92
77
31
44
29
11
30
83
8
32
74
10
98
67
26
12
80
53
35
65
6
37
54
37
24
500
54
96
48
11
57
92
19
38
3
72
24
3
97
56
11
77
35
83
44
39
7
10
12
12
12
12
95
7
74
44
88
53
83
63
15
36
65
65
12
84
21
23
43
77
94
82
15
65
6
70
67
83
42
45
500
42
10
59
4
8
23
40
45
53
37
18
18
13
18
97
91
13
18
33
91
7
85
85
85
85
58
23
82
81
73
58
28
39
61
89
61
96
20
27
20
52
82
7
40
83
39
34
16
4
39
84
34
70
54
500
25
67
36
48
54
29
72
92
10
9
35
22
83
11
37
35
55
55
95
65
20
20
20
20
13
21
88
35
88
6
95
96
20
93
55
72
31
92
37
23
90
91
75
4
62
25
76
48
27
71
20
97
14
88
500
47
73
74
98
25
34
53
29
94
74
96
20
33
43
48
44
5
48
63
63
63
63
63
59
19
86
48
65
7
44
29
18
55
55
47
2
56
33
86
12
73
56
7
64
57
53
30
75
43
96
44
19
58
51
500
62
83
67
82
38
18
74
42
29
29
34
98
65
66
10
12
38
38
32
32
32
32
39
54
68
27
29
12
87
61
73
88
77
37
76
47
33
68
63
62
14
12
96
6
12
65
83
53
25
7
15
11
69
10
500
1
90
31
45
31
46
70
23
57
6
80
44
17
4
49
33
37
63
63
63
63
26
45
31
29
67
6
73
11
99
32
21
71
26
7
8
97
30
37
11
33
64
2
40
71
29
60
20
12
17
48
11
86
78
500
13
53
83
18
8
64
88
54
21
72
15
84
98
80
30
42
14
14
14
14
28
72
49
68
92
48
17
78
10
16
55
56
76
96
89
96
30
78
83
74
44
8
16
93
7
8
77
7
74
27
65
40
87
74
500
64
61
77
93
85
69
12
27
46
67
19
57
85
45
66
54
54
54
54
93
23
86
93
65
52
47
6
18
41
30
90
5
24
92
29
2
14
74
50
49
47
50
37
77
59
75
71
20
46
84
30
87
66
5
500
75
31
78
64
25
39
16
22
97
96
66
61
98
93
77
77
77
77
76
40
88
30
43
18
7
50
4
26
47
14
93
67
34
34
76
93
60
47
8
26
26
58
59
21
21
91
12
73
6
40
36
60
10
65
500
43
36
72
51
42
83
87
97
65
62
62
38
52
50
50
50
50
29
75
57
28
48
16
75
53
18
31
25
79
79
6
84
32
40
51
92
61
97
93
58
69
82
47
20
62
68
9
40
56
79
27
39
29
16
500
11
48
86
67
77
75
77
7
45
31
26
12
61
61
61
61
49
95
19
10
64
73
57
90
57
99
15
23
37
77
15
40
90
13
72
81
67
11
65
5
49
49
13
94
56
75
43
37
87
57
93
86
53
41
500
50
34
56
54
81
25
56
95
33
20
14
31
31
31
31
50
65
91
96
78
91
28
66
68
71
25
48
38
60
14
84
19
64
25
53
12
37
95
54
98
54
33
65
44
6
97
4
14
83
96
4
44
72
98
500
16
45
29
83
27
4
70
76
61
50
41
41
41
41
62
24
62
36
8
91
9
57
86
72
1
80
30
1
42
1
34
25
46
96
24
58
50
4
96
65
40
82
22
88
35
90
95
33
48
21
82
20
62
59
500
95
95
47
22
26
92
40
34
93
42
42
42
42
16
4
34
17
17
50
62
49
55
81
82
24
70
24
29
63
87
80
79
62
41
24
96
21
83
58
76
17
96
9
4
27
91
44
54
23
27
57
2
76
20
500
97
14
94
83
83
42
53
85
34
34
34
34
53
9
99
26
86
9
59
96
92
64
68
39
89
14
40
14
99
9
54
80
19
90
86
72
23
18
96
97
74
68
34
30
81
41
12
4
16
61
96
72
26
63
500
49
86
42
91
72
63
36
54
54
54
54
32
16
98
64
10
57
4
12
65
83
59
77
89
88
73
75
25
23
45
59
31
69
34
3
16
36
63
8
85
64
41
92
20
2
2
47
99
39
33
4
81
24
58
500
72
89
24
41
21
69
58
58
58
58
7
7
44
52
62
81
66
79
16
27
98
34
79
33
59
49
20
32
1
20
40
25
24
24
64
55
17
96
15
36
89
75
62
55
51
58
73
26
1
43
22
51
83
64
500
73
40
93
31
86
59
59
59
59
48
67
47
7
83
40
55
71
28
46
48
1
40
54
60
81
77
22
5
4
44
39
50
83
86
9
42
54
20
33
86
71
84
10
76
49
35
87
73
21
9
73
59
79
23
500
6
55
21
36
54
54
54
54
54
89
15
12
4
41
44
1
2
23
37
34
97
14
36
96
18
41
47
25
38
85
34
61
33
14
19
81
93
31
20
5
78
38
87
34
35
10
4
87
67
52
61
50
44
45
500
12
97
34
50
50
50
50
58
95
55
33
87
87
3
47
79
86
15
36
46
69
20
94
28
75
44
97
54
82
10
65
18
68
70
5
31
90
98
99
68
76
8
99
39
27
75
95
92
17
71
96
4
95
45
500
73
47
5
5
5
5
7
41
38
45
28
48
89
79
83
64
95
83
30
69
86
85
54
2
70
5
30
27
62
20
91
5
48
33
41
86
61
49
97
48
67
93
54
64
50
81
93
80
53
44
30
69
69
3
500
58
40
40
40
40
17
19
87
26
69
54
71
29
29
27
6
1
73
91
38
32
62
73
80
22
51
82
30
38
18
85
58
81
92
83
42
73
9
41
65
7
24
66
73
42
83
13
95
14
54
76
43
32
89
500
81
81
81
81
15
48
30
39
40
59
9
74
9
47
1
13
42
19
90
82
29
97
54
23
38
2
35
21
35
19
71
7
11
55
98
24
12
75
75
2
4
45
46
57
47
72
30
18
69
72
70
41
33
56
500
500
500
500
15
48
30
39
40
59
9
74
9
47
1
13
42
19
90
82
29
97
54
23
38
2
35
21
35
19
71
7
11
55
98
24
12
75
75
2
4
45
46
57
47
72
30
18
69
72
70
41
33
56
500
500
500
500
15
48
30
39
40
59
9
74
9
47
1
13
42
19
90
82
29
97
54
23
38
2
35
21
35
19
71
7
11
55
98
24
12
75
75
2
4
45
46
57
47
72
30
18
69
72
70
41
33
56
500
500
500
500
15
48
30
39
40
59
9
74
9
47
1
13
42
19
90
82
29
97
54
23
38
2
35
21
35
19
71
7
11
55
98
24
12
75
75
2
4
45
46
57
47
72
30
18
69
72
70
41
33
56
500
500
500
500
610 171 345 364 526 178 506 440 0 238 590 0 270 320 182 475 642 247 680 116 372 693 626 496 573 481 567 0 23 184 141 239 594 667 535 0 73 353 290 75 490 426 72 418 639 67 248 580 596 371
