3
20
21
61
44
49
98
11
81
19
2
42
6
60
32
36
94
11
41
95
28
91
0
0
0
500
88
24
83
71
87
15
36
98
12
53
73
68
99
68
9
52
12
97
20
52
52
52
92
500
66
59
35
77
35
22
32
39
57
15
77
33
50
17
70
43
19
73
88
88
88
96
70
500
97
60
76
26
16
43
28
56
2
49
89
2
26
85
57
61
9
11
11
11
56
63
67
500
69
28
38
59
85
31
91
16
89
36
83
8
77
87
44
35
75
75
75
77
62
81
31
500
12
64
82
84
25
66
70
70
46
12
16
91
68
90
57
14
14
14
92
79
73
89
77
500
9
66
53
57
15
76
71
66
14
57
62
52
54
36
74
74
74
56
82
8
74
93
71
500
26
59
4
78
14
23
50
29
31
40
13
7
26
57
57
57
47
54
97
97
9
22
88
500
13
37
74
93
52
97
27
1
88
1
28
49
2
2
2
22
8
40
85
81
30
47
21
500
68
14
93
17
73
75
98
59
90
53
75
44
44
44
40
44
90
23
21
65
60
3
21
500
15
54
80
70
54
48
18
59
69
39
30
30
30
38
13
88
97
33
38
5
14
9
4
500
49
23
70
90
17
70
2
44
25
32
32
32
18
25
1
13
52
94
36
18
98
7
93
500
68
48
1
43
25
88
37
45
41
41
41
90
35
73
71
90
36
99
51
63
96
18
86
500
97
38
6
55
80
29
9
94
94
94
26
32
72
93
45
8
14
90
57
85
24
68
4
500
27
90
53
40
2
44
42
42
42
68
14
55
15
42
60
89
46
8
7
32
62
92
33
500
67
24
93
29
16
93
93
93
55
62
72
18
12
84
41
19
32
17
46
25
29
78
88
500
43
28
6
84
28
28
28
70
56
9
31
81
37
13
73
41
62
33
2
74
8
99
16
500
68
60
50
34
34
34
47
95
74
67
71
90
29
67
32
42
2
73
81
40
68
6
42
500
77
12
16
16
16
93
21
70
6
21
8
33
68
36
88
47
55
89
18
68
68
28
98
500
7
63
63
63
47
76
59
96
71
8
80
54
32
42
2
87
85
58
86
32
88
6
14
500
67
67
67
89
81
82
17
54
40
14
53
98
62
75
17
8
34
74
18
56
94
61
24
500
500
500
89
81
82
17
54
40
14
53
98
62
75
17
8
34
74
18
56
94
61
24
500
500
500
89
81
82
17
54
40
14
53
98
62
75
17
8
34
74
18
56
94
61
24
500
500
500
236 172 338 0 288 229 248 247 225 77 217 0 0 185 40 66 126 279 85 119
