    1   21    2    0    169100
 850013700
 900013300
1390015700
 960014000
 9900 8100
 470014900
14800 9500
 900014800
 880011300
1570012000
 6300 7400
 680015900
1130010300
1330014300
13800 9700
 500013500
 780016800
1460011000
 900011000
 200011500
10300 7300
17200 9700
12900 8800
 7900 7600
 6900 9400
13800 5300
 940010300
11400 8400
14800 8300
 9600 7400
 550010100
12000 7900
1630010000
16400 8600
 8300 7600
 580011500
16300 8300
10800 5400
 2100 9600
12700 9900
10200 9700
 9800 6400
 350010200
12700 4500
 980011200
 5700 8800
13400 9000
 5600 5600
 520010600
 7400 8000
1110010900
10700 7900
 4200 7900
 800012400
10600 8600
 5100 6400
 3800 9500
1320012800
 760016700
 610011900
 930014300
1030015000
 830016200
1010015300
 900016500
 200010400
 670016300
1430015400
1350017500
 760010300
 600013600
1290016300
 650013000
 420017700
1070014500
 390010600
1350012200
1050013500
 490014200
1420013300
 480014300
 6100 9800
 760014200
1020013800
 990015400
 3400 8300
 880012700
1070014200
 470010900
 440015700
 5600 8200
15800 7400
 9900 9800
 9400 9200
16700 8600
 6500 9400
 7700 8800
12300 9100
13700 9700
1440010200
 5300 6400
 860010400
15600 9200
 9800 5700
 290010600
 9500 3700
11300 8700
 7900 7200
10100 7000
 9200 5900
 2700 7700
 5600 6800
14200 8600
13200 7400
 7800 5000
 7100 9500
12900 7100
 5800 3900
 5300 8400
 930010100
 830012000
1590010700
 570014300
 710010800
1120012500
1270010400
1330014000
 440010700
 830010800
1440012100
 860010700
 250013500
 3700 9200
1690010100
 260012400
 880016100
 9500 9700
 790011100
 890010100
 140015100
1130015000
13200 9200
 550012800
 6400 8100
12700 2500
 7100 3500
 4000 6200
 8500 2300
13100 4500
12800 3500
 5700 4300
 6000 6800
12500 2600
 7000 1600
 1900 3900
1100016600
 4200 9600
 490015200
1560013000
1420016700
 960011200
 900011000
1460015000
 620012800
 750016300
 3300 7300
10600 5200
17000 7500
16600 5800
 9500 4700
 3800 8900
16100 5700
10200 2900
 3400 6900
 9500 6200
16300 2200
15900 7800
 9100 5600
 3600 2500
15300 5600
 9200 5600
 3500 6600
1430012800
1270012800
 8700 7200
1000011900
1380012400
 4500 8900
 790013700
1310012000
 6500 8700
 560011600
1250010700
 6700 7900
 280012100
 4100 8200
 980013100
1070012000
 3200 8500
 580013400
 7800 3300
13500 4400
 7800 4900
 2200 5400
15400 8700
 9600 5400
 290010100
 360011000
 770012900
 180010000
     0.404