    1   21    2    0    173200
1350014800
 690012800
 600012300
1200013500
 980013500
10500 9800
 6800 9100
 940014100
 650011400
1020018400
1040015400
1370012700
 7000 9800
 410014800
 590013800
 590017400
1060014400
1340018300
 790016300
 6900 9000
1300011600
1150011600
 9100 9900
 640010200
1570012700
 350011900
1450014300
1020012100
1560015100
1400014700
 9200 9000
1260012100
 910010300
 820011300
 940013700
 910014500
1390014900
 180012500
 240011600
 6200 9100
1480011600
 930011400
1480011200
 790010100
14100 7200
 6800 8500
1370013400
14400 8700
1400011800
 720011700
 850012800
 580010600
1070013400
12300 7400
1790013600
 940012700
1000010400
13000 9000
11800 9200
 8400 7000
 8400 7300
 890011800
 8700 9000
1240014400
1180012700
15500 7900
 8600 6200
 1800 9800
 820010000
 450013100
1230012000
1270014200
 920011900
 7400 7000
 930011500
1400012200
 760010800
13300 8900
 6100 8700
1290014400
1370010300
1390011900
 640012500
 770013000
 540010900
 980014100
11800 9100
1710014500
 910013200
 950011000
13600 5500
 3100 5500
12200 9900
 7500 7100
1290012600
1150010800
10200 6200
 9800 4700
 7100 8200
 5600 8200
 770011400
 700010100
1330012500
 430010200
 4200 5100
 590013700
13700 9600
 610011400
1320010900
13400 8100
1190012400
 800015300
 840012100
 420010100
1000011100
10400 9400
1670011100
 730010800
 820013800
15900 8200
11400 5800
16900 9800
15400 8800
 8800 3300
13800 5500
10600 5100
 9200 5600
10900 8500
10300 8400
15200 9600
  600 7200
 3100 5000
1160015300
1600015600
1410016800
1270011800
1330015700
 790011200
1000013300
 780014100
1130017000
1130015300
 490013100
 140015200
1100016300
1190013900
1380010000
 5400 6000
 570012000
 520011800
 780015200
1110012900
1530016200
 860013900
 8300 7400
1290015900
 920014100
1130011400
 820016100
 690014800
 870018400
 780014700
1360019200
 280017300
 320010400
1270014600
 950017400
 470014300
 690012300
 510013100
 960011200
1120013100
 620013000
 450015900
1060018100
 610011700
 730011900
 6300 8300
 900013600
11200 7500
 4800 9500
 310016700
 9000 8900
 6000 7100
 980010700
 8100 7500
1520011400
 3500 9700
 5100 7000
 6400 2600
 6700 5300
 8200 3600
12100 5800
 4700 4500
 3600 6200
 8900 7800
12700 3900
12300 7900
 5700 7400
 2200 8700
1050011900
1010010700
 5500 8500
 2700 9600
1170013600
 480012100
 3500 9700
 750010300
 480016700
 6100 7100
     0.339