    1   41    2    0    1138500
 9500 4200
11400 7700
 8100 5400
 6600 7100
11900 6100
10700 8500
 5700 7300
 8500 9100
 8000 6200
11000 6900
 6700 6900
 2100 9300
 5100 6600
11900 5400
11500 6400
 6700 7300
13400 9600
11000 6700
12000 7200
12900 5600
 5700 8200
 7800 6200
 5000 6500
10400 7000
 4400 4300
 9500 6800
 9800 5100
11800 4800
 7500 4900
 8100 2800
 5800 6100
14000 5100
 7700 8400
 7800 7200
11500 5700
 4700 6500
15200 6300
11300 7900
10200 8500
 6600 5000
 820012100
 510018600
 760012500
 950013800
1600015500
1020013700
1250010900
 870014000
 530017700
1050012800
 580011300
1040013800
1510019200
1570013400
1210018800
 770010400
 710017300
1390012400
 790014100
 610011400
 890014100
 930016300
 960021400
 890016200
1460020100
 840016800
1770016100
 890019300
 700017300
 850013800
1740014600
1120012900
1090021800
1280013900
 930021000
1440013300
1050012600
 690011200
 450015000
 600010700
 510014800
1140013800
1590014800
1110014800
 780016700
 500013600
1130013000
 550014700
 430016800
 680014000
17100 8900
1690014000
1130011800
1360017300
1110012200
1060014900
1370013200
 630015900
1210013600
 660013400
 6000 7800
 730011300
10800 9800
1200011300
1620012100
 3000 8100
 400010000
1100013700
1210012800
 640016000
 5400 7300
1580013400
10100 6800
1010014100
1370015600
1220016200
 260012400
 9700 7700
15400 6700
 9400 8400
 5400 8000
 9000 9600
10900 6500
14400 7400
 7300 7600
 5100 9800
 4000 7000
12400 4500
12500 6900
10000 6700
1680010200
14500 6300
14800 7800
16400 6100
 9200 8800
10000 6500
 7200 7200
13300 6100
 7200 4300
 8800 6000
13100 4900
11200 5500
 9800 4000
11200 2900
 6300 6500
14900 5600
 9000 9100
 9000 6400
13700 6200
 4400 5600
17900 7000
14700 8600
13400 9000
 9700 5300
12100 8900
15400 6400
1070010500
 6700 9900
 5500 7000
1210011300
 4400 9200
 4000 9700
 5700 7000
17000 5700
16600 7600
11000 4100
1450011400
11800 3600
10600 9000
14400 7300
 6700 9700
12200 6800
 600010700
 7100 7700
 6900 5600
 9700 5600
12500 4500
15500 8900
 2700 6800
 5100 6700
10900 7400
11000 7400
 540011300
 4300 9000
15900 7600
 9800 8100
11100 8700
1410010600
1280010000
 3800 6400
1200015000
 7100 8800
 780011200
 660012000
1050012600
 6000 9600
  80011900
 520012200
1310016100
1280011300
 730016800
12800 9600
1020015500
1060010000
1240011400
 460010000
 850012100
 430011300
 900018000
 370013400
 950017400
 960014300
1280011700
 620015800
 680013700
 700011500
1320011400
 6800 7700
 690018000
1220011100
 610017400
1380010000
11100 8100
10100 9900
 520012400
1060013200
 650011500
 5600 9100
1230015300
 410011500
 400011300
 5500 8900
1690012600
16600 9700
1090011500
1460013200
1200010100
1060011000
1450010000
 670011500
12200 8900
 590014400
 740014800
 680010100
 950013000
1250010000
1540012800
 300013100
 540011800
10800 9600
1080010400
 520013700
 400015700
1590010200
 970014800
1130011200
1410012900
1290011800
 4000 9600
 7400 5400
 6200 3300
12700 9800
 4800 5500
 5100 5200
 6500 2900
18000 7800
17700 3700
12000 6900
15000 7100
12400 5400
11500 5000
15000 4300
 7500 5400
13200 3100
 7100 8700
 730010000
 8000 5100
10500 8300
13300 5100
16600 7300
 3300 8200
 5200 6700
11900 3800
11400 4800
 6200 7700
 460010800
16900 4400
10800 9900
10700 5300
14900 6900
13500 5700
 3700 4200
 9600 9400
 5400 7100
11600 9500
 730012400
11800 9800
16700 7700
17400 9500
1360010300
 770012100
 8500 9900
1500010000
 9400 8600
 740010900
10500 9400
10600 7300
10000 8400
10300 7600
15900 9200
10000 8400
19200 6300
 9600 6600
 7400 6000
10000 9200
18400 8000
1230010300
11800 7900
14400 8600
11000 7500
14700 8900
1220010100
 830011200
 4600 8300
15600 9000
 6600 5100
 5800 7400
 2900 5400
14000 9200
14100 4700
10900 9600
18000 7600
15400 8300
15100 5200
17500 4200
10000 6100
11500 5200
 7500 7900
1360011300
 7800 6300
 780010300
14300 7100
12100 6600
 9800 9200
11500 7200
 7900 4500
14200 4400
 8600 7200
 840011700
15300 3900
 600010900
18100 4600
15900 6500
14700 6400
10100 5200
 7000 7900
 4600 7400
 3800 5200
12300 9500
12200 6100
 9400 8400
16300 9400
13900 6900
14200 7400
15800 6500
 8600 7800
 9600 5400
 660011000
1280011700
 6600 7000
 8500 9900
12600 6900
10700 9500
 930010000
10600 8700
 6200 6100
14500 7000
 850010100
 860012600
13400 6800
 430011700
17400 7600
14200 9300
12900 8000
 9200 6300
 2000 8000
 6400 6200
14200 6600
14100 7000
 8800 3800
1180010400
 9100 3500
 9900 8300
11500 7100
 3500 8700
 9100 6200
 520011200
 7600 8400
 5200 6100
10500 6000
 9300 5100
14300 9400
 5500 7700
 5300 7500
 8100 6900
13400 7400
 710011000
 6900 9800
12800 7400
 7500 8900
12500 8400
1080010200
 9700 9000
 3700 6300
 9900 7100
15200 1600
15700 7400
11800 3700
 830011100
 6600 4400
13300 8600
 8500 6800
 5600 9500
 9100 6800
 8800 8400
 8900 2000
 8500 4600
14100 1500
 8400 4100
17400 6800
 8200 2400
 6400 4200
 8700 7100
16800 6500
1060010300
10300 3400
13000 7000
 9300 2600
13800 7900
10500 9700
 7400 9800
 3900 5800
10600 6900
11000 6500
 9000 9200
12100 7800
10300 8500
13600 6400
11700 5700
 6200 7200
 5400 6800
 7300 2000
11400 7800
 6600 5900
11900 8400
 8400 6900
13900 2700
 9200 5900
 9000 4700
 4200 6300
16300 5200
 9900 5600
10000 7100
 9100 5600
 4500 6800
16300 5400
10100 5600
 8400 7400
 7200 5900
1500012500
1100016900
1800012500
1540015800
1440011800
1760012000
 980012400
1230013100
 7000 8900
1290016700
 760013200
 640016800
1460014300
1270010100
 880014600
1080012800
 910012400
1290011600
 750010100
 710016400
1600011800
 720015900
1710011000
1610010400
1500012400
 940012700
1220016900
1260011400
1030015500
1170011500
1290012900
 640010700
1220012500
 790016200
 510019900
 830014700
1240018400
1180015100
1740015500
 480017900
 280016100
1140012400
1390013400
 810013400
 710020500
1600012800
1090019700
 930012600
1350012800
1170010700
  90013600
1540011700
1320015100
1440011100
1490011400
 820011700
 820012500
 7000 7700
1290015700
 670012500
 990015900
1170013600
11500 9300
 980013700
1060011900
 470011800
1550011000
 9400 9300
 950015400
1200011100
 280014900
1760010400
13200 9600
1180011700
 910012000
1260015700
1120013200
1520012800
 740014000
1280013900
 6200 8500
 800014800
 720013000
 930015600
1320014100
15500 9800
 350013000
 600011900
1120013300
1020012200
 500012000
 340014000
1640012700
1000013800
1180012200
1470012200
1350014100
 460013100
12300 8300
1040010100
 4600 7400
 670010100
 670012600
 970017300
 600012200
1180016000
 730012800
1440012200
 790015200
 740013300
 6000 9700
1550010500
 9100 9400
 910017800
10400 9900
 610017000
14700 9300
 8800 8900
 7700 7100
 550011000
1530013900
 760016400
1310013600
 660016600
 790012000
 760011800
 9600 9700
1340010900
1590014800
 350011500
 590012200
1160014000
1050013800
 540017700
 370013300
1670014200
1040012400
1150015200
1500017100
1370016700
 450012900
 710015200
1140012400
 460015500
 940010800
 570010700
 7200 8500
12600 9700
1330013700
 530010400
 740011200
 940012800
1030012600
 420016600
 430012200
1510013000
 790011300
1370014000
1410016000
1310015500
 600011700
 6500 8300
 710013400
1230010400
 6500 8400
11000 7900
10100 7300
1260011700
 9600 9800
10000 9700
 3700 9000
16000 9600
 970013100
 990011800
10300 9600
 290010900
1720010600
1180012400
1020011000
 8300 8600
 7700 6200
 530012100
 8000 7800
1250011700
11100 8900
17200 5800
 5100 9900
 2700 7900
10900 6700
14200 6000
 8300 5900
 750012100
15300 6100
1050011500
10100 5300
12900 5600
10900 7100
  700 7100
14800 8900
 9500 5600
14000 6700
11500 4600
15500 8900
12500 7700
12500 7100
  900 6600
19100 6900
1280010700
1300010000
10500 7000
 4000 9100
19800 8100
1330010000
10600 9000
10700 5900
 610011000
 980014600
1110011400
1130011500
 930014100
1000012300
 4700 8500
15100 9600
 9000 9100
 910016700
11600 8900
 310015900
17100 8600
12700 8600
11300 6600
 8500 9800
1000010400
13500 8900
16300 4700
 3500 8000
 5700 6600
11800 8400
10900 7200
 5800 8100
 4000 9300
16900 7700
10700 9000
11200 7500
15100 8000
13800 9600
 4200 7900
13200 7600
15600 7600
 3500 9400
 5900 7500
11300 6300
10300 5400
 5100 9300
 350011900
16500 5900
1010011100
11700 6800
14800 8700
13500 8800
 4500 5800
16800 9100
 930012800
 790011400
 700012500
1750011400
1120010800
1100013900
1130011800
 800013700
1540011300
 950011100
 560013000
 560012300
 720010500
 820011100
 640014700
1330013800
 700017200
 720012900
1240014400
 510012100
1510015100
1220016800
1110017200
 680013500
 7500 8500
 7500 7500
17300 8100
1100011500
1080011100
11800 8000
 840010200
14900 9000
 970010800
 6100 9400
 5100 7100
 6300 8100
15700 7100
 9300 6600
 930010000
10700 7500
 6600 9700
14500 7000
 8400 6800
 7400 8700
 5200 8000
11500 6000
 6200 4500
 580013300
16000 5400
 780012500
15900 4800
15600 4100
14600 2600
 8300 6500
 660013400
 670015500
1250013600
 570015200
1440013300
1190013500
1090015200
 610014000
 580011100
13500 5800
 640010200
14100 6800
12700 8700
11700 7700
 6000 5000
12300 8200
 3800 4900
16700 8600
13000 9900
1170010800
 8300 7600
 610013000
1650013600
 950015500
 670014800
 700011300
17200 6100
11800 7900
10200 8000
 8400 4100
1320014500
1190013000
 320011600
1460013900
 860011800
 890010700
     4.239