    1   41    2    0    1134600
 840014200
 960015200
 730015800
 390013800
 880019400
1040017600
 660010800
 390014200
1030014700
 300017600
1630013700
1420015300
1320014400
1570013400
1590010600
 820017900
1590013300
1140015800
1490017500
 570016300
 530011400
 630017900
1340016800
 880011300
 160013800
 860015700
1020017600
 840017100
 760013300
1050010500
1190019000
 480016500
 700015700
 910017900
1190016100
 800015300
 670010300
1400014700
1350014200
 230017200
 8000 9600
 5700 5000
 3500 8300
 7900 9500
 9000 6500
 7900 7700
 2600 3100
10500 8800
 440010400
14700 5500
12700 7900
11700 6500
14600 3600
14500 6900
 7700 6700
14900 3800
10000 7900
13800 7200
 540010500
 5700 6400
 5200 7800
12100 6000
 8000 5900
 2500 5700
 8800 6400
 9500 9500
 7300 9600
 6500 6500
 9500 7100
10600 8600
 550011200
 5900 4400
 7700 8700
10800 5000
 640010300
 5200 7200
12500 4100
12000 5000
 3500 7800
 620010700
10800 9300
10500 3200
13800 9900
1510013100
 8700 9300
15000 8700
11900 6500
 7300 8200
11900 7000
 9300 7400
1640010300
 670012500
 8200 9700
1760010500
13400 6300
14800 5400
 8200 8800
1350010500
 9300 4800
 950010800
1090010500
10200 8100
14100 6300
13700 5000
 6700 6000
12900 8700
1440011600
12700 4800
11700 9900
 5300 8900
 5800 4000
1380010000
 770010100
 530011800
 850010600
 650011800
11200 4800
 7000 8800
 4900 4900
11900 5200
1060010400
 3900 5500
14100 8800
 7200 8700
15600 6100
14500 7000
13000 6200
12200 6600
15700 9700
11100 5100
12100 6800
12500 6500
16800 2900
 890010000
 8400 8300
 8500 3300
14400 6200
 4800 8100
 4100 6100
12400 4700
 6100 7000
10200 7800
 7400 7200
12900 9400
 9400 3500
 880011000
 8600 4500
 9600 5300
 8900 5500
 780010600
 4800 9500
13200 6400
12500 7700
 3900 4600
 4900 7900
10700 6600
10700 8500
 3000 4000
13400 7900
 7200 9000
13900 4700
12900 6600
11300 5400
11600 5000
14000 7800
 9900 6800
11900 5200
11100 6500
15500 5600
 7900 9500
 8300 6500
 7300 6200
12700 6600
 5000 6200
 4400 4800
11800 4800
 6900 7900
 8800 8200
 6800 5900
11900 7500
 7900 7100
 850010400
 7100 4400
 8000 7100
 7800 5600
 6100 9600
 3200 7600
11400 5400
10800 6500
 4800 6100
12100 5200
11800 6800
 4300 2600
14700 8300
 830010000
14400 5100
13900 7400
12200 6100
10600 2600
14700 6000
11200 5500
10600 2800
12500 7500
16800 6600
 930010000
 9400 5800
 8700 7200
13900 4500
 3700 5200
 5300 5200
13100 6000
 5600 9000
10000 9200
 8000 6100
13200 6400
 8100 7900
 970010800
 8300 3500
 9000 8200
 7600 3700
 7200 9800
 3600 6400
12000 2600
11300 3500
 5400 7300
 640017100
 400012100
1010015900
 290015700
1620013100
1410014100
1320013300
1590013200
1590016400
 800010400
1600013400
1140013500
14700 9800
 550017000
 540015200
 620010100
1330011800
 900014900
 180013100
 840011700
1040014000
 820014800
 770014200
1030016200
12000 9600
 460018100
 690010800
 900012200
1210011400
 800017700
 670016400
1400012600
1350013900
 250011600
 4400 9200
14700 5800
 8000 8300
15100 6700
14400 6100
12800 6200
11200 9400
15300 9400
1140012700
11100 9500
12800 6800
1710010000
 9400 7500
 9200 7200
 890010200
1430012400
 3900 7600
 5000 6600
13100 7800
 5300 8400
10400 7800
 7900 5700
13300 8100
 880011400
 9600 8300
 870010300
 9600 9200
 830011400
 7700 7500
 4300 8300
1270010600
1200011100
 4900 8800
 870010800
 650011600
13500 7500
11700 9400
11000 8200
16900 5700
13000 9000
 4200 1900
17500 5800
10300 9100
10900 6400
 230012300
 8800 8800
 4400 6900
 9800 2400
10700 8200
 5700 7600
 7900 7200
1250010200
 420010700
 9700 8600
 9500 9400
12600 6900
 550013200
 3200 3900
 6200 8800
13200 3000
 690012400
 6300 9500
12100 4400
11400 5400
 6600 7900
 7700 9300
1310011100
12000 9500
1110010400
1770013800
1250013000
 310017100
1840013800
1120010100
1080013800
 2400 6900
1010011000
 560013900
 930016800
1170011600
 700011000
 880011800
1360010700
 3400 9600
1090010000
1070011400
1340015000
 6500 6900
 280014700
 620012300
1410015800
 7500 6900
 690011600
1210015000
1130015400
 790012300
10600 3200
11900 4300
 9500 3100
11900 5900
11100 7500
10100 8300
13100 6000
12200 4200
15600 5500
 8900 7100
11300 5500
 8600 5900
11600 8200
 6400 5500
 7700 3100
13700 3500
 9400 5900
 8400 5900
10000 4000
13500 6600
 8600 7000
10800 8100
 6700 5900
 6800 5700
 9700 7100
 6000 7400
 1300 6800
 8500 6800
 7500 7600
 8400 4900
14500 8400
13500 7100
15600 8600
1630010300
 870011500
15700 8700
11800 8500
15400 9400
 620011100
 5500 8500
 6700 9900
1380011200
 8600 8400
 1200 6300
 9100 7600
 990010200
 890010100
 7500 7400
10900 9600
1190011000
 520011900
 7500 9000
 9500 9900
1180010100
 820011200
 6800 9800
14300 9600
1380010300
 1800 9100
 680014400
1460016100
 920018800
 740014500
1560016300
1100013800
1320010900
 660017000
1100017100
 700010400
 860015700
 890017000
 770014700
1210012800
1150013300
 560014400
1040015600
1220018200
10500 9600
 950018200
 390014100
 390011500
1160015100
 520018100
 340018400
 760016000
 700017300
 870011600
1090013200
1230013500
1120015800
1220013300
13000 8300
1670012100
 9900 8400
1170011300
 940012000
1280015800
 540011700
 790010100
1450010200
 8700 8800
 9600 7900
10200 9600
1430012200
 850013200
11500 9500
 780013500
 800010400
 940014700
 6900 9500
 200012400
 970014300
 850014900
 840010500
1470013000
 970014400
1270011400
1120011800
1550012700
 760014300
 740011300
 710013100
1310014000
 570011100
 3300 9500
1110010900
 720013600
 890013500
 600010500
1150012400
 900014200
 770015100
 730011900
 840013300
 880012900
 660014300
 420012500
1230012300
1170013000
 370012400
1050015300
1450013200
12800 7800
1680011400
 8100 8700
 710011400
 820011400
1490015500
 730011800
 2300 9900
11100 9700
 8500 8100
10300 7100
 7600 9600
1240012300
1140012500
 7200 9900
 880013200
10400 9600
1110014400
 8700 9900
 660012600
1460014100
1410014800
 1400 9800
17300 3600
11700 4700
12600 5900
 6000 6600
11800 2900
 7300 6300
 7300 6700
10600 2700
 8500 2300
11900 4100
13100 6400
 4500 6200
11500 2600
12500 3900
12200 7400
 9500 7300
 3100 4800
 4100 6400
13300 5700
 6500 6400
 5100 4100
 9000 4800
 7900 5200
 9500 5600
1130014800
1130017300
 160014500
 970011100
 550017600
1010017600
1180011500
 660013300
 800015200
1360016500
 410015800
1070012500
1050010400
1360018800
 580014500
 350016100
 680017100
1420016800
 780013300
 730010500
1270015500
1200015200
 740016600
1620014900
 680012000
 6400 9300
 760015300
1470015900
 9200 9900
 190011000
 950012800
1050013900
 970013200
 840010000
11800 9400
1270016500
 540012200
 840014200
1040014600
1260015000
 920011000
 7700 9600
1520013900
1470013800
 120014100
 710016800
 900014600
 660012100
1090013800
 630014300
 550012500
1160011600
 860014600
 730015100
 780013600
1140015700
 790012900
 860017800
 550011500
 610013400
 880012800
 430017200
 180015800
 950013200
 900014400
 620012400
10300 7700
 9900 3900
15100 3700
 3000 7300
 6000 5800
14100 4800
 5000 7600
11300 8200
 9000 7000
14400 8600
 9300 3900
1060011200
 9600 2800
10300 6000
 8800 3300
 840010600
 4600 8700
13100 4600
12300 5900
 5700 5100
 420010100
10800 9500
 8100 6100
 3700 6500
 8900 8100
 990010700
 620010600
 7100 7000
 8800 7500
1020011200
 590011600
 4700 7900
 640010500
10700 8600
 530010600
 4500 7600
11400 7500
10900 7900
 4700 9600
11600 6400
1230010200
 6200 8700
 6900 7600
1390010200
 570010900
10900 9900
1080011600
14300 6100
 470014000
 5000 5800
 8200 8500
14800 6100
 880013400
 830011700
14100 7500
13400 8700
 6800 7700
 880012400
 220010000
10500 8100
10000 9500
1040010200
 850010900
1250013600
12700 8800
 630013800
 910010700
11000 7800
1250012000
 950013500
 780013800
1560012300
1500013500
  300 7000
 4500 6900
 8600 8600
1070011000
 530010700
 8000 6800
 8400 4500
1080011600
 590010500
 3800 7500
 580011000
11400 7500
 5400 9300
 4800 4400
11200 6000
10600 5100
 550010200
14800 6900
13600 9900
 760010400
13200 8100
15100 8800
12700 6600
1240012800
 6100 3400
 6500 8500
13800 2400
 810012000
 5200 8800
 8400 3700
 6000 4600
11600 7600
1280015000
 350015500
1010013500
1000014200
1260011300
 630018000
 2500 8700
 570013400
13300 7800
 670017300
 620014300
11600 9200
1090010100
 720012600
 890014000
 680010200
11900 7500
 800015300
 850013400
 720011300
 810014600
 780011300
 620012200
 3300 7300
11500 9800
10900 8800
 480013800
12500 5000
14900 5800
1160011000
12300 4400
 6600 9800
 6700 8500
1270010800
 7600 3200
 4200 6000
 7700 9800
 510010000
10900 8300
1110011200
 7900 9300
 810010400
 600010300
 6800 6800
 840011600
 490010200
 250011400
1050011500
 990012500
 5400 6600
 980014400
 660017600
 6700 9800
 810015000
 9800 9300
 650016600
 470012900
12500 8000
11900 8800
 320014100
1070010200
 890012500
 9500 9500
 800013800
 770010000
 360012100
1210013400
1120014200
 6300 9400
 2900 3700
 5200 6000
12100 5000
 5600 9600
 5100 7900
10900 5300
10300 6500
 6400 5100
 4200 5500
11300 9700
 4500 3500
 3900 6800
 9600 9100
 9000 9700
 6900 5600
13600 9600
 9900 5600
 8600 5700
16000 8700
15400 9000
 1900 7900
 560014100
 3500 9100
1140011400
1080010500
 440015400
 1900 8900
 7600 4900
 6700 6200
 8800 7600
14000 2700
13500 3400
 1700 4800
 6700 9100
1190010600
 7500 9100
     2.631