    1   51    2    0    1171300
1360014900
 600014400
18800 7900
 910015400
15000 8400
 470015200
 430010900
1170013400
11700 7900
 6600 8600
 880010200
 840015000
1890011000
1320012300
1590014300
 750013000
 610013300
 860013900
 8400 8400
 490017600
 8100 8500
15400 9900
 520013900
 4700 8600
11100 6500
1380012100
1710011900
1510017300
1490012700
1040010500
 9700 9800
1480010400
 990015200
 420012700
 5400 9800
 520015000
10600 9400
12000 9300
14500 9200
1590012400
1510012200
1050012300
1520016200
1440015000
1080014400
 930013100
1060011700
1630015000
14300 9800
 400011300
 250011900
1760013900
 830012900
1350013100
 760013300
 440016000
1120013000
1090014000
 430014800
 830011300
 720012800
1780012100
1220011400
1370011700
 570013500
 740013700
 830013800
 930015000
 280015000
 460013300
1210013300
 750015800
 470013000
 990015100
1080014300
1540015100
1420014700
1480010200
 950012400
 920013400
1470014400
 720012200
 6600 9800
 500014800
 680014800
 930012100
 850015300
1170012800
1450011400
1440013200
 950010300
1180012900
1610013500
1090014500
 640013300
1020012000
1470014300
1570012700
 560010400
18400 3800
 8900 6000
14400 2200
 5800 5600
 3500 3400
11600 3700
11500 3800
 5700 2200
 7800 2900
 7900 7600
18600 1400
12900 5400
15100 5000
 6800 3300
 6000 3700
 7700 7700
 8600 5300
 4000 8100
 6700 3500
14100 4900
 6200 4700
 4000 2900
10100 4100
12700 2800
16500 3200
14900 7800
14900 3700
 9100  900
 8400  700
14800 1800
 9000 6100
 5100 4600
 4900 2100
 5800 5300
10200 2700
10700 2600
13500 1000
15500 3000
14900 2600
10200 3300
14000 7200
15100 8100
10700 4700
 8200 3400
 9500 5300
15700 5300
14800  500
 4600 3600
 950016200
1470015700
 940016900
 500019800
1250017300
1210015400
 530018000
1010014000
 850010400
1880016200
1330011400
1430015300
 680017800
 920018000
 8600 9500
1110015400
 400017500
 380014900
1150013500
 940020100
 500015000
 960016800
1110018500
1610019300
1530017400
1630014400
1050016300
1030017100
1620018200
 740014900
 840012700
 680018400
 860018900
1030014500
 750018700
1190016200
1530015700
1560017400
1070014500
1110014500
18000 9400
1270018700
 670017500
1100011600
1550018300
1750016300
 740013200
11700 5000
 6100 4800
 6700 6800
 8400 3800
 8400 6300
 4000 6000
 8800 3800
 5000 6800
15500 2900
 9800 5200
12800 3800
 4300 4200
 6600 4400
10900 7600
 6000 7600
 2500 7100
 6900 5700
13200 6300
 4800 6400
 7100 5200
13000 7100
11800 5000
13800 5800
11700 6800
11700 2300
12000 3300
11400 4400
11600 5200
 7000 4800
 3700 3800
 3200 5700
 3500 5700
 7300 4500
10600 6400
11900 4200
12500 2200
11800 3800
 7100 2000
13100 5900
12800 7500
 7500 5300
 7000 4000
12500 5600
12900 5300
12300 3800
 2300 3600
1350011700
1110018200
1090013500
 990017900
 610017900
1440015200
 850014000
1590014700
1060014700
1200011100
 630014400
1330014400
1480016200
1350018900
 590011200
 570017200
 660017200
1240016400
1120016900
1590019000
1180015900
1300016800
1260011000
1640012600
1630015200
1600016300
1610016900
 250010000
1140013100
 980017500
1070014200
 880016000
 760018200
 940016200
1230013200
1380014700
 960013000
 5900 9900
2000015000
1480014400
 620014000
1690015500
1320013400
1940015800
 970014300
 810010100
 7200 6100
 7300 9400
 4800 9500
10300 6700
 4800 7700
14500 6300
 8800 7000
12800 4200
 4400 6800
 7800 6900
12300 9200
 590010500
 3500 7500
 8000 8700
13800 8900
 4500 9100
 8500 8300
1440010400
12700 8000
13400 8900
10700 7300
10400 4000
13400 6800
12900 7900
10300 8600
 7100 4900
 3400 5200
 4700 9100
 2500 7700
 6800 7500
11700 9800
12400 7700
11900 4900
10700 6800
 6400 4400
13800 6000
11800 8600
 8200 7500
 7700 6500
14000 7700
12500 7000
11200 7300
 1600 6000
10600 7300
10300 5200
 3700 2100
 8400 6100
 670011100
17200 5300
11600 8700
13100 8900
 5100 6600
 7400 6900
 890010700
 9000 6400
 220012000
 4300 5400
11600 7100
 7500 7000
 5300 5000
10500 4400
10200 5400
14700 5000
1360011600
14300 7600
10100 4800
 9800 3700
14200 3700
 660010100
 6500 8300
 4700 2900
 6500 8500
 8700 5400
 8200 2200
11100 4000
13800 6900
13800 6000
 9000 7200
1140011200
1590011500
10600 7900
 5800 6900
10800 8300
14000 8700
15400 4300
 5400 7100
1040010800
 4200 8300
 7300 9200
 670012300
17300 6500
1170011000
13600 7500
 5400 4400
 6300 4200
 860013400
 830012200
 2500 8900
 540010400
1260011500
 6500 3800
 4900 9800
1050010900
11100 4700
15100 5200
13700 8600
14000 7700
 9700 6800
 9200 7000
13900 6500
 7400 8600
 5500 9400
 4100 7200
 5700 4300
 8800 9400
 9300 7900
11900 8000
14100 6500
13800 4900
 9000 7600
12500 9900
1510013200
10000 3900
 6600 4600
1030011300
14300 5000
14600 7300
 4500 9300
 600010100
12700 7100
 5300 6500
12300 7000
 6600 6700
12700 3800
 4800 7200
10400 7300
14700 8500
 840010800
 5200 6100
 9500 9100
14300 9100
 6400 9400
11000 8800
1680010900
14000 8600
12200 9500
 8400 5800
 9300 4700
15900 7400
15300 8500
 8600 9200
 6800 3200
 5200 5000
 7100 9800
 4000 7600
 6000 8000
1290010500
12800 8300
10300 5500
 8600 7300
 5300 5100
14200 3900
13000 7500
10600 7600
 8600 6900
16400 7500
11500 6900
12600 7900
 3500 6200
12100 5400
 6100 5600
14200 5000
 8500 5400
14000 2000
 5800 5200
 9500 5300
14000 7400
 7500 9200
 5400 4900
 9900 7500
15400 7600
 4700 7500
10200 7100
16200 9200
14500 6600
14000 7500
10300 4600
10400 2800
15200 5500
14600 6600
10100 7300
 8200 2200
 3400 3600
 6600 7900
 2300 5800
 7500 6300
13500 8600
13900 6400
12100 3600
10500 5300
 6900 3200
15300 3300
11100 6600
10100 5700
 9400 4900
15700 6100
13200 5100
11000 6000
 1900 4600
 910016000
17300 9400
1200013800
1290012800
 690010000
1300010300
1380016200
1370013000
 590015600
 470011500
 710013100
1250010200
1020011000
1470011300
11600 8600
14300 8200
1400015200
1710011800
15400 9100
15200 8200
16900 7100
 410014000
1150013000
 9700 7200
1100011800
 980011000
 6400 7900
10100 9200
1370010800
15000 9400
1050011500
 600015200
2040016600
1500011100
 630010300
1610013800
1430012000
19800 9000
1000012100
15200 6800
 950011600
14900 8500
 6500 5100
 9300 5000
1380014000
 750012100
 590010000
1040010400
1610011700
 4000 2900
10000 9800
1610010600
15100 4500
14900 4400
11300 9700
11400 8500
15100 7000
14500 6900
11100 5900
 9200 9700
 260010200
 6700 6500
 1700 5400
 8500 9500
14000 7200
14600 7900
13200 7200
11600 5400
 7900 8300
1610010900
1030013900
10400 5000
10000 5400
1560011800
14100 6000
10700 7400
 1500 9800
1190015400
1340017700
 540016300
 730016600
 860016800
 910011100
 240021000
 450011600
1190012800
 740017200
 500011800
10200 9600
1050015400
1500015200
1390020600
1450016000
 980013900
 950013100
1440013700
 700018500
 640015900
 480013100
 660018300
 890012600
 840012500
1140012600
1410015800
1410015600
 920015600
1170019400
1590018100
1070017700
 610016500
1050014800
1430018300
1550013200
 540014500
 940011800
 330010600
1070010900
1310011000
10500 5400
 320015100
 4900 5700
 8700 7000
 940011600
 9500 5900
14500 3700
 9700 9700
11100 9600
1070014800
1350010100
14300 8100
14000 7400
13200 8100
 250012600
 840010000
 7000 7500
 770012600
 6100 6700
 7700 7000
 7300 6800
10500 9900
11400 9800
 6800 9700
 870013500
1700012200
1180012000
 390010700
15000 8900
1080012600
16400 7400
 6700 8600
 550016200
 910016500
13700 9200
 710013100
 510017100
 960012600
1510011100
 450018400
 990012800
1590014500
1430016700
1390017400
1040016900
1030013100
1490014400
1430015100
1000016200
 810014300
 330011400
 630016300
 210017700
 740012300
1320016600
1360014100
1210014200
1060015800
 680013100
1510014300
1100010400
 980017300
 910016000
15400 9500
1310017100
1080014300
 160011400
 9200 6600
 8300 6600
11200 4300
 4300 9900
 4100 2400
11900 3400
 9400 8100
 4700 1900
 9200 4100
11400 6200
16400 6600
15600 9600
16500 4800
10300 3700
10100 4000
16400 5200
 7700 7300
 8400 4600
 6900 5100
 8700 8200
10600 1300
 7900 5300
12200 2900
15600 5000
15800 5600
11000 4400
11400 8100
18000 7400
12800 7700
 7000 6300
10800 4200
15800 8000
17600 3300
 7500 3200
1360010300
 790010200
 650010700
11000 8400
17000 8900
 340010200
 9800 7900
1600010000
15800 8600
16200 9400
1260010400
12600 5600
15100 6600
14400 7700
12400 8600
10300 8200
 1900 6500
 7100 9000
 2100 9500
 9700 7100
14700 9600
15600 7300
14500 6000
12900 7500
 9100 5200
17000 9200
1060010300
11000 9100
10900 7800
15400 8200
15400 9100
11400 7000
 1800 6200
 780014700
 6400 8600
1090012800
1700013400
 3200 9000
 960012200
1580014000
15700 9000
16200 9900
12700 8200
12700 8500
14900 9600
1420010400
1240010500
10300 8300
 170010200
 700011200
 2100 6900
 970011600
1460012000
1550010800
14500 7800
12900 8100
 9100 8700
16900 9500
1060013500
10900 7000
10800 7200
1520012600
15400 6100
1140010200
 170010700
 440011000
 8900 9200
1490010200
 3500 9000
 8700 8700
1470010400
13700 7500
14300 8300
1130010600
11000 6800
13700 6100
13100 7100
10800 7800
 8200 9000
 2400 8200
 5200 8300
 1500 8700
 7700 8100
12600 9100
13400 7300
12700 5800
11400 6400
 7300 6500
1480010200
1080012000
 8900 8200
 8700 6800
14200 9900
13400 8500
10200 6700
  600 7800
10200 1300
16200 3000
 3300 7600
 9500 1300
15600 1600
15100 5700
15400 5800
1190010100
11800 5400
14700 3600
14000 3300
11600 4300
 9400 8000
 1900 5300
 6500 3900
 1300 8200
 8900 2000
14000 3800
14800 2400
13700 5400
12100 5500
 8300 5000
16200 8800
 9800 7800
10200 7700
10100 6300
15100 4600
14500 8200
10600 3000
 1100 4000
 770010400
10400 2900
 9900 8700
14800 9900
10100 3700
11700 4300
11300 7100
14500 6400
14800 5700
14500 6000
14200 5500
 2100 7200
 9400 8100
 7900 6200
 8700 2800
 7000 8200
 7200 7000
 7400 6900
11100 5200
12200 3800
 7800 6300
 7700 8400
1800011800
12800 2400
 4300 3300
1540010100
11600 3400
17400 6200
 7700 8100
 760012600
 9200 7100
14600 7600
1060010700
1080010800
 960015400
1140010700
13900 8700
13500 8300
11100 9200
 400013300
 650010900
 5800 8900
 570013300
 4600 7600
 9400 8800
 9400 7400
 980010500
 990010600
 510010300
1080014300
1490013700
1010012700
 510011400
1460010400
1000013200
14300 8100
 4700 9500
 7200 4400
11800 2700
 9700 7600
14600 7500
1400012900
15800 8300
12400 6100
12200 5300
15700 5900
 540010900
 9100 8400
 7300 5300
 890010500
 9200 5100
 5400 4800
10000 4800
13900 8100
14500 7800
 9800 7900
 890011900
1830011000
12800 9900
 5100 8700
13000 7700
1420010500
17700 5400
 7800 7100
11000 6100
13600 4100
16900 3500
1490010900
14700 7500
10200 4700
 9500 3700
14600 2800
 9700 9700
 4200 8600
 5200 2300
 5100 7300
10400 6300
11800 2300
14300 4600
15700 6500
15000 5100
10300 7100
1490010900
1440012100
10700 6700
 9000 5900
10400 9200
16100 7600
14300 4500
 4000 7600
1120013500
1020014200
 990014400
1380010000
1580011100
1550011900
1350013000
 120011700
 9300 8500
 830013200
 850014500
 6100 9400
 880013500
 830010900
 960011000
1100012600
 6900 9900
 870012100
1770010100
1290014200
 530012900
16500 7400
1040014100
1710011100
 7600 8100
1330014200
1280011700
14900 9200
1300012000
1270013100
1470013900
 4100 9100
 8800 9700
 700014400
 840012800
 800012500
 580015100
 880012900
1260010200
1340012100
 8700 9600
 840010000
1770012700
1230012700
 390011800
1360012200
1290012100
1710012500
 730010800
 720014900
1030010900
16300 8200
15800 9000
 9700 9900
 530013300
 660012000
 760010300
 550012500
 480010700
1210011000
11800 9300
 860010100
 7200 9800
 420010500
1300014500
1450015700
1130012000
 790010600
1690013100
1000012500
14100 8700
 480011200
17500 6600
15700 8600
15500 9600
1730010600
 4300 8100
11900 5000
1010011000
1140011200
10100 7900
 670011500
10400 8900
14000 7800
15300 9500
10900 6600
 6000 8700
20700 8600
1530010900
 6600 9600
16300 7200
1460010600
20100 8800
10300 6000
1320013100
1250012700
1240011600
 950016500
 110016600
 550012000
 200012500
 920015500
1320012500
1450013800
1430013800
1300011900
 880014800
1580017800
1120020400
 970012000
 960012200
1360018000
1490013100
1130013300
 110016100
10900 9200
12100 8300
 720014400
 390013600
 2800 9100
 380012100
 760012000
10500 9900
1200010300
1290011200
12200 9700
 760011900
1310015600
1310017200
 800011500
 700010600
1200014600
1330012400
12600 9800
 260012800
1240013300
1010010400
 140012700
 670014100
 1900 9300
 960014400
1430014900
1530013700
1440010600
1290010900
 900011400
1670011500
1050015900
10600 9600
1050010000
1490015200
15300 8600
1120013100
 140013300
 980010600
 6200 9500
 610015500
 700014600
1130012800
1090016100
1420013600
1650011700
1610013600
1130010800
1440010700
1630011400
1190014500
 890013500
 860011500
1680014000
1600013400
 580010800
 8700 6100
 8700 5000
 7600 9400
 5100 2900
11200 4700
10600 3600
 7000 6500
 8700 6700
 5500 6100
11300 9700
16800 8000
12800 8900
 7300 7500
17600 4800
 9000 9400
16300 4200
 6900 4700
 4300 4800
 4000 1800
 5900 6500
10300 5600
10900 5200
11100 3400
10500 2100
 5800 4600
12300 6800
1330010100
 8300 1200
 6200 1600
13600 8300
11500 2200
12700 4600
 3000 6300
 470011700
 9000 8000
1050012100
12800 9500
14300 8500
1370010400
 9000 7400
13600 7100
14100 3000
 950011500
 760010400
10600 5400
1460011000
13700 9500
 3500 6400
11400 2000
 8900 6200
13200 3800
16500 4900
16600 6000
11800 4000
12500 7100
18200 5500
13200 7900
 8000 6500
10200 2300
16700 8000
17800 4100
 7700 2200
10500 8200
11400 5900
11900 7600
11100 8500
 6500 6800
1280010200
13000 8700
 760010500
 6600 9100
13000 5400
1230010700
12400 6300
 2500 5200
10700 9400
14500 8100
15100 9900
10300 7000
 9400 8000
18500 7400
1310011100
 570010000
12600 6800
1480010800
18000 9300
 8000 6400
11700 9000
1070010200
 6200 9400
13300 9700
1230013700
 780010000
 7200 9500
1370013000
12200 9200
1170011700
 200011200
14300 8100
 9600 9200
 830013000
1850014300
1300010300
 4900 9000
1360011700
1390010900
17900 7200
 8000 9900
 4300 9000
1320012700
1400012500
1090012300
 790010900
16600 9600
1040012500
13600 8300
 4300 8100
13900 8600
13400 4300
 910012500
 780011300
11300 5500
1450012100
1300010000
 2800 6900
1300015600
 8000 6300
 6500 7000
1360013700
11700 7300
12400 9700
 270011700
 970015700
 790014300
1550012500
1130016000
1220011600
 290011200
 540015000
15900 9200
 900015800
1550013700
 600010600
14200 4900
1470011800
18900 7400
 9000 5900
1460015300
1090011500
 1500 9300
1120013200
 170010400
 190011600
     4.936