    1   21    3    0    146700
 240015000
1110012300
 550011200
13500 9900
 7900 8700
1030012700
 890010600
 800012700
 500012400
 2800 9800
1190013900
 2800 9200
 690011400
 8200 9700
 820010200
10900 8900
 5300 9300
10600 8100
 870011700
 3100 9900
13100 4500
 6700 5000
16500 3000
11000 2300
10300 5100
 7100 5300
10800 5700
 8000 5000
 5500 3700
 9100 7300
 2400 2300
 4800 7100
 6700 5900
 8900 6300
13600 3400
 3900 5400
11200  800
 7600 6800
 6200 2300
 810013100
1700012300
1160011000
1200015200
 540012200
1160014900
 870014800
 640011900
 880016000
 380011700
 640012500
 840010800
 760011300
1450010800
 220010400
1150011100
 620013100
 670012500
12000 5000
 6300 4600
10000 7000
10800 7600
 6200 7500
 3300 6900
  900 5800
13700 9200
 3900 4300
 7700 9700
 8600 8700
 9800 9100
 9000 5900
 7200 8200
12400 4800
10500 9200
 1800 4200
1120011700
1330016000
 640013000
1130015600
 850015500
 650012500
1090016600
 500012400
 840013700
1030012100
 540012600
1440011500
 250011600
1200012400
 710014000
 610013400
15200 6800
 6600 8400
14300 7100
11400 6500
 9200 6600
11000 8900
 7000 5600
 930010800
1130010300
 800010500
17300 7300
 3200 9800
14400 7600
 8800 9900
 9100 5200
 860012200
11700 8500
 9200 7400
 740010700
1310010200
 700010300
1060014700
1240014600
 540014800
1500011800
 470014200
1380011900
 930013500
 6400 9500
10000 6000
 7500 5400
 5600 8700
12600 7600
 5500 8600
 940012400
1110012500
 530012600
13200 9800
 450012200
1240010600
 860011200
 4700 8100
 830010200
 6000 7200
 9000 8900
 3500 8600
 6400 3100
 8300 4800
 7400 4400
14100 6800
 2400 5200
1110010500
 6000 4100
 6200 9800
 5400 8200
12400 6600
 5300 9800
 9100 6600
10800 8200
 5400 7800
13100 8600
 4400 8400
1210012200
 8400 5600
 460010600
 9900 5500
 1800 3100
 5200 8500
 7000 7900
 8500 8200
12800 5000
 4100 7500
10300 4100
 7500 7500
 5300 2000
 190014000
 490011200
 5800 9900
1030010100
1140012400
 640010000
1190014500
 980012500
 470015200
 3400 7900
 5200 8000
10300 8100
13300 5400
 5500 7700
12100 6600
 9100 6600
 6300 4100
 7900 7500
 7700 7800
13800 4600
 2800 7100
10800 5300
 6400 7100
 6000 3000
1250010300
12900 8600
 800010200
1410010900
11600 8200
 6900 8500
15700 8800
 300011000
13400 5800
 820012000
 7300 6200
 8300 8100
1340012200
1160010900
 340012900
13100 8900
10600 3000
 6000 8400
10800 9900
 510015500
 490013200
     0.338