    1   41    3    0    1114400
1350012300
 850011500
1110012600
 870012500
1140010600
1470011300
 980012700
 940010500
 690013000
 510012400
1480011500
 8100 8200
1500012900
 680010500
 830010200
1210010600
 8000 8400
 3900 9300
 4600 9400
 9300 7700
1600010300
 9100 9600
1600010000
 880012300
1110011600
1370011900
 400011600
1190010900
1390010200
 7900 8200
1240010600
1100010400
1130013800
1550012000
13300 8800
 950012400
10300 9300
13500 9600
1470011500
 550010200
1540017100
1420013300
1080013000
1350013900
1070014700
1430020000
1670015000
1130012700
1010017700
1580011900
 550017000
2010012400
1330018100
1560018200
1500013900
 710017300
 750014400
 720018200
 620015200
 940017600
1240014300
1810016900
1600010800
1330017100
1310013100
 940019200
1450018100
1440014900
 620015100
1380013700
1930019000
 620013100
1270013500
1040017600
1610012600
1330014300
1830013100
1400016600
 920014900
1120014600
 710014500
10600 9800
1310013400
 8700 4900
1100012600
 650014900
 5700 7400
1440013100
 6700 9000
1580012300
 7300 5500
 950010900
12100 9800
 6200 8700
 2600 9200
 3600 7200
 7800 9900
14000 5900
 9000 9200
15700 6700
1020012800
10400 7300
1250013800
 420012100
1130012000
1210012300
 5900 8900
11400 9900
13000 6400
 940015800
1400010800
11900 7600
1010014300
10000 9300
1390010900
13000 7700
 5700 8700
 9700 5500
1260011400
15600 7300
1110016600
 8200 8100
 7600 5100
 460015100
14800 7100
 890011800
1450011100
 790014400
 930011900
1190011400
 930012100
 530011100
 580013500
1000010200
1700014100
 910011200
1610013400
 8500 9100
1150014400
14300 6100
 500012400
1230011200
15000 8300
 930011000
1290011200
1070014600
12300 4700
1630011700
1400012900
10400 5700
1050011000
13300 9100
1560014000
 520012100
1430012400
16900 9100
1300017900
 7200 9900
 9000 6500
 460016200
15100 8200
1010013400
1410011800
 980015700
1110013700
1200012400
1120013700
 720012200
 770015000
1120011700
1850015400
 960012300
1650014700
 9600 9900
1250015500
15300 7700
 670014200
1330013100
1670010100
1110012400
1410012200
1240016000
13800 5900
1760012500
1510014400
12200 7000
1120012200
1370010400
1710015100
 540013200
1090012200
1460014000
1210012000
 840011600
 430011500
 8700 9800
 380012200
13700 7700
1280012200
1360014000
 7700 7800
1100012400
 8400 8800
 940012900
 470010700
1320011800
 6200 8600
1080010900
12500 8000
 860010900
 910011200
 990015300
1000014300
1450011800
 9600 9800
 9900 7700
1710013500
 860012400
11600 7500
 840012400
1410011200
 7700 8700
12900 8800
1340010500
 2500 8900
 830017200
1100011700
 6900 9500
 600015100
14800 8500
 710013900
1600010200
 690015200
 940015000
1250011200
 620014100
 230011500
 330015100
 820012100
1440014800
 940011500
1610014000
10200 8300
1090014400
13000 9700
 370015900
1170014800
1250011600
 600012100
1180011100
1280016000
 980010000
1440011100
1230014600
10100 9300
1040011400
1420010000
1340014000
 600012200
1520010800
10200 8800
 770018300
1170010500
 180014600
1740014700
1390017400
1540014500
1150014700
1000014900
 880014200
 940016300
 190013100
 960017100
 970014400
1470016500
1500012800
1100017500
 9800 9100
1070014900
1240013800
1440011000
 850014100
1160014500
1910017400
 5500 8900
 930015100
 590015800
15800 9000
1080014200
1610012300
1310017200
 620015300
 830013300
 6500 8500
1620011300
 920010000
1650010100
 6200 8500
 970012200
13500 7600
 7600 9900
 3700 7300
 3700 9700
10400 9400
16700 8000
10600 7200
17500 7200
1020010600
12400 7600
1490012400
 280013600
1320012900
1470011600
 8100 7900
13600 7700
1140010100
1210014100
16500 8700
14400 9400
1080012700
11700 7400
15000 9200
15600 7400
 6900 6500
 5700 7700
1570011200
 940011900
15500 7500
 720010000
 950014100
12900 7300
 880011900
 4700 8400
 500011700
1050011000
17200 9500
10000 8200
17000 8900
 9400 9200
12200 7600
1490012600
 410015500
1300014700
1520012700
 9000 9500
13500 7400
1020011900
1260013800
16800 6500
1450011400
1070012600
11300 8500
14300 9800
15900 7200
 6200 7400
17900 2900
 9400 6500
19200 7300
 8500 9400
12300 6500
15700 7000
 4900 6800
 3300 6300
  900 8300
10500 5100
15700 9100
12600 6500
19300 8500
13200 5400
13900 9700
15700 1500
 3400 7000
14800 5800
14800 2900
 6500 6100
14800 6800
14900 9300
11400 2600
16700 7500
14700 7700
13200 1900
13600 6300
17400 4400
15800 9400
 9200 7500
 550013700
1850012000
1080015900
1330014200
1390012500
 510014000
 500012400
 490015300
 650012000
1100015500
1100012400
1710014800
1380010100
1190015600
12500 8200
 700014900
1300013700
1250010600
 380012500
1250012300
1690016300
 6900 7800
1270012700
1060014700
13900 7500
1190012300
1660010500
1260015200
 780013300
15300 2300
 8000 9300
 970011000
11400 4800
 6600 9500
 3400 5900
 440010000
 7100 7700
13500 8800
 8400 5700
15000 8000
10100 3000
 9700 7600
11800 6800
 500012200
1060011100
11500 8200
 5900 6900
10600 4800
1340010600
 8900 7200
13300 3800
11100 9600
10100 6500
 9300 5900
13400 5600
12300 7100
 5000 5900
1280017800
1510020800
1440013900
 690018900
 700015200
 690019100
 580017500
 930017300
1180014900
1750016500
1540013800
1270015500
1260017700
 900022100
1390021200
1380018600
 580016300
1320013900
1870019500
 580018400
1220012500
1000018700
1560017500
1280015200
1770015700
1340015100
 860014600
1450011500
 6500 7900
12700 9200
 9800 7400
10800 8700
 6500 9000
15100 6900
 6700 7300
11100 6100
1300010900
10100 7100
1100012400
1110013000
1130012400
1620011400
11400 7500
11600 8000
17800 9000
1060014200
13500 9000
10100 8600
1500012700
 8600 7400
13200 9300
15300 7000
 2100 6800
1220012100
 930012400
 530011400
 570013700
1030010400
1720014200
 940011600
1640013600
 880011200
1180014700
14600 9200
 490013700
1260012500
15200 9400
 930011200
1320011900
1050014700
1250011200
1660012800
1430013100
10600 9700
1080011300
13600 9500
1580014400
 550012500
1220010300
 9700 6600
1060010500
 5000 9100
13700 9200
 7200 6300
11500 8400
13600 8800
 9900 8500
1000011100
1120013700
1130012800
1570010900
10700 7700
11200 5900
1830011100
 930012600
12200 7100
 860010100
1530011300
 8800 6600
13900 8000
14500 8100
 3100 6300
 1500 3500
 2300 5700
 8500 4200
14200 5500
10400 3800
17000 4900
11400 6900
11700 6200
13600 7500
 3500 8600
12600 7800
12700 6400
 5300 2600
12600 4800
13700 6500
 9800 9400
14700 6200
12600 5200
11300 8000
11400 3500
15300 4600
13700 6000
 7000 4500
 7700 2900
 8500 4800
16300 5400
 6700 6700
13600 5700
 8700 9700
 9800 7500
12600 8600
 7400 4600
10700 4700
14900 6400
 9900 5400
11500 7700
13400 3500
1150010600
15000 9100
12400 3000
11400 9300
 8300 6500
10800 7000
15000 7700
 2500 7100
 4400 3800
12600 1500
 6200 3700
11400 1700
12000 7200
 7900 3500
 8500 7800
 9100 6800
 9300 6400
13500 6300
 8600 3000
 9000 4600
16500 2300
 8000 9800
11000 5800
 8200 2100
13400 8300
 7400 3600
12700 5000
12500 3700
 2800 3600
 9000 2600
10500 5700
15500 3200
15700 9300
11800 3600
1070010600
11200 9600
13200 9300
14900 9200
 8700 5600
12300 6300
19800 4200
 540012400
10000 7200
 6700 4900
1640011000
11600 5800
16900 7500
13600 4100
 7000 5100
1190011600
1840012500
1300012900
1310014100
1460010700
 410010400
14000 9300
13700 8300
 520010400
1390012400
1510012400
1010012600
1540013600
1340010800
1290011400
1290011300
1690010300
1460014000
 860012500
1150010100
1060012500
 730011900
 980010500
 8200 5700
 8400 5700
13500 8100
 8700 8800
 900011200
15200 8500
 900012400
1230012600
 9600 7400
1220011200
 600010000
11200 9700
1290011900
 180010900
1430013700
1220015600
1260012700
 750015200
1330014100
1280011700
 430011900
1270013200
1740015400
 660014700
1260014500
1050013800
1430013300
1220012300
1690011000
1280015400
 810013600
 860013500
1140014800
 760019600
 950018600
1410015900
 920013900
1030011500
1410017200
1040015300
1380010100
1120016400
1150014500
 710012700
 990013000
1390013000
 180012300
1640010000
 420014300
1560013200
1540010500
 6800 9500
15500 8700
1570013500
1180011400
17100 9400
1520012100
1410010100
14400 8800
18300 7700
1640011600
10100 9700
 790014300
 920013700
1200012700
 7100 8900
 840010000
1580010700
 710015700
1070011200
 830010000
1250014300
 8000 9200
1300010800
11000 9700
 3800 9000
11000 6700
15200 5000
10100 1800
11900 3400
13200 5800
11900 7700
15400 4800
12800 4500
11500 6300
 8700 2200
11200 2900
15300 5000
 2900 3300
1220014900
 310012700
1240010300
1570016100
 800015000
13400 9000
1140015200
1290014000
1170011600
1610012000
1280012200
 750011200
 860015300
1310013600
1020019300
1210014800
1630013100
1400018000
1020014100
1090014400
1390013700
1550016400
 590014800
 9400 6000
1650011400
 860011500
11600 4700
 870010700
1340010500
 7100 7300
12400 8100
13000 6900
 2200 6600
1800014400
 450012200
1060011000
 840013000
1470010800
1130010000
16300 8400
1200013000
 710011100
1060017500
1450012500
1210013600
 940016100
 880010800
1200012700
1390012100
 390010400
13100 8600
1090011000
10100 4900
 8900 8300
13000 6600
1220011200
 4600 9300
 970011700
1370017400
1120012200
1600014000
1180010500
 710011500
1430013400
10300 8600
1540010200
11400 6600
 6100 7300
1140012600
1530011500
1360015500
 710013900
14700 9400
1300014300
 640012400
1440014500
 400012700
 870015300
     1.965