    1   41    3    0    1101700
1480011200
 340012400
 9100 6900
1190010500
10300 6200
 260011600
1370013000
1510010200
 5600 7600
1320010600
1420011000
1390010900
 930012000
 6600 8100
 700012100
 8100 7100
1760011500
1110011000
 8100 9400
 8400 8300
16000 8400
1460012500
10000 9600
 500013200
10200 7200
1360011400
1070010300
1660015200
1230010100
 670011800
13100 7800
 390011100
1040013600
16400 9100
11000 8100
14000 9600
1240010800
1700013100
1400010600
 6100 8300
 900014500
1730012300
1220014000
1490010900
 9200 8100
 560010300
 690012500
 540010100
15200 8300
1540012300
1000011200
1450013100
 4300 9400
 5900 9700
 740012600
1170015800
 3000 7200
 2100 8100
 950013400
1150011100
1270016000
 500013900
 540014800
 260010100
1360014100
1210014800
1080015400
 8900 6800
 510014900
 6400 9900
 8000 7900
 680013300
14900 7700
 900013600
1670014400
 5900 9000
 920013800
 700010400
 450012200
12100 3500
 9900 4500
10400 4000
 4000 8400
10800 9200
12400 4800
 2900 3800
12500 7200
12300 5900
11200 6300
 9300 6800
 3600 5800
 4200 8300
 5300 2900
15400 5300
 8300 8200
 5300 6900
 6500 2300
13100 3600
11700 6400
 8000 3400
 3200 7700
 7600 3700
11300 5600
 8900 4200
1370010100
 9800 7100
 4000 5800
10400 5500
 2600 7900
 7600 8800
14100 6400
 8300 3300
12700 3500
 9500 7100
14100 7900
11000 6300
 3400 2700
1480012000
1580011300
1030015200
 750016000
 740011800
 780010600
1550014000
1790012800
1290013100
1580013800
 670013000
 840015100
 980010900
 960013100
 440015100
 420013900
1200010500
1440010400
1520014000
 300011200
 610014800
 180010600
1620012800
1460012000
1370017000
1010014000
 780013200
 840012700
 960014700
 970015700
1770013400
1170011500
1900011500
 840013800
1210014900
 970013100
 7200 9800
16900 6600
1020011000
1150012200
13600 9100
 5300 6700
19000 9900
12200 9900
 7500 9900
1550010900
 6200 8200
 590011300
 7300 7000
1900010700
1020010600
 8200 9200
 6400 7700
12000 7400
1320011600
12100 8800
 920012100
10000 6400
1050010300
 9300 9600
1440014200
14100 9600
 390010800
13100 7900
 850010500
 540012600
 9800 8800
 8100 7900
13800 9000
 720010000
1580012000
10500 9700
 3600 7400
 550014000
 920014400
1080010100
 260010000
1270012700
1270010900
1030011200
1080011900
 240013000
 360013600
 490011800
1400012700
 670014300
 370013500
 680011100
11900 8800
1080013000
 670010900
 290013100
 610010300
1130011400
 930011800
1220015200
 840013100
 350012100
 880012900
 420013500
 670013800
1370012900
 760012300
1360011700
 810012400
1250013000
 960011300
 2800 9400
12200 5300
14300 6400
 5800 4400
19500 2900
12500 6300
 8200 5200
15900 7100
 6800 5000
 6500 4500
 7800 7200
19700 9900
11000 4100
 8800 4300
 6700 7700
12700 5100
1380010000
12700 8100
 9700 8800
10700 4500
10900 8100
 9500 9000
15100 9600
14700 2900
 4500 8900
13800 5300
 8900 3300
 6200 7500
10500 3500
 8700 8200
13900 8600
 7800 3300
16500 7800
11200 4400
 4200 6400
13700 8500
 3000 5400
14300 7500
11100 9000
11000 8500
1000010000
 4500 5400
 4400 9000
 5500 6900
1710010800
 9700 7700
 6700 6300
 5300 7900
13400 6600
1210011400
 9700 8800
 510011400
 9100 5100
10500 9900
 7600 9700
1450013000
11400 6800
 390010600
11800 5400
 3100 7900
 760011200
13400 5900
 8200 7900
11100 9100
 9900 7800
1540011000
11800 8000
 3300 7200
 260011700
1630010900
 9800 8300
 8200 8400
12800 7400
 390014300
 3500 9800
 480014200
1720012600
 890013300
 640013900
 390013100
1120010800
1100011200
1010012000
 6600 7600
 860012100
 7700 9500
 670012600
13100 5600
1180012400
 190010100
1140014400
 570011500
 5100 5900
1040013100
 620014700
1150013100
 750010100
14400 6400
10000 9000
 140011500
16300 6400
 9100 6500
 8900 6500
12500 7500
 4400 3700
 3900 7800
 5100 1500
17700 6300
 9500 6700
 6900 5100
 3300 3100
12000 3900
11500 7500
10500 4600
 6700 8600
 9200 3000
 8300 6600
 6200 5200
1380010700
12200 5900
 2500 7000
11900 3300
 5500 6900
 5800 9200
10900 4900
 6900 2500
10800 4400
 8300 6500
15000 8600
10700 6300
 2000 3600
1630017500
1100017300
1500018500
 520012600
 680018100
 830012100
1090017100
 270016000
 270014100
1050014000
1250014900
1360018500
 420015500
 560019600
 170013600
1450017700
1300016000
1180021700
 920015500
 610018000
 690012200
 860016800
 780020100
1590014300
1000012600
1760015100
 670016900
1020019600
 780017000
 550014600
1070010800
1160010900
 300016600
 450012200
 580016900
1280016300
 580015600
 290016200
 790016100
1220013500
1160015200
 550015300
 250012100
 500014500
1230013200
1040016000
1200011700
 720014600
 420014000
 790016800
 520013800
 7100 9500
1450015400
 830017500
1480016300
 800012400
1180010600
 930011300
 360014400
15300 5400
 440011800
 5300 9000
 690011400
1470010400
 560011700
 430011800
 840010400
 9300 8000
12100 9500
 8000 9400
 7100 7100
 5200 9400
12200 7400
1110010100
10400 8400
1100010500
 3800 8300
 900011900
 850010100
 4400 7100
1270011000
 770011800
1590010400
 3500 8600
11300 6300
 5600 6900
 3400 8700
 600010800
 750014700
 8700 8700
1260013300
 730013700
 510012100
1060010100
1510010800
1460014500
 490011500
 290015400
 5800 9800
1510013500
1300012200
1470017600
 920012800
 720013900
 980010400
 660013800
1020016000
1750011800
11300 9700
1710011400
1070013400
1400015400
1180013100
 660010400
 9200 1900
10700 9500
1520010700
 6300 5500
 6600 6800
12400 9400
13300 6500
1590010000
 8700 9200
 9900 7400
 5100 6800
16200 7900
1510010000
13700 6800
13500 5000
 7800 8800
11000 8100
12100 3700
 8300 4600
16500 6100
1170010400
1990010100
 4700 3200
13200 5900
 7800 3900
 7400 7800
 6400 6600
1890010400
10600 3500
 8000 2100
 4500 7700
12700 5900
1260010900
11800 8500
 800010300
10200 4600
 9300 9200
 7300 9400
1480011400
13400 3100
 3500 9900
13000 3600
 6600 4500
 6300 9300
10800 2000
 7800 7600
11400 8800
 8700 5100
16100 9500
11500 6200
 3100 6800
1350010500
 7500 6600
 4800 4800
 9100 7500
14200 6500
1330011300
 5900 8600
 140011300
 6300 5000
13700 9800
11500 9400
1410012900
 8700 5900
 600010400
 9600 3500
 5000 7200
 910011000
16200 4700
10100 7200
15500 8700
10100 7300
1380010900
11300 7800
 5300 7000
 650015000
 660013100
1170013200
1260014000
1540017700
 910014700
 980018700
 550012700
1550016800
1450015300
1340020800
1340014500
 720017200
1100011200
1180015800
 760019100
1570013300
1110012000
1930014400
 390015800
1320018600
 740016000
 680013800
 540010900
1260010600
15800 8100
16100 9000
 3000 9600
 5600 5600
 4100 9200
17000 7300
1510010200
15200 3800
10400 9300
 8700 7900
 980011500
 9400 8400
11100 2800
1890010100
1270012000
1940010600
10500 7000
13800 4100
11600 6000
 8100 8900
 3900 9800
11300 7100
1100011500
1020010000
 6600 9400
 8700 6700
 7700 9400
 670010900
13200 9100
11900 3700
 200010300
11400 7000
 5700 2500
 5200 7000
10400 4900
 630010300
1140010700
 7600 3600
14500 8100
10100 5200
 1500 8400
10500 4700
12300 7300
 6200 4600
 6000 8400
 3500 5400
13000 6400
11700 5400
1010010900
 9700 8700
 4500 6700
 7400 7600
 8200 9300
 5900 9700
14100 8200
 8400 5700
16400 5000
 4800 8300
 9500 8700
 5900 7400
 4000 3500
1160015200
 870014700
 720012500
 620013100
1130013100
1030015500
1090012200
1130012600
 310014000
 970015000
 810011700
 340010000
1160013400
 690016400
1510015600
 390010300
1220011100
 6600 9700
 270013500
 440017200
 270018000
 520013400
1470017400
1260018100
1400018400
 850010100
 670018200
 900012800
 650010600
 950016200
1700010800
1070016800
1680017700
 990012000
1330016900
1110013500
 600015500
 6900 8800
 2600 5200
14300 6500
13100 4300
1140011400
10400 8600
 5900 6600
 7900 6500
 9400 9400
 700010300
15300 7800
 9700 2700
17800 3400
 5100 8600
10300 9200
 6400 7900
 5400 4100
 5600 4900
15800 5800
13700 3200
1510010700
 9600 8300
 7800 5800
 9900 6200
 7400 9100
10600 9700
18100 7500
11900 2200
17800 2300
10900 8300
14200 8600
12000 7500
 7200 3600
12700 7500
 9900 7800
16000 9600
11900 1700
 5900 8200
12600 2700
 3200 3000
 9600 7500
15600  800
10200 6300
13100 7300
11700 3400
16500 7700
13400 4400
 5300 5200
1210014500
1180018200
1230010900
 490015700
10200 7700
 980012200
 510016300
13100 9700
 870012000
1690013800
 210012500
1250016100
 620013100
 450012200
1300015400
 780012100
 490010900
 8700 9900
 480013000
 800014200
1520011200
 9000 6300
14900 7800
 900012300
1280013300
1030011700
 4300 8000
10800 9800
 460017700
1140012000
 180010900
 820016300
1440010000
 880015900
1240017000
1030012000
1510016800
1190013400
 390014900
 790010200
1020015300
 730013200
10800 8300
1820014300
1200015000
1780013200
1110011700
14400 6700
1220010100
 730011800
 9600 2600
 5200 5800
 9200 8400
16400 3800
10200 3200
15700 4600
10200 5500
13800 7900
11400 5300
 5400 3200
 770012300
1070015700
18300 9800
12000 8800
1810011200
1090012400
1410015200
1200012600
 730010500
 390011900
 9600 6100
 5800 4700
12700 7200
 6400 8600
1390011400
 9100 8800
 1300 6500
1530010600
1050010800
18700 8800
 3600 8100
12600 3300
 6800 6500
 6200 7700
1090015500
1870015200
 6600 9500
1100012700
 8000 9400
 640012900
1930013500
 5000 6300
1220010800
 7300 7900
 680011200
 540010400
 940014500
 660011600
 480015200
13600 8100
11500 8600
 7100 5300
1100015500
 350012700
 3000 9000
     1.306