    1   21    4    0    134200
1450012500
1070018400
 450012000
 620015500
 530014400
1250016000
14900 9900
 870018200
1220011300
1310018400
 530011600
 940017500
 810016700
1320015800
 920010200
1140013100
 900017300
 970012600
 850017300
 510018200
 7700 9500
1070017700
 840013700
 810014400
 8300 9700
1240016000
10500 9100
 760015000
15900 8700
 700015900
1270014100
1190011700
1050010600
 700016100
1430016900
14700 9700
 720015900
 900011600
 2800 7900
 430014100
 420012300
 3400 8100
10900 7500
1480011900
 6700 5800
1050011500
11100 6300
 320010700
 770013400
 6100 4800
11200 5900
 750011500
 970014100
10500 9400
 770013000
 650011200
 5100 8100
 1300 6000
 160010000
11300 4900
18000 9700
 8100 6900
10000 8400
10800 6600
 190010500
 4200 6300
 8700 8500
10000 6700
 810010100
 5800 9700
14400 2900
 6600 8700
 4100 3900
 8300 4800
 7400 8100
12300 2900
12800 7900
10000 4900
12200 6600
15100 4600
 7000 8600
11800 4700
10100 6500
13700 4800
 9400 8300
13700 8000
10100 1000
10300 7000
10000 2300
 3100 2800
12100 6500
14700 1000
 8300 8900
11900 1500
12800 9100
 4900 3300
 9100 7600
 7800 7600
12800 6600
 8800 2000
11100 3500
 9000 7700
 9300 2900
 8100 7500
 5000 8700
18800 7800
 910013000
 9000 6400
1210013000
 2700 9900
 5500 9700
1010012500
 900011000
 8100 8700
 6500 7000
1600010600
 5700 5900
 350010000
 910012100
 900015500
1040013000
1430015400
 600015600
1120013500
 950015800
1210014000
 780014900
1310014400
1090012800
 860013400
 880012600
 160014300
1240010700
15200 7400
 710011800
1190010700
10200 8800
13900 7100
 970011800
1380012600
10100 6800
1050011600
10200 8500
 3300 6700
16700 5500
 7900 8600
1350011900
12600 2900
11300 4200
 7900 9400
1510012100
15100 8000
 810011100
 9900 9700
 2900 7000
 570012400
 960014700
 860014800
1370013500
 980011700
1160012500
 930014200
1020011500
 900014200
 560015300
 6800 6600
 8200 8900
 8000 7600
 5500 3400
 8300 1400
13800 7800
 4600 1200
 3300 7100
 6300 9100
12200 3500
 6500 4800
 6100 9400
1240012300
16800 8800
 370011300
 670010400
 6600 8000
 620010600
 6000 7500
 910011800
1580013500
 290011100
 340014200
 750013800
 7500 9600
12700 7900
10800 9000
 8400 7000
 8500 8200
 180010600
 9200 8900
15000 5400
 3100 7900
 3500 5600
 6600 6700
10800 9900
 800015600
 810011800
 2000 8100
 270012900
 480014400
 600014000
 5000 4000
 7600 3100
 640010000
     0.377