    1   31    4    0    155500
14000 6500
13700 7400
 5100 8700
 9000 4800
11100 6300
 7900 4700
 6900 8600
12400 6800
 8800 8300
13800 8600
 5000 8800
 7100 7800
12600 9300
13400 9800
11200 6100
 4400 8300
 6100 8500
1210010800
 9200 6500
 5900 7200
 4700 6100
 7700 9200
11900 7100
 4100 9100
12500 5800
13400 4700
 6100 4800
 5700 8900
 8100 5700
 6400 8000
12400 8300
 2200 9100
1190012200
 890014100
 650011100
 400016400
 850013300
 910013000
15800 8500
 440016700
 370015800
12400 7900
 9600 9800
1050014200
 320013600
 7700 7200
11000 9100
 530012000
 480014900
 8700 9800
 530013800
 8700 8600
 730011900
1410013200
1250011400
 490010900
 590015000
 800010800
 250015900
 910017500
1530013100
1260012500
1120013500
 800013700
1340014400
 870016500
1480016600
 470013300
1070010800
1890017800
1540018600
1650011500
 670013000
 590017000
1020019200
 980014900
 3900 9300
1230014900
1220017200
1570015700
1030017700
2020013200
1390013500
 610013500
1030016100
 400013400
 680012600
15800 3000
11600 2100
10200 4200
 6300 3800
 7400 2300
11500 4500
18600 8400
 6600 4200
 7500 4800
16300 8400
12700 8200
14700 3100
 6400 8100
10200 7900
1240010100
 3900 3500
 6200 5600
12800 5200
 8500 5100
12400 6400
11200 6300
18000 1900
14900 3700
 7100 4600
 9800 4000
 9200 5800
 1700 3700
1070013000
 950010400
 590015300
1070013400
 860014400
1550011100
 390015400
 850013800
1710012600
1320014000
1470012600
 520011200
 690011700
 920013800
 710012700
 310012400
1160010700
1000015300
1350010800
 960014500
1870012600
1270010900
 480010100
 900015500
 5300 8700
 410014600
 9200 9500
 710010400
 9400 9400
1200011500
1820013600
 740010600
 560010100
1140014000
1270014200
11800 8100
 610012700
1030013400
1410015700
 670010000
 790010400
 950010800
 450012200
1020011900
 890012800
12400 8200
15500 9100
 8000 9700
 810011300
1100010700
 4400 9800
 570013300
11700 9900
 6600 8800
13500 9000
 230013700
 840013600
16500 7200
13200 6300
1400011700
 420013100
 4800 7500
 7700 8700
 8100 8500
 150013200
10100 7600
 9900 9400
13300 7300
 8100 7300
1780010300
11500 9000
 3600 9000
 790011100
 3600 9800
 500013200
12600 2800
 9700 4400
16200 9300
 5300 6800
10500 7500
19000 8800
15200 8300
16600 5700
 700010100
 7400 8400
1060010500
 8900 3600
 4500 8200
13200 6000
12000 5100
15500 7100
11100 6100
20600 4000
14400 5000
 6500 5800
10700 4600
 5500 7200
 6000 6400
1070010000
1780012900
 5900 7600
 8100 7600
1690013200
1300013300
15000 6200
 610011600
 930012600
1140014900
 5100 8700
 5300 8600
1280010000
 930010500
1300011100
1100011600
18700 6800
14300 8300
 6500 9000
 9800 9200
 8100 9900
 2500 6800
1090011000
 5600 8500
10700 7000
1700011900
1630012400
15100 5700
 6700 9200
 320011100
1250013400
12200 8500
 6300 6700
 7700 8700
1170010900
15600 9700
 640011400
16600 6900
14600 7200
 7300 7400
 880010000
 6700 7800
 9200 7600
 270010800
 740012200
1430018000
1280017800
1200011300
 320016800
 400017400
 970019700
 870013100
 350013700
 680014800
 860014300
1230016000
 480015700
1500011400
1130013200
 400014000
 560012500
 550015000
 570010400
10600 7300
18700 4700
15300 6200
16200 5900
 6500 4400
 5500 3700
 9900 5800
 9800 5600
 3700 5900
12000 3300
12100 8100
15500 3100
10000 7000
20000 5800
13700 4000
 5900 3100
10100 8500
 3600 2000
 6800 7900
11400 7200
14300 7300
12500 6800
 7000 9100
10500 6700
15200 8900
 8900 4600
 9000 8400
 8700 4100
 6300 7100
11800 5300
 8600 6600
10200 5600
16400 4100
 9000 4400
 8500 7700
11900 5800
 6500 8400
1090012100
1290015700
 450015800
 850010400
1080012600
 380013400
 470016600
1090011300
 710015300
1090010200
 930013500
1650014700
1310012900
 530012500
 790016400
 790012700
  70017400
1270013300
 730010300
1050015800
1540017800
 940015600
 920011400
 850014500
 690018200
1230014900
 850018000
 960014500
1670013700
 930013200
 870017700
1200012300
 710015000
 290014700
 420011900
 840014100
 810010700
 220014400
 8100 9300
 870013100
1230010500
 610012300
1600011800
1030010200
 290010200
 610013800
 460011400
 500014600
11600 2400
14100 4500
 4100 6000
 7900 7900
12700 3500
 7200 8100
11800 2500
11400 6500
16600 6800
16100 4900
 8400 4200
10100 9000
11200 3800
 2600 9400
13200 5700
 9900 7000
 7000 7000
 4700 4600
 7900 9400
12400 4100
 5000 8100
11700 7300
14500 5500
 7200 4600
 670010000
 9200 3400
 7100 9400
 610012300
 7300 8000
 940011800
 390014800
 960012500
 860015000
1280010900
1490010600
 740010400
 760014100
1050010000
 380011200
 7800 4400
12300 7500
 680011200
11500 8000
1110011000
16200 7400
16000 6700
 8300 6300
 980010600
11100 5400
 2500 7900
 7600 1200
 8900 5900
12500 1600
 5500 4700
15700 4600
10900 2900
 3600 2400
 6100 6700
 4800 3100
 5500 7400
 7700 6600
1240011100
12000 8800
17100 7500
16600 9100
 890010000
10600 4600
1160011300
 3000 8100
11600 7300
 420011100
12500 9100
13200 7600
 5900 6800
 540012200
 8000 5300
 610010700
1060010700
1950011900
1370012700
 570013400
 9800 9700
 600014800
 440013800
15700 8700
 9600 7600
 2300 7000
 580011900
 5100 5800
 4200 9500
1470012200
 720011500
 690016100
1010011300
 480016600
 560013800
 750018000
 840013000
  80015100
 6400 6900
 8400 5300
 2200 4500
11400 6700
 5200 8200
 7000 4600
     1.120