    1   41    4    0    176300
1670014000
 3300 9000
 8200 9600
1140014300
 5500 8400
 670011800
1180015500
 490013200
 2900 8800
 660011300
 850014400
1640015400
 260011700
1150011800
10200 9900
 790014200
 6400 7600
16500 9800
1330010000
 900014100
 720013600
1260010500
1020014600
 760014600
 9900 9200
 260010700
 520011600
 9600 8600
 870011700
 540013900
 710010500
10500 9100
1630011900
1180014800
 770012200
1050014400
1120015000
1450013200
 920012200
 460012700
 180012700
 6600 9800
1270015200
 670011000
 820010000
1310016400
 440011500
 380011900
 730014700
 940016800
1670016000
 360011500
1120010100
1020010400
 880016700
 620010900
1800011700
1440014000
 870015500
 860014100
1230014800
1160014500
 870014800
1100013900
 110013100
 510015400
1010010100
 910015100
 440017100
 790012700
1210013300
1570012600
1330014200
 820012600
1160012700
1100016400
1400015300
1040015200
 540014300
12400 8900
14400 3900
1090011800
1370010600
15700 3500
 940010300
 600012600
 8400 5800
 6600 2700
10400 4500
 8100 7400
 760010200
 2800 8200
10000 2900
 9900 9600
19500 7200
12500 7300
 3300 3200
13100 5300
 4800 7500
12300 6200
11000 5600
11700 8300
 8500 6000
10500 6300
 520011200
 6400 5700
11800 4400
15000 6300
17100 7900
11100 6000
14800 7600
 3900 6300
1650010900
10700 2600
10100 3500
11400 4800
 5100 4300
 8900 8800
 770011100
10500 7700
10100 9900
 8900 7200
 340012000
 630010800
 380011400
13500 9200
 5600 5900
12000 7400
 8800 7500
 690011400
 9600 9800
12200 8200
 790011000
 9000 9500
 9400 7500
1210011800
 5000 7500
 6600 7900
 680011400
 7700 8900
 940011700
 580010200
 740011200
1060012400
12600 8700
1230010700
17200 7000
 7500 7200
 4700 6500
14000 8000
1240010200
15300 9900
 500010700
 2400 8800
1010014000
12900 9700
1250013800
11200 8400
 570014900
 830015100
 270015700
1310013100
 800010100
13300 9500
 910011200
 910015700
1180013300
1290012300
 550015100
1000013700
1180011500
1250016000
 630011100
 900011600
 890015400
1010013200
1170016000
 490013100
 850015500
1300016700
1500012900
1470014700
1830011300
 860010100
 480010800
16400 8900
1410014300
1650014200
 740015000
 410013100
 850012100
1020012400
 600013200
  500 9800
 3500 6900
 540010100
1340012800
 310010600
 970012000
 7600 9300
 4700 9800
 6600 7900
14900 8200
10400 5700
 700010900
 760011400
10500 5200
 800012800
 540012500
 7100 5000
 4900 7900
 6600 6500
 6400 9700
 5900 7000
 7900 8900
10300 8000
11500 5700
1480010000
1010013500
 460010500
1150014300
 960011600
12900 9500
 6700 7900
 1400 9600
1470011600
 880012100
 510011600
 7500 7800
 570010400
1000011800
 7300 9300
 740011200
 2900 8300
 910010200
 9300 8600
18500 7000
11500 7500
 340010200
1230010200
 5800 8300
1120011400
1000011200
10700 8000
 8000 6800
 9900 8500
 440010400
 5400 8200
1130010300
14300 6600
16200 7300
11600 8600
1380012100
 2900 9100
1570013200
1010011000
10300 9200
10300 8400
 4100 8700
 700017100
 380017800
 630010400
 6300 9100
1170013100
 570014000
 610016700
 480014100
 8000 8900
 750014800
1810012800
1200011900
 340010900
1080012800
 710012000
1090014100
 900013600
1010012900
 610011400
 810010700
 580016700
 510010200
 9400 9100
1260011800
1490012700
1130012600
1330015400
 390013000
1410018000
 820011200
 9400 9700
 9800 9500
 350010800
 2300 8400
 4900 8400
 5900 9900
12400 8800
 4300 4300
 7600 4900
 6000 4100
 6600 9800
 6400 6200
16800 5300
11400 8100
 4900 8400
 9400 6900
 8500 9000
 9800 7300
 7500 7600
 8800 8300
 5100 6500
 6900 9200
 6000 6500
 4800 8800
 830010500
11300 6200
13400 7600
12700 5500
12100 7200
 4000 5400
12700 7000
 7700 9200
10800 8400
 8500 8600
 2400 7300
 4700 1700
 6300 3900
14600 7400
 2200 6700
10600 8900
 8800 6000
 5700 3700
 6500 5700
14800 4600
11100 2200
 8000 5300
 6400 6600
11500 1600
 8200 7900
 5400 7500
 7700 2900
 4300 3600
 6000  700
 7500 7700
 7000 1300
 7200 2500
 9300 3800
10300 3000
15700 5600
10100 9000
 5800 6100
1060010800
10400 5800
13700 3900
 7100 2200
 2500 4400
 900011400
1670012500
 3000 8600
11500 8600
10400 6900
 830011300
 6400 4500
17100 6900
13800 7100
 900011200
 780010600
12700 7600
1080011600
 810011600
10500 6300
 2000 7800
 5100 8700
 9900 5300
 9000 8800
 480011000
 7000 7600
11100 6200
16200 8900
1250011800
 8100 9200
1100011300
1120012000
1440010300
 9800 9300
 5000 9700
15500 8900
 1800 8700
1070011000
 9300 8100
 7000 4700
 5700 7700
16200 6700
12600 4300
 8200 6700
 6900 8300
11800 3600
 9700 9700
 6900 9200
 9200 4800
 2800 5600
 4700 2800
 8700 9700
 7800 3300
 5700 3100
 8000 5900
10700 5100
15600 7500
1150010800
 6800 8100
 980012800
10300 7100
13700 5400
 8600 3900
 3800 6100
 810011100
 820013900
 220011400
 9700 9000
1010012600
1870010300
1140010600
 4100 8900
1300010200
 560011000
1150011500
1060011000
1110011500
 8800 9000
1070010100
 390014300
 6000 9500
12100 9900
15100 9300
1690011000
12200 9700
1410012700
 280010200
1650015100
10900 9600
11000 7700
10700 8500
 4600 8000
 9800 9400
 6400 6500
 6300 4900
 8600 6200
14600 5200
 8500 2700
 6700 6300
 9800 7300
 9700 2200
 7400 8700
 7000 8300
 7100 3400
 7200 4200
 8800 1500
 4100 8100
 5100 2100
10200 4000
12700 4400
13400 3500
14900 6200
 9900 9700
 2500 6800
1390011400
10600 6900
13100 4900
 6500 3200
 1000 5200
11900 7400
 890010200
10500 9400
12300 7200
10800 9700
11700 8900
 9200 7700
1510010500
 7300 8700
 8000 8700
 940010200
 7700 7500
 980010300
 920010600
10300 9800
1050011100
11900 7300
11000 9500
19600 6000
 8000 9300
 8100 6300
1420010800
14400 9700
17700 8800
 7700 9300
 5200 7700
 840011400
 5300 4300
18300 6700
14000 7200
 690011100
 920010300
10400 7700
1160011100
 880011200
10700 6500
 2600 7800
 5300 8800
 9000 3600
 7800 8900
 610011100
 9600 7500
13100 6400
13800 8600
1360011100
 7000 8900
1210010000
 940012000
1210010300
10300 9400
 4700 9700
 9700 9700
18900 9100
11800 6400
 340010300
1270011400
 5400 5600
1170012800
1050012400
11100 6700
 8400 8200
10300 5500
 450011700
 5900 6200
11700 7500
14800 8400
16700 7100
1160010300
1420013800
 320010900
1620015300
1050010800
10400 8900
10800 7200
 4600 9300
18800 5000
12100 7600
 2600 7900
12100 7100
 5700 8400
11600 8100
10100 8100
10900 8100
 7500 5600
 9500 8400
 5200 8600
 5600 7900
10800 9500
14000 5300
16100 7300
10900 5300
14100 8700
 3600 5800
15500 9800
 9600 8800
 9500 7500
10600 7600
 4300 6600
 820011800
 680014000
1240015200
 870011700
 910016600
 960016100
 960012700
 960012400
1120010400
 140017000
 630010100
1260011800
1520012700
1600012600
1510014300
1170017600
 130014900
1640019600
1220014500
1360012600
 890010900
 360013100
 5500 6600
13100 4800
 690010700
10700 6200
10400 5800
1070010700
 9500 7700
1130010100
 240011500
 6100 9500
1270010000
15500 7700
1680010100
13700 6000
13300 7300
 1700 5800
1680010200
11700 7200
12400 7300
10100 8600
 4300 6400
 9500 6700
13900 4000
 5400 8100
 7400 7700
 8200 4500
 8100 3500
10000 3500
 7500 8200
 9100 3100
10900 5100
12600 3700
11800 4100
18700 5500
 6200 9000
 6600 6100
1440010700
13700 6700
16800 4700
 6300 3300
 4000 4700
1210010000
1020010900
 750010200
 980010800
 2300 8900
 4600 8800
 920014200
 8300 8300
 5100 7300
 7600 9200
1090010500
15700 9600
1200012100
 730010000
1030014900
10600 7800
13900 6600
 9100 7300
 4300 7700
 7700 9000
 6400 9300
 6900 8300
 6300 7400
 7900 9800
 4800 5100
 4800 9500
 930011500
11800 7100
12800 7700
14500 7100
10100 8800
 3100 7100
13000 7700
 980010800
12600 9700
 6600 9500
  300 8700
 610011200
 6500 4600
 6300 6600
 8000 6400
 5000 8900
 5200 6600
 9300 8800
11700 6600
12500 4300
14900 8600
 970012100
 3400 9100
1290013000
1010010600
13000 8600
 6200 7300
  100 8500
 9400 5900
 7400 8000
 9600 8300
 9300 7800
10200 8400
1020010700
11600 7800
10700 5900
19500 9500
 810012800
 810010000
1400013000
1420012200
1750010300
 7700 9100
 5100 9900
 560010000
 7500 9800
 5600 9500
 450010100
 890012300
11900 9900
13900 7700
1230011700
1230015000
 360012100
1330015000
 790014200
1040012200
 880010900
 250012000
 4300 4400
 8600 4800
 7400 4600
 5600 6900
 8800 4300
12100 2200
14400 6100
12500 9500
 6600 6600
11000 9800
 9400 8600
12600 6700
 9300 5400
 4000 6400
 760010200
 6400 8400
 7200 9200
10500 6500
13400 8800
12700 4700
13100 6900
 5600 4600
12400 9400
 7900 6900
10900 6600
 9600 7600
 3700 5500
 6300 6000
 9100 8200
12400 4100
15200 3800
10800 4900
14200 7600
 5200 5200
14300 6900
 8400 8400
 9000 6900
10700 6300
 4500 6100
 970011300
11300 7300
10500 9000
18200 5900
 7600 6300
 6700 5600
13200 6100
13000 9400
16300 8900
 6400 9500
 3800 7800
14100 5400
15500 5400
13100 7400
1240010900
 1400 8000
1540012300
10400 9200
11600 7300
 9100 6100
 3000 7100
12800 9700
1560012700
 910015700
 330013100
1360015200
1100015700
1370013900
 570012900
 100013400
1850011600
 620015100
 620012200
1440016700
1350013000
1660011000
 6000 9700
 370010900
1060016700
 570014500
1040015800
 990017700
1330016200
 750015500
 260015400
 590010900
1200011600
 830014400
1130013100
 950012600
 370012200
14400 7700
12000 7200
14600 5500
 5800 4600
 2000 4900
 850018300
 970016700
 950015900
 320016000
1870014800
 840014200
 600014000
 710010300
 480011000
 4500 7600
     1.253