    1   21    5    0    135100
12200 6800
 880011800
 5500 9600
 890011100
14700 5100
 6700 9900
11600 9400
1410011700
1140012500
17000 5300
 6900 7500
12100 5300
1640010700
1410011000
 910011900
 420013500
12600 9100
 9800 7300
12600 4400
 6600 7800
 5400 8700
 9300 6200
 6700 5900
 930012300
11600 8100
11900 7600
1340011100
 7400 6300
 870011100
11700 8800
11400 9600
14500 5600
13500 8000
 9400 5600
12200 8200
14200 6700
 9500 7500
1730010700
 4700 7100
 6300 2900
 7600 5600
12400 5400
 4800 5800
 7500 5100
10000 8700
 7300 6300
14100 4900
 8700 1000
11700 2600
12300 4100
14200 6600
 5100 5700
 6400 8100
 9200 2300
 5800 2100
10300 3400
 5400 2400
 7700 7800
13500 4600
 6200 5700
11200 5400
13600 6700
10700 9700
15900 3200
 5900 7100
10900 4900
15800 8700
13000 6900
 8700 9300
 3300 9800
12500 7600
 9100 5400
12700 5000
 5400 5600
10100 7600
 9000 4400
12500 3700
14500 7400
10200 6500
12900 6400
 5800 5900
 6100 5400
16200 5600
 8400 5200
10100 6000
 7900 7200
14700 5000
 9700 3600
15800 6400
 1400 3200
 560012700
 730012400
 950015400
 6500 7900
1310016300
 880013400
1130014700
11600 9400
1370012100
 4900 8200
 700010400
 940011300
 500012700
1110015800
 480012300
11500 7000
14000 7800
11200 7600
1670011800
 660011700
1180011500
16300 9100
13900 5300
 8900 7800
 3900 5400
1260010000
 9700 9600
1260012400
 6300 9200
 850014000
 6400 9200
1480011700
11400 7500
14000 9500
11000 6800
1650011200
 2900 8600
 900011600
 6700 6000
 6400 8100
1090010400
 7400 8000
 870013700
1050014400
 820016000
 770014900
1510014600
 9900 9600
 950013700
 950011700
1430014900
 900013700
1620015700
 120013400
12100 9000
 8000 4200
 9900 6600
12300 6600
1240010400
 6100 8400
 700011300
10800 5100
 5700 6200
12500 7200
 3400 6400
 5400 9700
 920012100
1490011800
1140015900
 820013700
 490016700
1250010500
 810011800
1310012700
 350012000
 8600 4300
15900 9300
10500 9100
1040010300
1080011600
15200 7800
10000 5800
17400 4300
 2400 6200
1110013300
1720011800
 330014000
 990014600
 640012000
 7000 9900
11600 8600
 810010100
1270012100
 810010800
1060012700
1300011400
 800011700
1580014900
 360011300
 7800 9200
 9000 8700
1260012700
 740013500
1480016700
 220013100
 850012300
12600 6200
 7300 7500
14600 8000
 1800 7700
11500 7200
 7000 8300
1230011400
 3500 7900
 8400 9300
14600 7100
 1300 9700
12300 8500
 4300 7200
 290013600
     0.315