    1   41    5    0    165700
 9100 6200
 9700 8800
 700010400
17000 5500
 970011900
11600 5100
 7100 6700
13300 7400
17100 8400
1280011200
10200 8900
 6100 7400
12400 8600
1050011900
12700 8200
 840011400
11900 5200
 6000 6900
1650010000
11300 7400
1410011100
 6800 7000
 8400 9200
14600 9900
12600 6000
11600 9100
10700 3500
10100 4600
15800 7700
 5900 9200
 7900 8700
16100 3900
1320010600
 910012600
 7800 3700
 8400 4800
17500 8700
1120010100
11800 8200
 5700 8600
 8300 7000
10100 5200
15300 7500
 8200 7100
 7300 9500
 3000 5300
 9300 5500
14300 6000
10700 9200
12500 5900
 3400 4100
14500 5900
10500 6200
 9100 3600
12100 7200
10400 7900
 6300 4400
12500 7700
 9800 4800
 9700 5200
 3500 9900
 5300 8400
10900 4600
 8300 9000
10800 7900
 9000 8200
 6300 9700
12300 7300
 5700 8700
 3700 4600
13300 7800
 9000 3800
 6100 9200
 6200 7700
 4200 6600
1480011500
 8200 3900
1360010200
 150012000
 7200 8100
13900 7000
1320010200
12600 9800
 8900 6100
15300 7000
15000 7800
1000011500
14400 8000
 9100 3800
 9600 7900
 8900 9400
11500 5300
1180010000
15100 8300
 2000 4700
16700 9900
15000 6000
14900 8400
 950010700
 760010200
14600 7400
12800 8400
 8100 9700
 8800 8200
12400 9700
18400 8700
 290010500
 9500 6700
19200 7500
13200 7200
1210011900
 8500 7600
 9100 6400
1570012400
10300 7000
1040011300
 660012700
16100 5100
1320014100
 7800 8900
 5500 8500
12600 9600
1310010700
1040014100
1820011200
 8000 8000
1900010900
1460013800
 6300 9500
1770013700
15800 8500
 9400 8000
1320012700
13900 9100
 820012900
 700010700
 670012200
1310011600
 2700 6500
1280012000
11400 7100
11200 8400
1470010600
 900012300
 510010500
16300 6000
 330012100
 960015200
11000 6500
 5900 6300
1480012400
 920011600
1830011800
 430012400
1450014400
 990014500
 750014800
1430013900
 830013200
 560011400
1800013400
 950017300
1640013300
1230015300
 500015800
1660013800
1660014000
 600016300
1380012000
1590014800
1130015400
 910012700
 520010800
1280015000
 720019100
 880011300
 870015600
1230015600
1730012100
 590010500
 750014600
1880016600
 740016300
1180013300
1010015900
 690016200
1150012400
 750015700
1610011400
 500013300
 6100 7400
 280010200
 950010900
1310011700
 970014200
1390012300
 460011000
1510011900
1080015300
 760011700
1340014700
11900 8200
 630010500
1100013200
1090010900
 850014600
 4200 9400
 430012200
 970013300
 6900 8900
1040012200
 8500 6900
 7400 6500
1260010900
 570012200
 310012100
14000 7400
 760014200
 690015700
 6900 7300
 2800 8400
1360011000
 710013600
1430010800
  10010700
 610010000
12700 9100
10900 8500
 6800 7000
15100 8700
 740012500
13600 8500
 930010700
 700011000
13600 9200
14200 9200
 360011500
12800 7300
1380010100
1100010800
 7400 8100
 3400 6100
1100010300
 840014300
 7200 6600
 570010800
1030010900
15900 7300
 3200 5700
 6300 9800
1710011800
 880011600
10000 8900
 730011200
 560011400
11400 8000
 600011000
13100 6900
 3300 8800
 8000 6300
14600 6600
11200 9500
13700 6300
 3400 5200
16100 6500
12000 5900
 8800 4500
13700 7200
11200 8800
 7600 5500
12200 8000
 9600 5600
 8500 5000
 270010800
 5800 8900
11300 4800
 720010000
11900 8400
10000 9200
 660010700
11100 8000
 7000 9300
 2200 5200
12400 8900
 7900 3700
 5400 9200
 7700 8700
 3900 7600
1520012300
 8600 4100
1520011000
 150012800
1100012000
 680012000
1510012500
 750015100
1340012200
 920015100
 710014200
1360013800
1420011000
 350014200
1300011900
1390013100
1120015000
 7500 9100
 360010400
1110014200
 860015900
 700010800
 560012400
1040012100
1600010600
 310010200
 640013400
1730013500
 890015400
1010013900
 730012900
 570013500
11500 9300
 610014800
13000 7900
 350010000
1110014900
1130011900
 370012200
1360012100
1000011300
1010010800
1090012600
 990014900
 590012100
1360013500
 980011700
1100010400
 420016700
 600014400
1180010200
 950017000
1080013900
 910015600
 720017000
1310013700
 530014800
 490010900
1380015500
10200 9100
 670014500
 580015300
 540014300
1540018100
 8800 9500
1280016700
 270018700
12600 4100
 7900 8400
 9800 4400
 9200 6600
12300 6400
 9800 6300
13800 8100
 3900 7600
16800 5900
13600 6000
14800 6100
 8500 9200
 8100 6600
14700 5200
1300012100
 9800 6100
 9700 9400
1150010500
17400 6000
 4200 7000
 9000 4900
18000 9800
13500 6500
10900 7900
 8000 9400
 9000 8800
1670010400
10900 5900
 9800 9000
 630011100
 330016800
1740012500
1360011500
1060014700
1450010000
1140015900
 930016000
1410010900
 830014400
 970012200
 200016000
 780012300
1320012700
 810020400
1380012000
1190017400
 780018100
 950013200
 880012500
 350013300
1060018000
 900013500
 4100 9800
 920017500
 580017100
1710016400
1060013300
1660015100
 350017200
15400 5500
11500 8300
 6400 4000
16000 8300
16700 4500
 4800 2500
14400 7500
16200 3700
12300 7400
 9600 6900
 5300 7300
13100 6100
 8600 5600
 7500 6900
 8000 4300
12600 5800
17900 5700
 4900 7500
 8100 5000
19300 3800
 8800 6600
12300 9900
 9900 3700
 7500 2600
11500 8700
 7700 6100
15200 7700
 5400 8900
1190013300
 640015200
1490011700
1330014700
 700016100
1040010600
1200014500
 750013800
 510014000
 440010700
1030013700
 550019700
1070010900
 900016300
 870016700
1320012200
 650010700
 330013800
1470017200
 610014900
 780010800
 820016600
 320016600
1330014000
 700014400
1560012900
 150014900
 590010100
1610012100
1650014400
 510011300
1410013100
1590011200
11900 9900
 930016200
 510014100
12800 9900
 810016000
 780013600
 800014900
1230016400
1760013300
 510014500
 780010500
1900014700
 8300 8700
1200014100
 970014500
 710013400
1120017700
 7400 9200
1540016300
 510018200
10100 6900
10300 7900
 7000 9700
15700 5100
 9500 8200
12900 8500
 5200 7100
 8100 4100
14000 8200
1150012900
12300 4600
10900 9500
 8800 9800
14100 5600
 6700 3900
 6600 7800
1430010500
12200 9400
 7400 6700
 7600 9800
 7500 9900
17500 7300
11000 8900
13200 6100
 4800 8100
1280012500
 420016000
1610014100
1250015100
1390017200
 750010100
 750012600
1400016400
1230016700
1000013100
 940013400
1050012500
1640012800
 420012300
 810015600
1700014600
1280017700
 990015900
 720014000
 810014900
16400 8400
1030017100
10100 9800
 5400 8300
 980012900
1320013700
1330012400
 780010500
 650017200
 700014800
1320010600
 300017900
1330014300
1180016300
1080017700
1400014200
 930015200
 470011400
1570016200
 3900 9300
 900014700
1100016000
 590015000
1540018500
 9600 9900
1840017200
 420019100
16700 1000
12000 5000
14400 4100
 7400 5800
 8500 2100
14700 4000
1290010600
11300 1900
10500 7400
10600 8000
16300 3200
 5500 2300
 8300 4100
16700 8100
13500 5100
 9700 2500
 7900 7600
 8700 7400
17500 6300
11300 4700
11300 5000
 6000 7100
1030012000
1130014100
 470017000
 590016000
1180013000
 980016000
1040015500
 880015000
 760016600
1360014700
 490016300
 520012400
1430014700
1040012900
 720017600
 540014600
 560013500
1520018700
 870012600
1230017500
 290019100
14500 9900
 980011000
 7000 9900
14300 8600
1210012200
 6600 9500
 8000 9900
1260011200
18600 8500
 220010200
 9400 7400
1960010100
12400 9400
1240012200
 8800 9700
 8800 9000
1470012500
 9600 8800
1160011300
 640013000
 230011900
 7600 8700
13100 7900
 760015400
13700 8200
1180012600
 790013500
 9400 8700
 8800 9000
 3200 8200
1100013100
 8500 9000
 4500 9000
 930012600
 560012100
1690012800
10400 8600
1670011400
 330013500
 3900 6700
 9500 6400
 7600 4900
 9700 6500
 7800 2800
 7600 4300
13200 5100
 4900 6800
 3900 5300
14500 2600
 8200 7100
 7400 9700
 6100 2300
 3500 1700
13300 7500
 6700 6600
13500 6600
  900 7600
1450010800
1250011400
 7500 7400
 8500 8100
12500 7200
18500 7200
 2500 6600
 950010000
19400 9200
1290012100
1220010000
 8600 8700
 9000 9500
15300 2900
1000011500
10800 4200
 6500 3000
1160015600
1060012200
 950013400
 950014700
1530011500
 480013000
 7200 9400
1590013500
1230011300
 880014500
 670013100
 750012400
1640015700
1010010700
1110014400
 470016200
13300 7600
11400 7800
 8100 9300
10500 6900
 8500 8400
 2400 4300
12200 7500
 7400 4200
 5600 9200
 9300 7300
 4900 6300
1620011100
 9700 4100
16800 9800
 280011500
 8100 9200
 740010700
13000 9100
 510010800
 3600 7200
14200 8900
 8200 8100
 710012400
 6200 8800
 3400 7700
1360012900
 7000 7800
1370011800
  70013300
 9800 5400
1580010100
 290011300
 710011500
16600 7100
1140013600
 950014900
 6000 6900
 6900 8100
14700 9900
 870013000
10200 9800
 4200 9700
15700 8800
 5900 9600
 7900 6800
1610012200
13200 7300
 9100 9700
 780011800
 840011100
1750013100
11300 6800
1190011700
 570013800
 300011700
 730010900
1680015000
1170012700
 960013200
 620014500
 710014100
1500015000
 900012100
 990013600
 450015700
 6500 6000
15800 2600
11200 8100
 8700 9500
 5600 2100
 6500 3100
15100 5400
 8900 7500
10800 4900
 3800 5400
12300 7100
 7500 4400
 5400 5500
 8600 6600
 4300 6100
15600 7500
 9100 3800
16100 6100
 2100 8100
 930015000
1320018900
1070013000
 840011900
1240018200
 860014600
1590017200
 640018400
11300 9100
 9300 6800
 6400 7500
10700 3900
 6800 9500
15300 3100
 4500 4400
 9500 5200
 7400 5800
1150010400
 760011500
1470010100
 530010200
 810010200
12500 8400
 8300 9300
14300 7100
 6000 9200
15600 9400
10000 9300
19100 8800
 5000 9300
 860012800
1380018100
 180019700
1610010400
 310012200
 310019100
     0.900