    1   41    5    0    164800
 9400 7400
1300010000
 460010400
1440010000
12300 7900
 5600 9900
1060011100
 3100 7500
 9700 7900
13200 8700
 5300 9100
 6500 7800
1030011400
 5000 8000
10900 9600
 4900 7900
14300 8300
 8700 6100
 6300 9200
10500 9700
 5700 7800
11600 9900
 940011500
 2600 9700
 890010000
1180010300
 7400 9100
 8100 7300
13100 7500
 8300 9400
12500 9200
 380012000
 8800 9700
11800 8400
 2400 9400
11800 7600
 990010900
13200 6200
1210011200
 6100 8300
19300 6700
1110012100
12900 7200
18800 6700
10500 8800
16700 9100
 7800 9000
 8000 7800
10100 6400
 7200 4900
11300 7500
16200 7400
 2000 7400
14300 6400
11300 8600
14900 7600
10600 6000
11300 4300
14800 9700
12100 5600
18100 8000
 3100 7800
 7400 6900
10600 8600
16600 8600
13500 5000
 4100 6900
13400 8900
12200 9100
1820010700
 4600 7800
1470011400
12400 9800
 610010900
14300 4700
16200 6600
13600 5900
1660010200
 9600 9900
1020012900
 920013100
1770016400
1090010800
1470011800
 510014300
 860011400
1170017100
 510014800
1050016200
1640015100
 560011700
1000013600
 950015900
 960016800
 900014300
1220015500
11000 9400
1140016100
1670012100
 830014700
 530013200
 680018400
1270018800
1060014800
 840015800
 840012000
1220010100
1860011600
 330015700
1480012700
 720015100
 570015200
1040014500
1390015500
1210013900
1330010100
 510012200
 8600 7300
17800 9500
10600 5300
14800 6700
 5300 7500
 7900 4600
1080010200
 5000 8400
10300 9300
16200 9300
 4800 5200
10600 7600
 9600 9000
10400 9900
 8700 7400
11900 9100
11500 3500
11300 9200
16800 6400
 7400 9100
 5400 7300
 710011500
1320011900
11000 8400
 7600 8900
 9100 5200
11900 4100
18400 5400
 290010000
14600 6600
 8000 8300
 5400 8600
10800 7800
14100 9500
11700 7000
13600 5700
 5800 5600
1290012800
 590012100
1070012300
 270014200
 910011600
1260012900
 4600 9000
 580013400
1110011100
 460011000
10400 9700
 530014300
1370013700
 800011300
 6900 9800
1020013300
 630011800
1210011100
 900011400
 220010000
 820014900
1160015000
 7600 9000
 770012800
1240013400
 790012500
1320015100
 310011700
 950015900
1110015100
 180016100
11200 9700
1020010700
1250010900
1180013400
 570014400
 920011100
 980011200
 220014800
1190011300
1540014300
 650010400
 920014600
1230011000
 800010600
 8600 9100
 400015200
1320015000
1030012200
 920011200
 780012500
 630013200
1150010000
1210011000
 3000 9100
 890016300
 820016400
 440010400
1110013900
1300013500
1150011800
1460015000
 550011700
1070016000
1080015700
 520016600
1120011000
 770011100
1480011700
 970012400
 330014500
1150011900
 3700 4900
13400 8400
16900 9100
 800010400
10900 7400
1360012700
 9700 8800
 900010800
 5400 6500
13500 8000
11800 7300
1070010500
 8300 9700
 7400 8600
1280010900
1370012800
 460010800
10000 9500
 710010000
 340010500
12700 7400
13900 6500
13300 9700
16000 7500
 690013300
12000 7500
11300 5800
 6900 6700
12100 8900
 830012300
16200 7600
1080011600
 3000 6600
 640014200
1040010200
1350014500
 760011100
 930014500
1100011600
 4000 9600
14100 9900
 810014900
1690014900
1080012100
 590011900
1390011200
 750013400
14400 9200
 870011400
 5900 9500
1150016400
1520016600
1050011000
 690013900
1540012500
1010010400
1280013900
 550012300
 950015000
1430015100
 440015900
1470011300
1290011800
1480011500
1550011100
 940013500
10100  900
13600 6200
 5500 3800
 6800 5800
10300 5000
 5500  600
10500 3100
 4400 6000
14200 6300
 8900 3500
 6500 4500
10100 2500
 5400 5100
11100 2500
 9900 4900
 2300 2900
 8900 7900
11300 8200
 6800 3800
 8600 5200
13100 3300
 8800 2000
12500 4700
 4000 5700
 8700 5700
11700 6000
 2700 6700
11700 3300
 9300 5000
13400 3000
11700 3600
 5800 4300
1620012400
 7300 8100
1110013100
15000 5900
 9300 9500
 7400 7100
 670014000
1150013400
1120010900
11800 8700
 740010900
 900011500
14200 7900
13000 5500
 4600 7100
 890014500
 710014600
 5400 8000
1240012500
1240012400
1340010200
1730013900
 6300 6500
1340014900
 950014600
 690015500
11000 9400
10100 6800
1550010500
10500 9900
  90013400
 400012200
 590011600
1170014200
 420010300
1030012300
 580011600
1320012200
 7400 9800
 750012500
1020011700
 700011600
1270012300
 840014300
 220012300
 770013800
1180014200
 810012200
 720011200
11900 9600
 780011400
1390011400
 240014800
1010012100
1060011600
 130012400
1090010900
1070013900
11800 9600
1180013300
 560010600
12300 7900
17600 4400
 9000 6300
 8800 4200
 9600 9000
 8100 8100
11400 6100
13900 3100
10000 8500
12000 6000
17100 6000
12000 4900
 6300 4700
 8500 9000
10800 9000
 9200 3100
11900 7300
10600 8600
14400 7700
1990010300
 6000 4700
1600011100
 680010000
 790011100
11000 4500
13500 3600
15100 5900
12800 8300
 2800 9600
1630011200
 430010200
1130010000
10000 9200
11200 8000
 8900 7700
11900 8100
1210012400
11600 6000
1710011300
 670011600
 580010400
 7700 8800
13900 8800
11500 8700
 7000 7400
 990010800
1190011900
1840012500
 300011600
1480012900
 880010700
 550011800
11400 7600
1460010400
11800 8000
1420013400
 650011600
 520010600
 970012500
 4900 9000
1320010200
 7900 9200
 740012300
 940011700
 630010500
1180012700
 940014500
 140012600
 780011800
1090012200
 710012200
 8200 9400
12000 8500
 860011600
13600 9900
 310015000
 980010100
10600 8600
 2300 9500
1070010700
 970014000
12500 9400
1100013500
 5000 8900
 9000 4100
 5600 5800
13500 6500
12000 3900
11000 5500
 8400 1300
 7600 5700
13000 3200
13800 5800
 4800 3900
10200 8100
 7000 8500
 3400 4900
12900 5500
14000 2300
13500 1300
16200 3200
 7100 6700
12200 4400
11300 5400
 7100 5900
12200 4200
 8500 6100
16400 3500
10900 3200
 3000 3100
 540011000
1220012800
1050012400
1050015400
 680012300
 770013700
1290014700
1240017100
 360015100
 860014100
 710014600
 480015300
1160012400
12500 9800
1230012700
16000 8600
 560017800
12000 7400
 9900 9300
 5900 8400
1070013800
 890016900
1490012500
 950014500
 2000 8800
1400010200
 8300 7500
 8500 8500
12500 2600
 9100 9200
15100 5100
 5900 7800
 4700 6200
 890011800
1420012100
10700 7700
 4600 9100
12400 5900
 9200 3000
15300 6300
 2600 8800
11800 7500
11500 9100
 3200 9500
12400 7500
13300 8500
11800 7000
14200 4000
 7700 6500
1250013400
 800014700
11100 8500
 390015200
1060011300
1380014000
 520012400
1180017600
1090017900
 390013900
1250014900
1600011200
12700 9200
1270011000
 770015000
 870012100
1410014300
 660014500
1420013600
 720014700
1710013000
13000 9500
 660011400
 590015400
1350011400
 740014100
1420014100
 840016700
 550014700
1100014900
1490015400
1020015100
 670012900
15000 9600
 970012000
12800 7900
 510017400
 9500 7100
1390010200
 4000 9500
1430013900
1270016700
1440012500
1510013500
 9100 8600
 7300 7500
 860010000
13800 9900
1290012400
 440010400
 900011200
 670011700
 500010800
12200 9000
12600 5300
13200 7900
16900 3800
 620013200
13000 4100
 9800 6800
 6700 6500
11000 9600
 970012400
15400 8300
10200 9600
 1300 4300
 640011300
11500 8600
10800 7000
 1600 7500
 790014400
 920014400
 5700 7900
 980012400
1210012600
1030010800
1430014200
 4200 7400
1040015200
1020014700
 390015600
10300 9300
 8600 6900
1350010500
 950010900
 360013700
15400 6100
12900 8500
 5300 6500
 8800 9400
 8400 9800
 6800 7100
12500 6800
11900 3200
14000 4400
18500 4400
 6300 9300
14500 5500
 8600 6300
 7500 6800
10900 6100
11500 8600
15500 5100
11300 6300
  600 4100
 590014800
 540013300
 980019100
1490019400
1120014900
 430016400
1330013100
 960010200
1510013400
 360015800
1170014600
1240016300
 370016600
1330014700
1370015500
1280014300
1490010500
 850013600
 4400 6100
 9000 8100
13900 8300
10300 5200
 5100 5700
12600 6700
 8700 7200
14700 8500
 2800 8100
11200 9200
11700 7900
 2700 9000
12400 3600
12800 7000
12000 3800
13900 8700
 7600 7700
 9500 5800
14300 6200
10500 4600
 4900 3200
13200 2500
 9000 4400
14500 4300
 3300 7300
11000 4900
12200 3900
 3100 4800
12900 3100
13000 6300
12600 1800
14400 6200
 8100 3400
1540011300
11500 5500
 4500 9600
1410011000
1000010200
1490012700
 4300 7400
1150013500
1310012300
 420013400
14000 6800
14000 6200
13500 8200
1540010900
 910012000
 560012400
10100 8300
1170012300
1090014600
1510013600
 430015200
1110013500
 970010400
 440011300
 990011000
 890014000
1360010600
 880016300
 290012700
10100 7900
 9300 7600
12300 5300
17800 9100
 4000 2300
1400010100
 6600 9900
 570010800
 8900 4900
12000 2500
13100 5900
11200 5100
 2400 8600
11800 4600
13200 7800
17500 5800
 590011100
13500 5900
 8900 4100
 6700 5000
10500 6800
1050010100
15100 5400
10400 9700
  400 4900
1370013800
1660014500
 720013400
1260014900
1120012800
 730013900
12200 9500
 890012200
16500 9900
1100015200
 270013600
1010011300
 740014000
 700011700
1570010000
 590011100
15800 9500
1170012900
16800 8200
1560013500
 970010400
 600015500
1620015500
 650013200
 800014300
1120011200
1400014300
1500011000
1320016700
 340014300
 8100 3600
16100 4200
 6200 4700
16300 4300
12700 7000
17000 3200
16400 5100
10500 2100
 7700 8800
 5400 8300
 880012400
1080015300
1330011100
1000012600
 1800 7200
 300012400
 9100 9100
1070010000
11500 8900
10600 7000
 4000 9600
10200 5200
11400 3500
14800 5900
10900 4200
  700 8200
 860016700
1630012000
1090016300
 280010700
14500 9800
11500 8300
 160011700
1520014700
 880012300
 6800 9000
     1.301