    1   51    5    0    183800
 8000 9700
 9900 8500
11900 8900
1250012000
13300 9200
 6700 8500
14300 5300
 7800 9500
 760010900
10200 7000
 5800 9700
1180013300
17400 9500
 5900 7000
 930010100
13800 9700
10800 5100
10600 5600
 630010100
 730010700
1090010200
10800 8800
13700 6500
10400 9300
1630013300
1920010100
1470010800
11600 8000
 6600 9000
 740011100
1150010500
10300 9600
11800 8400
1100011900
 6400 8100
16800 8500
1120010300
 7200 8200
 960010000
1690012200
1330010000
14100 9000
1350011200
1070011400
1410014500
 590011100
1220010600
 5500 8700
 820013800
 470012000
1300010400
1120010400
 8600 6400
1060010700
1070010000
1690013100
1170016300
 870011200
1090012300
 970014700
1230012400
1650014100
 260011800
1310016800
1320017000
1000013400
1440012800
 7900 8400
 8600 9100
 930015400
 990013600
1070012900
11100 9900
12700 8500
1840016400
1480016300
1080010500
1040013800
11200 7700
1530010200
 990015100
1020014500
1160013000
 640011600
1950011400
 9600 8100
 690011100
 8700 9000
15600 6300
1290014600
1720011100
1470011100
1270015700
12500 7400
 970010100
 870010800
 730010700
 820014100
  800 8600
 5900 8600
11900 9500
 9300 4900
12500 6100
14200 6600
1400011600
 600011200
 6400 4700
1100011400
1370013600
1110011100
 7300 7600
1400012100
1090011700
 4700 7100
15100 6800
 5200 8400
 7400 9900
 480012100
 540010400
10600 5200
15400 8700
1420012000
1310012100
 960012700
 5500 6100
1060010600
13800 7900
1790010300
 640011400
1280010300
 720012700
 7800 4300
17100 4200
13800 7800
 6300 4700
 7400 6600
10400 9800
 760011600
15400 4500
1170011400
1110013100
 900012400
1020010800
1050010700
 5400 8700
 330014600
 580010900
 910010600
 920010100
10800 8600
15700 6800
12000 5000
 7300 6700
 9300 8500
 9600 3800
11700 8500
14700 3600
 3800 5900
12900 5500
11500 5900
 8200 6500
14100 6500
 6500 8600
 7400 8000
 7600 4400
 8100 3300
 9500 8200
12200 7000
1230010300
16600 5100
13000 5300
 9000 8100
 9900 3300
1160010500
15700 7000
 8200 3900
 9600 3500
 9900 6600
 5600 9300
18300 9700
10400 9500
 5400 9200
 6900 9900
1380010600
11100 4000
1620010100
13300 7000
11600 5400
1070012000
 9400 7500
 8100 6700
 6000 6200
 6400 8300
 2400 9100
10200 7600
12100 7200
17900 9700
1310014300
 960012500
11500 8300
1100013700
1350015000
1650013200
 3900 9600
1450014900
1380014700
1020010200
15800 9700
 8800 9500
 960011100
 930014400
1010012500
10200 9000
1240010000
1170013200
1840014800
1510015200
10800 7500
1170012700
12600 9400
1660011500
1040013800
1120012800
1220014200
 7500 7600
20500 7700
11000 9000
 7700 7200
 9200 8100
1560011000
1310013800
18300 7800
1560012700
1380015200
1260013600
1100012100
 810012100
 830010200
 860016000
  80012000
1090011500
1750010100
1180010000
 9400 9900
1160011600
 9900 8600
1290012000
17100 8200
 3200 8800
1350010500
1390010700
10700 9900
14800 9800
 850011400
 920010900
10000 9400
10600 7400
1120011400
11000 9800
1300013300
1910010100
1540010200
1150011000
10700 7700
1130013300
1540010000
10600 8900
10800 8200
1230010400
 700012300
2000012700
 990012300
 750012100
 930012700
1630013400
13600 8700
1770013000
1540010200
1330010200
1320015000
1000010500
 9200 9800
 7900 9000
 890012300
  60012000
 990010300
13100 9400
 4500 6400
 400011500
 9900 7300
14800 7900
13400 6800
 9700 8600
12100 9800
1310010300
 800010100
13300 9900
 2800 9600
 7300 8300
 9100 7900
 9000 6900
1450011400
16500 8100
1800010100
14500 9300
 9200 8800
 680010300
 8300 6900
1310011700
17100 7200
 8500 7900
14900 8000
 5600 6300
 920012000
1300012300
1560010700
 800011700
 990011600
1430011200
 8300 7000
1160012500
 9700 6700
 9200 7800
1300012100
 7900 7400
14100 6700
 3600 7700
 3400 8200
 8600 9100
1230010100
 6400 9500
 660010400
 9100 9000
1580011800
16200 8500
11000 7500
1090010700
1520010800
10600 8800
12100 8600
 430010200
 840010000
11600 9700
11400 7800
1670010200
16800 8700
2000012500
1730010400
1180010600
 9500 9600
 6800 8000
1240012000
16300 9300
10700 9200
16200 8300
 840010400
1030011000
1040011400
1660011000
 960010800
1180011400
1700012300
11100 9100
 880011700
11700 9800
 980010600
1540014000
 6200 9900
16000 9300
 4600 7900
 620012300
 990011200
 6300 6900
 900013300
 630010800
10600 7500
1610010300
 540010800
 970013300
1240013800
 940012600
1090012300
 5200 9800
 6000 8000
 960011400
 950010200
1270013500
11100 9000
15500 8600
1780012800
1350012300
1030011600
 680010300
 870011800
12800 7400
 890011500
1100011400
 9800 8000
 520013400
1620013600
1090010900
 590013000
 830012100
1560010500
1200010600
1370013700
12300 6600
 970011100
1280010600
 6200 6900
11400 7100
 4400 9200
 6900 9000
 4400 8000
 500012100
 8800 6700
14100 5000
14100 6500
 9100 9200
11100 8900
12900 9700
 830010600
1220010500
 2000 9800
 6500 8100
 9300 6900
 9100 7100
1440012100
15600 8400
17800 8900
15300 8300
10100 7400
 760010900
 7300 6900
1210011900
16100 7100
 8400 7400
14300 8000
 6400 4100
 850012600
1260012900
1490010900
 750012200
 950012000
1460010900
 9200 6400
1100013100
 9400 6000
 8200 5900
1300010900
 6800 6900
13800 6500
 2700 8200
 4100 3700
 8000 8400
1190010200
1470011200
10300 9700
 8200 6200
1480011500
1180011300
 5100 6700
15900 6200
 5800 5500
 8300 7200
 500010900
 6300 9000
11100 5400
16300 6300
14600 9000
1220011300
 910011700
 4600 4000
11400 9200
14700 4800
18800 7800
 720010400
13700 9300
 720010600
 8700 3800
17400 3600
14700 4700
 7200 3400
 8300 3500
 9800 6600
 690010300
15900 3300
12200 9000
1180011700
 9700 9200
10900 8200
11100 8300
 6000 6500
 310012300
 6600 8000
1220011200
1260012100
 6300 9500
1240014700
 940014800
 600011100
1350010500
 4200 6300
 5900 7400
 630013400
 600011600
1080010400
13900 7900
14200 7700
1440014400
1040014400
 6900 8100
 910011800
12100 5200
16200 8500
 550013100
1160012400
 720011400
 6300 9100
16200 9000
12500 5700
 4800 8700
 6100 6500
12100 4800
 880012600
14300 8700
10800 9500
 980013800
 9600 7200
 8600 8600
10300 9100
 4100 8600
 380012800
 5000 7300
1580011300
 300014500
1340011100
1270011900
 930014800
1470014900
 760017100
 840016300
 860010000
 920011800
1000016600
1180015500
1210018400
1770010600
1420010000
1010016700
1050011600
1170019100
1580015300
 940010300
1000011400
1110013800
 630017900
1930018300
1000018000
 650017700
 810018500
1490019100
1230010800
1710018700
1440014900
1260011000
1180020300
 990015600
 800014800
 700014800
 760015100
 110017300
 310013300
1240016400
1340016900
1040015200
1370014800
 770012000
 840010300
 990014600
1030013200
1160015900
1010011300
1370011400
1880016000
1500015500
1130013900
 960013300
1020014000
14300 9800
1010014600
1020014400
1170011600
 620015700
1910015900
 900013100
 690015300
 890014400
1610012900
1330013800
1660016000
14600 9800
1240014600
1300013300
 8900 9200
 9700 9800
 700011600
 840012900
 160010400
 8100 9800
13400 9300
10100 4700
 9200 4500
 4500 7300
 6300 8600
10600 9800
10300 8200
14300 2900
12700 7200
1730011000
18100 9800
1330010400
10500 4800
 4900 8400
 8500 7500
12500 8700
 9600 9200
12900 8000
 950010800
 7000 3700
14500 4000
12800 7100
 7100 4000
 9600 6200
16300 9100
12100 9400
11800 4500
11900 9800
 890010900
1390011700
 4400 9300
13200 9100
 3700 7000
 690012800
 6400 9700
1470011900
1100012400
 920012300
 470012100
 750010700
11700 9100
11400 8900
1590013900
1450010600
1900012200
1860010600
13400 9900
1090012900
 4000 8800
 960014200
13500 9600
10600 9500
14700 9900
 9700 7300
 880014500
1300014800
1470013200
 860014200
1100014100
1730013600
12400 8500
1010015000
12200 8800
 9300 8700
1510014200
 3500 9700
14900 9000
 420010200
 7300 8900
 820011300
 790010300
1460010400
 390014100
 830014300
 900013100
 920011600
1480012100
1750012900
1830016900
1350013100
 800013700
 570012600
 960011800
1440015600
1840013800
 890012400
1570011300
 530014800
1010013400
1380013800
1650014600
 880013300
1040014700
1400016300
 730012800
1260014300
1070014400
1040014200
1310018300
 920014400
1450013900
 480012200
 290016700
 930015600
13400 8800
 5800 5300
 6600 5000
 760010500
 7900 8700
10200 9500
12000 5100
13000 7400
1650011600
1270011500
 8900 7300
 9200 8900
11000 7400
15100 5700
 780010300
 9400 9700
 9400 8700
 4900 9000
17600 9200
10300 6500
 4700 8600
 6500 7600
13800 7000
10900 9700
15400 9200
12600 6900
1080010900
10700 8700
 8600 6100
 8900 6300
 5300 5900
 610010300
 2900 6100
 550013000
 670011300
 630014600
 660013700
 960017000
1330012400
1290010500
1520016100
1150015400
 760015100
 980013700
1210014700
1630011000
 670014800
1070014900
 850010800
 600016900
1740017000
1170014000
 480016400
 570015300
1240013100
 960013900
1540017000
1210010200
1080014200
 940012400
 930010400
 900010700
 520012700
 490010900
 380010600
 7600 2500
 5300 7000
 6200 5100
 9200 6200
14400 1500
12700 5100
14400 8000
11000 7900
 6800 4100
10800 5300
13300 4900
17400 2700
 7000 6700
11700 6000
 8500 5500
 7100 5900
18000 6100
12700 3900
 5900 5500
 6800 4900
11600 4800
 9000 6200
16200 6200
12600 3900
11600 7400
 8500 6500
10300 3200
 9000 3200
 5900 2300
 4700 7300
 4400 3800
1080012200
1060011000
1440013200
12300 8600
17300 5000
1850013600
1380013100
1100010900
 500011000
 8000 9700
12000 7500
 990012300
1280012100
10000 8700
 700012600
1500012700
12600 9300
 730012100
 970010600
16600 7900
1250011400
1220012600
12400 7300
 940012000
14100 6700
 4400 6900
13100 7600
 4200 9100
 7300 9000
 6200 6000
 9700 8000
12300 7600
10300 5100
14900 8900
1830010600
1410010800
10700 5600
 7700 8200
 8800 7300
12900 6600
 9300 9500
10400 8600
10500 9200
 5100 7400
17200 7600
 9900 6300
 6100 7000
 8400 6800
15800 7800
12500 9200
14700 7800
13100 7700
1070010600
1280010000
 7000 7100
10800 7000
 5300 5200
 740011000
 3500 7600
1150010700
10200 9200
1360012300
18800 7200
15000 7100
1120010500
 9600 5300
1030012800
14400 9100
10100 5900
10200 5900
11700 8400
 620011800
1910012200
 890011700
 690011600
 890012300
1610012800
13200 5700
1660012500
14600 9000
12400 7200
1300014100
 9000 9500
 9600 8800
 7000 8500
 840010100
 160011100
1740010200
16600 9900
1130014700
 710014300
 370012900
1120012100
1510012800
19200 8800
 800013400
1500013200
 590010200
 980014600
1620014800
1600012000
 820014200
 950013200
1180011600
 530012500
1490014900
11700 8400
1150013200
1140011900
10700 8100
13000 8700
 580010500
 180011300
 8300 9100
1860012400
1780014500
1270014500
1020011300
 470011800
1000012400
13900 9600
1000013200
1440012600
 900012200
 840013000
1270013300
1450011400
 810012600
1050012200
1660012200
1170012700
1000013400
1150010700
 860014000
1450013900
 420010200
1450010000
 3500 8900
 660014000
 800011100
1390013400
 830012700
 600016300
 970011800
1470017900
1870013400
 940012300
1620012800
 590011300
1060017900
1360018200
1700016900
 930017600
1100017700
1460017400
 770011300
1240018500
1120012700
1070011500
1370018100
 930013500
1510012800
 520013700
 350012800
 980015200
1370012200
1080015300
 600010400
 800017300
1210013200
 950011300
1190011500
1000012200
 610016700
1570017100
1160016200
 660016500
 910016900
1620017100
1240010500
1310017400
1240012900
 960011700
1350018200
 530013500
1220012800
 440013000
 720013900
 520015200
 570013300
 9100 8300
1330014900
1740010500
 7200 8300
14000 9100
 4700 8100
 850014700
1440015100
1490013900
 710014500
 880014700
1280014500
 7300 7500
1300015400
 9600 9700
 9500 6900
1150015100
 870010600
12800 9900
 380010700
 2100 9100
 760012300
11000 4300
15300 7400
19300 6000
 8500 4900
15600 3800
 5600 7200
10200 5100
15600 5600
16500 6600
 8700 5100
10200 6500
12800 8300
 5600 5200
14300 6000
11600 6700
11400 6700
1230010400
10500 6600
13800 6100
 5700 4400
 2000 9100
 9000 7700
1320010300
17000 9000
12400 6900
17700 5900
10000 9900
11800 7400
10800 7900
18000 9500
11200 7500
13400 9200
1860011300
12500 7500
 8500 8300
13400 9600
11400 8800
1700013400
 6500 9600
17500 9100
 6100 7400
 780011800
1140010800
15900 6800
 750010400
13500 9800
 6100 9300
 770010500
1360010700
14100 8800
 660010100
 8600 9700
13800 9600
 8800 9900
1180010900
 8500 7800
 790011100
1210011200
 7100 7400
12800 7100
 2300 6200
 360011100
 7200 8400
 940014200
1530013000
 700016400
 940012600
1170013000
1580014800
 850012700
1060014400
1550016600
 970014500
1020013500
1040015700
 890016000
1400018900
 670015600
1480015100
 360013200
 480018300
 900016500
12500 6700
 620011100
 710010600
1550011100
1340012000
 570010600
 720012000
1190013600
 8000 8400
1380011500
1010011100
 9500 9600
1010015500
 860011300
1120010700
 3800 9400
 290012900
 600012700
1260011400
 880017000
1700017300
1350016500
 940016700
1190017200
1910017200
15200 9400
1390017700
1500012700
12000 9400
1640018100
 490013500
1460012700
 690013200
1000012600
 690015200
 9100 6900
15100 7300
15400 7700
 7600 6700
 9100 7700
12300 9500
 6400 8900
13700 7700
10500 8900
1040010400
1150011700
 9600 8500
12900 8200
 4700 6200
 120011800
 7900 9300
1120013100
1640013500
 980012700
1210013800
1770014700
12200 6800
 820013600
1240010900
10000 6800
1590016100
 510011500
1620010700
 480010400
 720011100
 980013100
 880011700
 650014600
 850013000
1560011200
1280016500
1650015000
1430013200
1220017600
1250012900
 900012200
 930012800
 670012800
 800016500
 150011200
 430012300
 620011500
1350011400
1050013800
1510013000
1220011400
1050015100
1050013300
 850010600
 910010800
 4900 9800
 570014800
 330010800
 9700 7200
15500 8800
10500 8200
10500 7200
10300 8100
 7600 9700
1350011000
 5400 7800
13800 7400
 2500 5400
 540011100
 7600 8600
1610014200
 9400 6600
1100013400
1170010500
10700 7500
1500015600
 840011000
1610010300
 5300 9800
 500011200
1060012600
1060013600
1710018500
1380011100
1240013800
1010016000
1070012000
 740011700
 680013700
 630011500
 300013400
1490011600
16200 8400
13200 6900
1740013400
 5800 8900
15400 8100
 8100 7700
11100 9700
 740010500
1210011900
1030012900
1570015600
 660012700
1640012600
 500014600
 6400 8800
1040013700
 930018300
1520017400
 390015900
1510015800
 420013800
 710019700
 860015900
 920014400
1130010500
 910010100
 680011900
 5100 7400
 490011900
 830011400
 930011400
 500013500
 6000 9700
 310012200
15200 6600
 5400 5900
 850010300
 8200 5000
 630013100
 2500 7300
 940012400
 8000 9500
  800 7400
 8400 3000
     2.302