2
50
51
11
27
9
24
15
53
64
28
22
35
9
70
41
91
74
42
4
69
74
68
37
75
32
35
7
39
72
82
29
29
48
43
25
89
74
39
30
12
50
56
93
78
6
83
47
16
17
47
73
0
0
500
94
31
39
1
94
26
2
47
15
53
21
54
19
28
82
8
65
93
65
56
7
31
89
29
12
54
28
62
35
50
72
25
65
36
30
72
87
89
13
59
80
24
9
35
44
98
36
4
56
97
97
96
500
61
50
82
10
9
64
51
23
85
31
7
41
12
37
21
84
76
77
56
17
19
95
48
24
83
19
33
44
28
19
13
88
62
59
5
90
94
57
31
91
29
37
38
30
44
53
96
73
23
23
47
4
500
88
34
84
34
5
18
79
25
16
82
77
62
95
26
57
77
55
70
76
88
4
9
53
31
61
28
24
24
98
78
6
8
4
12
79
24
50
38
79
60
92
94
21
68
62
90
62
29
29
63
74
91
500
84
27
66
56
29
37
4
10
56
55
21
90
75
1
87
90
47
56
37
50
81
35
17
13
90
85
56
54
4
67
75
91
55
22
49
48
19
72
94
45
24
97
5
87
47
86
47
47
21
61
12
83
500
36
78
87
38
91
53
75
8
81
81
66
25
14
27
90
68
98
94
18
30
2
75
53
91
31
45
75
12
11
90
24
56
50
39
71
96
71
72
24
84
33
42
77
57
97
59
59
2
85
17
48
56
500
91
62
5
68
91
41
30
24
97
80
38
49
65
78
61
95
65
31
93
15
63
19
61
13
55
48
94
41
98
76
92
33
96
89
43
32
31
41
50
53
20
25
88
57
30
30
45
56
40
72
5
68
500
66
72
13
18
22
63
68
98
53
22
76
68
51
49
24
64
14
34
10
3
55
19
47
70
74
27
38
29
39
69
1
84
11
11
67
94
21
85
87
24
93
57
30
6
6
74
18
16
8
9
62
87
500
18
32
38
58
82
56
15
87
86
63
18
75
30
85
66
41
51
27
99
85
58
93
63
10
4
25
76
20
77
18
1
90
99
47
33
16
75
89
69
67
37
68
67
67
3
17
7
32
52
36
39
25
500
30
12
37
64
31
98
67
41
19
45
46
71
51
23
45
66
39
84
95
20
27
70
65
69
18
42
95
99
34
90
4
62
89
69
7
26
8
41
27
79
41
80
80
92
53
89
89
7
27
84
51
75
500
13
56
94
89
87
66
67
49
8
69
34
75
47
81
10
3
90
44
90
32
71
96
23
77
45
70
41
86
78
37
7
96
53
46
77
28
14
53
68
57
73
73
21
29
37
86
29
96
48
81
3
50
500
94
98
13
79
51
83
1
14
79
39
13
31
87
82
29
54
4
60
38
23
44
37
38
80
21
55
31
82
53
14
8
34
46
65
72
72
22
56
18
55
55
83
25
52
96
98
15
64
70
75
7
36
500
63
51
40
83
96
69
11
23
23
54
84
20
10
70
8
90
80
76
75
71
90
43
11
60
16
7
94
26
25
54
72
42
99
9
59
30
86
85
13
13
45
93
26
65
64
77
93
30
39
18
57
32
500
93
10
67
84
84
80
45
1
92
77
61
11
39
44
16
45
51
34
8
93
63
75
98
34
28
50
40
47
74
69
76
95
45
1
95
52
68
8
8
72
1
34
77
71
58
23
80
97
32
62
9
41
500
75
48
92
77
62
24
28
36
39
98
91
83
91
28
49
74
70
60
3
9
1
31
73
15
30
38
83
13
69
78
14
41
25
86
98
89
27
27
63
57
79
60
70
48
53
39
42
21
28
61
95
37
500
10
3
24
15
43
2
45
97
18
32
5
25
90
58
53
94
15
11
9
75
41
44
9
42
23
72
58
72
88
41
30
81
64
25
62
99
99
75
41
70
70
83
78
78
80
97
72
25
1
90
12
92
500
82
99
28
1
21
85
61
6
50
59
13
4
18
1
90
84
92
80
18
79
99
17
54
99
23
78
64
27
59
58
44
66
39
93
45
45
1
43
96
95
25
24
31
92
44
41
76
3
22
89
57
94
500
53
56
51
97
54
67
10
4
88
48
54
74
50
78
49
39
93
25
59
69
74
25
43
10
89
55
5
42
55
67
52
32
66
71
71
12
36
64
95
36
41
8
71
74
9
19
45
35
95
20
39
59
500
83
10
62
79
9
20
18
3
65
44
46
35
78
9
79
8
9
2
72
70
41
46
39
92
17
91
91
67
45
24
44
68
96
96
30
70
8
10
20
53
46
94
30
44
86
80
82
44
43
5
38
3
500
21
4
53
34
78
6
76
99
69
29
34
46
52
48
11
28
96
17
40
42
83
1
11
11
19
85
71
31
17
60
44
86
86
70
74
59
86
14
95
57
11
89
41
16
44
50
37
54
97
77
82
3
500
94
36
75
1
40
90
32
90
63
62
27
28
25
71
66
90
77
6
36
15
47
51
33
68
65
79
78
54
66
1
7
7
8
79
5
68
15
29
64
25
15
64
54
27
57
72
6
36
58
25
9
89
500
60
86
37
82
6
78
60
52
98
29
6
56
69
49
13
39
99
38
18
92
44
57
16
25
38
37
16
61
56
25
25
90
70
52
61
82
29
72
78
51
21
70
68
42
24
30
35
49
25
30
5
34
500
45
3
36
12
6
53
37
55
66
98
21
97
37
12
37
74
22
40
78
25
35
95
51
55
71
47
82
42
34
34
55
23
73
8
12
99
75
67
1
97
60
28
95
86
72
57
16
10
87
56
65
57
500
98
12
44
30
30
66
5
46
68
96
2
26
82
40
29
20
70
11
29
45
81
80
46
20
88
16
43
8
8
78
30
85
36
8
74
36
41
31
79
8
31
74
99
79
61
28
15
65
2
72
20
27
500
24
27
18
90
38
81
98
55
43
72
40
73
71
4
68
77
69
77
67
51
13
13
52
8
53
88
90
90
71
44
37
34
10
33
17
26
10
47
29
58
68
75
20
71
47
56
7
29
92
58
74
56
500
83
6
93
96
45
44
7
50
26
74
89
97
85
86
97
73
84
34
89
78
31
79
19
3
93
63
63
20
83
14
30
5
63
98
70
57
61
81
34
86
36
63
51
20
89
30
74
9
78
33
82
90
500
40
47
67
12
77
45
61
48
35
70
65
94
20
6
56
88
24
87
58
14
59
6
41
98
77
77
96
60
49
44
96
66
68
9
14
34
56
37
35
34
97
41
87
51
89
94
11
45
9
65
8
89
500
57
50
46
17
2
11
27
16
46
13
74
90
75
22
31
42
87
67
74
34
43
15
84
71
71
53
92
13
45
83
58
55
35
74
99
95
31
31
14
75
35
69
92
40
81
87
23
39
63
25
16
23
500
80
58
29
48
52
21
80
75
82
6
39
7
8
56
98
82
68
51
45
35
33
87
1
1
46
13
87
26
90
43
97
46
17
11
84
74
73
87
1
88
80
14
39
51
81
64
78
32
63
39
67
94
500
97
92
10
14
57
49
83
81
65
33
69
73
75
76
9
64
47
33
84
61
84
42
42
82
37
63
89
10
18
31
92
64
69
65
97
31
96
42
5
94
54
14
10
84
51
11
64
10
3
39
79
90
500
96
43
26
17
24
54
57
24
61
76
40
9
24
43
58
26
44
26
7
76
70
70
14
52
65
59
87
19
85
65
33
44
53
42
28
24
16
22
32
71
76
67
4
98
71
53
97
50
77
47
3
24
500
18
37
84
80
63
43
27
5
46
97
57
64
85
80
29
23
87
4
51
61
61
41
74
96
3
20
46
45
18
89
71
19
7
9
69
29
31
41
37
1
92
79
76
9
98
33
54
84
30
64
6
32
500
41
39
33
7
3
63
34
2
76
92
12
35
23
6
33
90
90
39
78
78
5
67
58
18
92
92
27
85
59
27
88
43
94
69
12
55
67
88
75
92
48
46
31
48
25
17
17
94
25
17
57
4
500
16
93
20
84
79
72
80
97
34
87
55
57
35
97
38
48
96
71
71
84
84
2
84
40
48
13
50
75
5
99
79
75
58
89
82
56
88
78
9
51
71
73
73
41
91
28
6
71
3
88
7
30
500
20
35
90
95
77
3
14
12
71
39
35
50
84
3
39
72
92
92
64
76
95
51
98
50
76
69
65
83
22
50
58
74
84
96
4
8
53
90
85
36
45
16
43
16
83
32
40
67
83
78
21
64
500
60
30
77
33
7
10
72
52
95
57
27
68
67
67
33
55
55
72
42
56
98
69
6
34
19
49
59
13
57
19
56
3
59
76
46
58
53
22
52
8
46
18
26
74
17
17
99
29
26
55
73
69
500
15
8
62
46
42
54
6
97
96
96
73
91
12
40
93
93
74
35
20
86
15
55
35
97
92
64
22
65
62
48
16
32
32
46
28
47
41
55
18
13
13
28
62
19
40
52
29
77
17
49
18
47
500
27
15
85
61
49
65
16
97
55
35
84
43
87
6
6
68
89
42
17
22
95
48
42
6
72
64
45
72
6
19
14
66
38
61
27
70
57
76
19
59
27
36
32
97
19
37
39
46
87
56
10
30
500
3
82
96
54
47
60
31
14
30
62
95
83
2
2
81
26
81
26
52
25
14
66
20
5
55
22
95
4
16
25
49
40
72
56
13
27
48
43
62
39
16
97
73
20
90
55
30
95
49
20
3
6
500
12
20
34
84
39
15
33
25
82
78
70
45
45
70
69
84
19
21
89
71
55
30
8
64
96
68
46
46
4
6
45
7
69
73
44
83
99
26
49
71
7
63
60
43
87
59
17
43
32
46
61
39
500
67
37
90
43
69
64
51
31
20
52
27
27
9
21
9
20
53
58
82
18
52
9
80
67
69
37
94
6
54
92
40
30
91
56
66
75
10
19
66
26
54
16
64
79
88
14
19
65
40
24
19
45
500
10
56
13
33
40
87
81
54
86
9
9
49
5
31
11
73
75
16
21
62
82
67
62
67
48
10
23
32
98
4
18
33
97
76
33
28
36
17
66
82
71
38
34
6
57
86
40
41
27
29
67
91
500
4
74
85
91
28
96
46
12
44
44
56
31
15
74
10
95
90
12
20
91
29
38
5
90
77
26
25
45
95
80
84
45
75
27
38
15
58
57
23
99
92
73
44
69
1
7
91
90
96
37
62
1
500
11
22
63
3
51
11
52
55
55
70
62
58
76
97
69
1
37
44
80
68
64
55
57
9
7
45
40
58
50
46
12
63
33
42
35
16
5
82
99
71
61
80
27
36
67
22
4
65
84
34
84
49
500
67
37
19
38
11
44
39
39
93
96
12
6
56
63
95
40
72
43
89
33
45
67
15
81
28
13
73
99
59
20
93
14
35
90
55
36
10
44
85
42
8
47
41
81
12
36
8
88
82
13
67
75
500
73
4
7
89
97
79
79
60
98
76
8
89
42
76
92
7
63
59
91
71
72
43
82
72
12
52
3
91
97
33
20
66
66
52
32
77
48
21
78
87
65
25
57
81
60
19
38
29
15
62
78
74
500
29
9
28
51
9
9
43
9
77
12
87
12
30
99
38
16
74
4
81
34
47
57
87
14
58
43
1
50
41
41
35
87
82
82
62
3
14
57
77
23
16
18
18
62
23
28
65
72
72
63
11
87
500
13
71
44
71
71
46
94
73
5
41
21
53
55
1
28
87
80
20
73
74
5
76
36
58
35
2
35
26
47
26
90
58
98
19
42
99
60
21
23
1
96
33
42
98
84
24
79
5
84
88
15
27
500
30
36
12
12
41
56
90
29
99
21
66
32
52
7
24
32
8
4
20
42
15
79
37
48
18
42
64
28
79
64
80
31
96
45
21
65
3
87
53
45
24
42
5
65
53
67
66
25
12
39
97
48
500
85
34
34
3
9
39
33
6
82
61
85
51
63
80
47
35
92
26
65
70
6
91
66
51
70
60
96
27
39
98
29
73
27
47
86
53
5
86
74
66
58
67
16
53
65
70
47
31
76
33
33
23
500
90
90
53
64
60
45
35
18
77
96
52
38
52
90
15
39
7
98
49
78
16
15
62
29
41
52
73
10
27
73
13
65
76
92
31
77
56
15
15
74
63
65
92
96
46
38
15
57
26
79
44
74
500
500
53
64
60
45
35
18
77
96
52
38
52
90
15
39
7
98
49
78
16
15
62
29
41
52
73
10
27
73
13
65
76
92
31
77
56
15
15
74
63
65
92
96
46
38
15
57
26
79
44
74
500
500
