3
20
46
21
96
56
1
68
82
94
26
18
25
16
52
75
83
35
93
67
10
80
0
0
0
500
55
31
11
67
64
60
1
93
93
70
94
91
30
34
85
68
66
23
12
79
79
79
72
500
54
67
54
76
30
63
75
36
96
30
66
60
44
74
32
63
81
86
90
90
90
60
42
500
73
61
12
53
79
17
32
86
57
21
78
96
88
36
43
86
73
98
98
98
80
13
6
500
56
79
24
92
16
46
76
42
39
62
31
56
64
10
95
47
22
22
22
91
8
51
86
500
87
91
14
91
65
71
98
59
32
66
79
22
39
29
95
74
74
74
64
94
67
27
21
500
4
60
6
51
5
57
36
86
18
75
39
53
72
35
24
24
24
97
87
71
48
12
57
500
45
80
27
63
49
72
25
7
91
45
21
38
56
68
68
68
70
96
41
10
46
9
38
500
11
75
10
19
49
42
70
55
26
68
97
58
70
70
70
33
19
15
36
41
42
78
15
500
69
92
28
26
31
28
85
50
31
23
90
79
79
79
21
21
17
84
54
15
76
9
34
500
8
18
49
22
33
12
84
81
27
58
13
13
13
39
79
99
10
94
24
8
55
59
93
500
41
82
94
57
68
98
41
20
77
9
9
9
92
78
4
80
59
90
31
64
38
38
58
500
35
9
61
88
86
65
97
74
71
71
71
56
10
91
30
85
38
34
36
57
26
93
24
500
67
7
53
40
56
41
5
39
39
39
39
90
47
57
31
40
88
13
49
25
62
67
38
500
77
34
5
84
64
93
82
82
82
60
25
27
5
27
37
22
34
51
28
96
29
96
90
500
75
91
62
73
50
36
36
36
3
19
9
54
82
91
84
19
22
46
11
46
51
73
90
500
19
71
86
38
39
39
39
23
8
50
69
63
19
59
2
78
66
77
87
5
51
14
31
500
69
70
21
22
22
22
93
61
37
12
51
7
69
99
61
77
69
61
12
46
15
3
4
500
41
66
82
82
82
18
17
61
21
58
90
42
53
23
37
78
98
47
37
46
13
76
35
500
63
26
26
26
15
53
55
64
50
97
66
42
17
16
90
26
60
65
26
9
3
38
39
500
36
36
36
64
96
92
34
93
4
66
66
8
16
10
33
84
17
52
87
62
40
86
22
500
500
500
64
96
92
34
93
4
66
66
8
16
10
33
84
17
52
87
62
40
86
22
500
500
500
64
96
92
34
93
4
66
66
8
16
10
33
84
17
52
87
62
40
86
22
500
500
500
