3
30
51
30
71
83
73
1
33
9
93
27
1
87
72
58
94
5
81
87
92
1
50
62
14
32
43
97
20
43
32
65
0
0
0
500
85
69
4
78
49
84
38
71
43
24
80
20
72
32
97
5
36
90
95
93
39
28
23
65
30
49
12
66
10
44
44
44
59
500
97
4
70
11
77
67
88
9
28
85
11
24
8
53
54
52
62
12
96
26
23
61
60
65
34
72
38
3
15
15
15
22
10
500
27
92
22
47
47
75
40
89
86
22
17
48
15
2
6
21
41
9
18
35
11
84
91
22
62
7
44
61
61
61
22
79
64
500
86
30
67
5
57
82
66
82
43
63
82
90
1
98
8
91
59
59
52
77
41
70
55
70
83
88
83
83
83
65
90
47
27
500
4
10
41
58
8
37
2
22
15
57
18
69
37
3
80
87
36
41
28
66
53
18
97
76
23
44
44
44
52
68
73
30
83
500
59
14
54
87
59
59
11
25
61
9
54
12
86
86
80
34
51
73
66
28
93
81
57
63
8
8
8
33
10
55
96
57
66
500
47
48
72
29
9
28
46
94
48
60
91
50
87
74
78
13
24
96
89
79
63
97
46
17
17
17
23
98
39
40
36
4
76
500
48
31
87
58
43
6
90
50
2
31
71
72
51
70
51
60
14
29
8
47
74
26
14
14
14
10
86
77
78
39
7
92
73
500
84
8
75
36
87
31
6
67
34
28
17
13
24
71
12
42
24
87
84
78
54
27
27
27
16
7
13
48
66
98
54
51
54
500
42
17
94
81
73
65
19
80
3
86
77
83
39
23
2
44
50
92
38
19
27
27
27
51
74
61
68
59
1
26
30
44
37
500
61
1
12
13
78
53
99
95
34
30
50
81
2
30
89
35
11
80
48
4
4
4
7
26
5
21
49
52
28
90
11
72
89
500
64
77
64
41
8
6
17
34
81
92
17
19
60
38
52
18
78
1
64
64
64
75
25
41
54
91
54
60
6
56
12
37
69
500
68
28
50
54
57
69
33
65
88
63
28
43
68
25
53
38
53
88
88
88
93
10
32
70
97
29
40
79
88
17
93
66
13
500
1
13
86
64
67
20
66
77
92
99
27
29
94
50
77
29
83
83
83
87
21
42
37
89
68
88
63
74
28
1
84
31
1
500
47
68
89
19
59
99
81
55
36
5
16
43
59
82
82
80
80
80
30
84
64
95
79
11
85
62
96
91
63
93
53
53
65
500
25
45
59
41
22
86
19
82
88
87
63
52
38
85
80
80
80
95
24
46
96
73
77
13
80
76
79
72
34
33
41
89
24
500
7
30
64
25
93
10
36
68
33
21
61
98
82
26
26
26
53
10
42
41
59
55
59
94
88
9
94
75
72
24
82
46
25
500
6
2
87
83
39
66
65
43
43
84
64
23
42
42
42
74
99
3
94
12
77
63
67
68
45
2
75
99
10
5
34
42
80
500
9
14
20
24
85
76
22
73
22
26
94
51
51
51
35
56
57
61
62
58
48
30
86
45
93
37
66
15
48
46
59
68
36
500
41
25
85
10
93
17
70
44
13
39
72
72
72
49
27
21
32
77
48
54
29
26
37
13
66
76
67
99
26
19
36
90
88
500
26
50
14
55
58
99
1
94
30
53
53
53
37
3
46
32
95
72
92
96
4
2
24
60
81
35
15
12
25
53
51
82
40
500
5
96
56
73
68
52
85
8
19
19
19
31
77
88
37
76
23
36
19
38
61
36
49
64
56
40
43
51
97
92
82
31
81
500
52
39
92
58
30
41
5
30
30
30
7
22
89
54
70
6
97
81
92
5
39
50
15
60
96
64
89
42
20
3
19
62
17
500
10
28
72
31
36
54
8
8
8
92
86
49
91
11
14
75
80
13
14
15
81
74
36
51
1
39
9
68
61
2
95
34
83
500
96
36
20
32
24
72
72
72
60
50
32
7
83
82
63
9
69
8
68
34
1
9
15
97
97
24
82
7
65
95
75
67
8
500
87
94
34
87
62
62
62
88
62
91
51
33
71
67
77
85
31
46
7
50
63
8
22
96
99
16
51
45
16
15
38
34
97
500
99
30
33
57
57
57
68
3
35
98
23
98
92
26
37
76
94
60
54
79
95
89
16
32
23
86
10
61
80
6
10
2
79
500
94
97
91
91
91
32
77
81
43
22
19
51
55
80
70
73
63
51
33
96
69
53
3
22
29
69
23
6
85
21
90
60
80
500
97
30
30
30
25
85
59
30
64
11
67
39
94
55
95
38
1
68
33
87
6
64
81
8
59
12
85
26
38
7
64
16
98
500
90
90
90
31
66
64
97
8
17
97
99
71
78
66
71
80
86
53
85
24
75
53
90
8
84
62
58
77
28
25
14
18
4
500
500
500
31
66
64
97
8
17
97
99
71
78
66
71
80
86
53
85
24
75
53
90
8
84
62
58
77
28
25
14
18
4
500
500
500
31
66
64
97
8
17
97
99
71
78
66
71
80
86
53
85
24
75
53
90
8
84
62
58
77
28
25
14
18
4
500
500
500
