4
50
60
11
11
99
56
94
31
46
96
6
29
20
37
51
26
79
61
20
98
91
81
66
30
28
95
11
21
81
7
76
17
2
12
66
51
42
11
11
28
38
64
61
26
51
10
11
66
78
17
17
0
0
0
0
500
30
61
78
95
93
8
70
55
54
62
86
90
56
79
85
55
70
26
66
28
53
75
19
57
14
77
42
26
40
76
9
91
3
45
68
79
64
99
40
16
38
43
82
56
61
61
55
70
8
78
78
78
78
44
500
84
53
53
8
76
5
53
95
4
87
24
34
9
56
47
3
26
2
86
13
47
26
68
82
24
78
18
63
10
80
26
35
90
73
25
20
50
14
13
90
67
60
61
46
99
13
73
20
38
38
38
38
15
55
500
93
72
74
26
41
84
10
24
17
66
33
71
40
68
77
27
45
44
30
29
73
70
23
24
93
21
16
52
43
16
17
85
78
67
91
19
46
65
26
47
54
15
12
80
29
26
95
12
12
12
12
93
92
18
500
27
43
86
24
16
93
60
15
54
19
14
78
37
7
12
38
77
77
83
11
28
2
51
17
47
76
19
71
10
78
6
22
52
29
72
39
60
54
12
12
15
54
72
6
73
50
50
50
50
50
25
33
65
90
500
2
87
84
52
24
65
73
33
15
51
78
7
31
32
81
42
79
78
33
35
95
99
95
16
11
4
65
29
85
30
30
81
39
3
71
29
13
43
75
8
14
9
90
99
92
26
26
26
26
40
12
98
97
51
500
93
27
78
28
91
3
45
25
44
18
23
20
12
16
49
47
98
19
16
39
39
17
24
10
49
53
95
94
82
31
13
24
12
49
6
99
18
71
68
5
20
51
98
18
25
25
25
25
58
91
13
79
26
98
500
1
92
30
19
6
62
98
77
31
53
33
9
4
39
84
80
88
47
50
93
47
85
42
85
41
11
71
94
80
35
28
23
40
85
7
31
41
51
45
81
17
27
71
25
25
25
25
54
94
50
15
17
72
68
500
59
91
62
1
9
37
20
22
22
42
94
86
35
79
85
1
46
95
29
11
13
2
8
6
17
47
50
42
30
70
61
74
9
4
99
86
25
98
5
48
86
19
15
15
15
15
38
17
3
62
9
57
85
4
500
9
59
84
63
29
81
81
31
64
4
64
39
63
11
8
91
57
73
48
56
35
70
82
99
14
70
93
94
74
34
33
17
55
30
48
47
35
90
77
24
20
22
22
22
22
10
8
72
89
83
49
87
38
98
500
77
67
83
24
9
31
82
34
79
92
82
86
84
49
1
79
96
72
71
46
4
83
82
19
34
41
9
13
10
20
51
16
93
95
87
62
84
41
1
7
58
58
58
58
12
36
11
88
75
71
12
84
57
48
500
98
24
96
63
97
41
28
90
36
37
73
97
45
1
53
30
11
43
44
66
9
33
35
52
12
7
22
84
38
91
44
64
30
51
1
52
43
52
91
36
36
36
36
59
38
77
7
32
20
17
46
2
12
73
500
64
32
1
4
33
18
9
25
42
42
76
10
52
95
45
76
14
47
76
30
54
17
53
56
40
86
92
51
38
67
70
39
54
45
41
42
11
51
42
42
42
42
79
54
85
78
43
70
73
52
11
27
49
87
500
7
43
40
49
29
70
88
27
1
29
86
64
87
17
98
88
23
32
60
25
70
26
31
61
54
69
60
65
51
66
20
62
38
24
71
24
82
71
71
71
71
89
87
97
69
18
44
36
34
84
44
73
71
52
500
59
29
8
24
59
10
2
84
72
95
24
16
51
3
99
95
14
88
76
66
64
47
6
98
42
62
73
93
9
3
7
57
70
36
8
40
20
20
20
20
36
6
4
31
4
38
3
60
98
10
83
36
32
37
500
29
14
82
36
8
56
62
66
68
42
17
95
99
63
88
31
54
3
40
62
9
31
74
29
37
36
63
48
59
16
83
45
6
33
94
17
17
17
17
66
96
91
83
84
1
16
69
40
83
47
60
72
63
49
500
62
47
60
16
15
5
55
93
20
71
89
62
65
48
13
77
12
83
48
59
42
45
52
95
25
3
18
3
23
85
61
76
37
70
55
55
55
55
78
37
15
72
88
74
61
87
10
71
45
51
44
85
56
98
500
38
16
40
77
87
13
46
35
22
22
47
26
25
27
70
69
59
44
1
95
3
98
59
74
83
33
8
71
12
35
61
82
52
7
7
7
7
6
50
76
3
33
27
7
98
59
67
36
8
45
37
92
68
43
500
59
40
17
57
15
3
52
20
40
41
82
11
42
24
41
37
47
48
45
75
79
66
34
20
57
5
95
77
46
45
15
35
47
47
47
47
56
80
87
89
26
81
75
82
34
58
57
75
75
65
72
78
55
59
500
66
60
7
72
32
36
54
9
13
41
98
58
29
36
10
73
78
33
51
27
75
20
83
83
39
70
56
37
15
16
52
37
37
37
37
30
26
64
1
54
54
35
78
4
30
83
99
67
63
24
77
87
80
27
500
32
35
68
65
81
44
83
90
91
22
23
82
43
31
21
5
17
65
89
28
95
31
88
16
45
25
10
93
21
79
31
31
31
31
89
72
3
48
17
86
85
99
10
19
51
27
60
1
45
29
46
86
69
28
500
53
17
23
75
83
75
69
90
16
20
99
90
36
82
13
97
10
83
88
56
1
39
31
28
53
91
34
34
61
95
95
95
95
6
86
11
3
51
7
10
22
8
22
57
69
27
63
71
54
24
84
75
38
40
500
66
45
4
11
51
77
16
13
89
42
5
97
3
4
97
46
78
8
6
39
59
17
46
54
47
95
11
69
83
83
83
83
92
88
51
68
8
92
33
20
54
21
81
52
29
93
77
7
76
3
56
82
91
92
500
92
62
16
41
84
34
40
5
65
16
73
82
81
4
19
25
37
11
26
92
88
12
84
43
62
25
26
17
17
17
17
87
76
85
45
24
22
16
93
80
55
63
99
43
81
84
19
45
2
97
98
15
72
45
500
44
81
93
45
40
63
79
40
6
44
2
39
95
13
27
53
41
35
40
35
60
33
69
67
60
15
92
92
92
92
45
25
21
10
69
53
97
75
70
30
80
46
97
19
81
78
46
55
44
16
53
99
90
62
500
90
78
5
38
3
55
84
73
3
28
12
91
30
6
68
76
88
55
95
67
16
67
30
35
75
99
99
99
99
74
47
10
64
97
15
93
31
98
49
55
94
59
75
43
9
38
70
13
10
92
5
72
97
39
500
87
17
44
54
12
55
25
45
47
97
1
86
70
75
7
15
71
74
75
40
1
59
53
52
50
50
50
50
15
21
1
91
72
45
40
17
17
33
49
41
98
60
35
2
7
72
54
61
24
59
55
37
54
50
500
48
26
16
63
71
32
69
31
56
74
23
56
92
13
62
83
40
18
18
24
93
82
92
18
18
18
18
56
44
71
31
68
45
44
60
70
2
22
81
68
8
76
88
35
66
92
31
33
28
83
59
67
8
25
500
7
88
90
60
10
57
95
1
68
95
4
93
95
53
58
20
56
90
67
57
9
86
51
51
51
51
4
8
42
54
75
1
85
48
90
17
69
93
81
29
63
78
27
47
86
61
8
6
9
54
77
47
14
42
500
22
77
22
18
75
42
46
93
32
50
75
82
93
36
92
65
10
7
99
46
98
20
20
20
20
60
80
54
27
88
60
87
66
43
63
27
61
27
41
24
77
95
28
33
87
75
50
17
53
50
67
53
68
23
500
44
65
36
40
27
69
1
79
52
22
75
9
41
41
24
8
86
10
52
82
89
89
89
89
40
25
35
10
73
74
67
68
80
26
64
39
49
96
5
93
11
76
49
80
69
22
3
94
56
66
23
36
89
1
500
71
39
74
78
85
46
92
59
43
90
14
78
18
99
26
22
45
85
33
13
13
13
13
24
20
54
63
18
42
3
67
88
1
83
21
19
13
96
95
35
99
68
42
82
7
44
65
91
91
52
71
56
49
16
500
67
60
97
50
16
20
14
88
97
26
39
86
97
95
9
99
33
66
31
31
31
31
79
39
41
17
5
75
87
55
39
6
38
53
4
47
12
88
27
1
39
57
58
93
43
43
69
98
44
77
83
44
86
80
500
41
93
39
55
30
51
92
95
43
81
38
66
92
30
6
33
92
12
12
12
12
19
55
83
74
81
11
16
33
75
70
54
8
61
51
65
53
22
89
98
11
86
46
18
50
54
79
20
3
62
13
68
86
21
500
85
21
33
1
53
71
70
32
62
89
92
24
92
18
31
1
64
64
64
64
43
57
63
43
91
25
39
18
91
71
41
1
55
89
82
28
16
38
21
69
93
62
48
52
7
42
20
23
10
97
79
59
43
43
500
21
73
16
69
48
19
60
29
98
32
57
24
91
50
99
39
39
39
39
79
57
8
69
44
66
19
31
89
15
35
45
65
86
37
37
18
84
90
13
29
99
79
88
60
5
49
9
61
32
54
59
11
97
98
500
71
38
72
91
33
82
36
79
78
6
43
27
22
77
28
28
28
28
48
9
32
36
34
70
94
22
17
63
2
25
49
37
92
73
63
71
47
9
8
97
62
21
11
34
31
59
36
76
45
18
27
43
59
86
500
91
68
51
46
6
85
99
39
29
50
97
91
56
47
47
47
47
21
2
81
92
2
16
9
81
97
39
58
11
54
21
55
3
26
56
35
14
13
25
10
95
4
16
94
17
77
21
94
12
67
86
27
47
86
500
2
42
28
80
5
5
64
4
73
56
98
65
38
38
38
38
54
31
76
16
13
73
66
94
64
65
27
34
30
91
69
97
80
67
16
55
65
18
24
90
78
3
40
50
75
38
70
56
18
49
1
92
54
86
500
86
21
76
93
72
77
90
59
57
76
49
83
83
83
83
62
76
69
59
34
84
30
60
56
5
71
64
36
8
61
5
20
88
69
83
25
16
67
75
6
8
67
43
47
46
72
27
75
11
38
95
43
64
39
500
84
50
77
62
1
63
35
59
66
65
88
88
88
88
82
70
94
87
43
26
7
28
58
37
69
26
78
10
30
15
48
61
17
28
91
87
97
38
93
63
63
80
26
27
30
15
21
35
70
57
64
78
5
22
500
86
9
92
66
52
61
38
36
93
78
78
78
78
73
22
70
72
42
92
93
70
52
57
19
49
68
88
28
73
39
51
68
20
61
50
83
27
39
70
35
38
87
15
30
6
82
25
38
30
61
21
20
55
44
500
88
89
66
33
42
96
57
8
81
81
81
81
49
19
75
89
76
3
70
32
71
27
65
79
24
51
60
58
74
4
72
11
18
59
32
8
86
50
5
81
14
6
41
20
91
51
21
65
40
8
43
82
31
15
500
53
57
29
59
74
47
6
46
46
46
46
26
47
95
57
78
98
71
97
72
25
8
98
17
79
1
18
58
95
97
24
41
46
84
89
11
76
19
70
16
57
46
5
77
67
36
18
26
32
80
26
4
27
57
500
68
69
70
73
87
71
19
19
19
19
28
52
35
35
10
89
14
38
24
35
43
82
99
11
6
54
13
91
56
60
34
21
45
2
89
50
17
3
34
57
8
20
4
81
28
18
93
23
95
60
61
83
96
25
500
79
65
88
53
50
81
81
81
81
59
27
72
59
73
14
15
20
30
81
38
23
27
45
52
90
65
75
90
67
5
12
30
4
48
10
48
77
23
20
2
89
48
61
33
96
60
14
55
37
90
69
8
19
61
500
99
7
72
96
56
56
56
56
78
31
87
94
40
18
61
63
42
34
53
99
80
70
7
83
38
47
35
36
57
90
42
83
9
78
44
77
92
16
58
35
37
84
78
6
53
96
9
84
81
56
15
78
86
89
500
42
87
19
51
51
51
51
97
71
31
77
14
14
50
60
22
58
66
68
19
50
2
49
67
73
42
77
11
53
88
19
38
45
52
54
86
83
82
86
80
16
68
56
46
13
93
50
30
20
92
63
43
35
14
500
64
28
71
71
71
71
55
30
38
63
64
40
15
13
44
56
26
81
97
30
82
26
83
89
33
89
84
19
33
48
46
49
84
5
13
34
1
31
46
83
30
25
56
32
11
8
21
59
77
87
11
84
63
48
500
60
28
28
28
28
77
72
83
43
91
33
83
40
26
53
32
73
80
68
98
92
83
46
30
80
18
88
69
18
79
29
28
44
48
41
40
35
39
85
94
38
13
4
71
88
81
93
45
56
86
94
15
98
38
500
89
89
89
89
70
98
57
35
13
84
89
33
67
66
18
13
4
86
62
24
4
87
67
18
34
86
72
18
58
16
47
40
83
21
31
39
17
94
71
44
54
44
49
12
26
89
89
77
8
82
29
77
37
1
500
500
500
500
70
98
57
35
13
84
89
33
67
66
18
13
4
86
62
24
4
87
67
18
34
86
72
18
58
16
47
40
83
21
31
39
17
94
71
44
54
44
49
12
26
89
89
77
8
82
29
77
37
1
500
500
500
500
70
98
57
35
13
84
89
33
67
66
18
13
4
86
62
24
4
87
67
18
34
86
72
18
58
16
47
40
83
21
31
39
17
94
71
44
54
44
49
12
26
89
89
77
8
82
29
77
37
1
500
500
500
500
70
98
57
35
13
84
89
33
67
66
18
13
4
86
62
24
4
87
67
18
34
86
72
18
58
16
47
40
83
21
31
39
17
94
71
44
54
44
49
12
26
89
89
77
8
82
29
77
37
1
500
500
500
500
