    1   21    3    0    1  435
   37   11
   87   23
  115  102
  171   29
  132   64
  122   44
  134   43
   91   24
   26  107
  139   94
  144   88
  128   16
   51   27
   86   80
  118   40
   59   52
   94   32
  122   89
  120   22
   88   60
   89   67
  149   70
  172  121
   61   53
  118  112
   82   65
  150   34
   46   38
  182   62
  138   79
  154  128
   86   84
   54   91
   86   67
  105   62
  142   94
   74  105
  164   70
   38   56
  155   65
  107   65
   92   44
   43   93
  164   94
  145   22
   81   46
  185  100
  104  116
   86   33
  111   53
   56   38
  142   22
   76  105
  124  111
   86   92
  172   79
   17   45
  172   98
   35  116
   77  133
  123  186
  110  155
   78  137
  194  186
   84  174
   87  137
   90  157
  110  165
   81  145
   50  156
  135  189
  105  144
  126  108
    3  154
   57  152
   81  131
   98  187
  120   99
   11  101
  159  100
   88  146
  148  189
   20  150
   85   98
  132  172
   92  138
   93  129
   59  150
  136  129
   83  131
   42   61
  101   62
  116   57
   15  123
  165   78
  117  129
  160  118
   72  123
   62   56
   96   64
   40   79
   61  115
   82   49
  134   96
   50   90
   97   45
  187  112
   97   34
  131   35
  127   70
  120   63
   79   57
   91  105
   99   50
   54   71
  118   40
  127   60
  158  118
    2   69
  152  155
   73  180
  102  124
  162  126
   76   90
   92  159
   57   83
   72  149
   85   91
  125   83
   80  107
  141   91
   17  128
   73  104
  168  172
  157  118
  134  155
   62  150
  100  126
  102  126
   80  161
   79  156
  105  131
  115  128
   26  182
  164   14
  103   47
  167   36
   62   70
  116   51
  114    8
   50   65
  107   29
  128   19
  176   10
   39   40
  134  156
  115  125
   25  150
   58  194
  139  158
   22  106
  141  162
   94  126
  195  103
   44  104
  107  148
   84  100
   72  109
  118  145
  110  139
  158  111
   94  164
  177   99
   27  139
   80  158
   55  162
   80   90
   79   81
  102   89
   60   83
  108  170
   22  140
   53   21
   68   48
   43  103
   77   54
  106   26
  116   71
   71   60
   61  138
  106  143
  119  146
   44   80
  194  118
   72   86
   22   57
   65  105
  102   94
  106  141
   22  131
  126   27
   42   20
  161   97
   89   19
   83  139
  181   98
   82   81
  175   39
   31  135
   33  171
     0.087