    1   41    4    0    1  596
   55   26
  101   53
   84   37
  138   52
   90  114
  121   98
   94   80
  183   97
  170   67
  109   79
   16  112
   77  108
   47  114
   95   30
   67   68
  170   60
  142   47
   76   32
  161   62
  132   29
  100   36
  101  102
   53   39
   99   75
   93   34
   89   56
  130   58
   79   57
  157   57
   33   38
   83   87
  130   26
  169   57
   61   37
  113   97
   95   93
   64   46
   97   86
  149   54
   37  102
  129  109
   21   58
  116   62
  104   47
   54   54
   63   92
  168   46
   97   68
   72   73
   84   67
   82   15
   87   17
  111   45
   92   88
  158   29
  122   45
  103   49
  121   52
  111  109
   11   27
  174   98
   56   65
  113   20
  101   38
  108   58
   95   48
  162   18
  102   97
   38   21
  143   62
  127   93
   81   26
   74   19
  110   43
   96   13
   88   59
   41   33
  152   58
   95   68
   35  126
   82   97
   88  139
   39  115
   41  105
  126  144
  171  103
  119  111
   61  100
   91   64
   77  109
  141   59
  106  100
  191   62
  109  139
  127   59
  135  126
   73  109
   65  130
  149  113
   29  112
  124   81
   73  120
  173   59
  106  153
  148  126
  115   63
   61  143
   79   67
  192   84
   84  156
  134  109
  115   94
  151  105
  130   93
   99  153
  109  144
   56  110
  148   33
   56   44
   66   28
  116  104
  185   54
  142   79
   27   46
   45   43
  134   17
   21   31
  112   65
   82   70
  188   48
  181   14
   60  102
  112   77
  115   73
  102   25
  155   82
   33   94
  124   45
   87   42
  131   23
   73   80
   85   75
  140   35
   77   64
  119   72
  111   63
   96   38
   99   85
  127   94
   91   64
   65   13
   28   84
  128   85
    9   39
   83  101
   39  105
   77  176
  131  105
  164  155
   74   82
  102  118
  124  167
   87  137
  178  110
   47  137
  179  135
  190  161
   52   89
  120  104
   98  135
   17  115
  143   92
   20   82
  172  137
   69  168
  147  106
   70  132
   91  112
   88  109
  110  164
   79  172
  173  175
  172  105
  127  166
   80  121
   68   92
   52   83
   24  148
  123   94
   74  161
  124  104
   73  114
  124   54
   86   36
  121   91
   27   35
   66   49
   19   68
  167   83
   99   80
   96  109
  154   81
  134   79
  154  108
   47   89
  102   32
  153   56
   85   70
  123  110
   96   89
  170   73
  121   35
   90   85
  159   41
   34   93
  128   43
  157   31
  135   60
  107  110
   71   75
   73   79
   58   29
  109   28
  117   46
   40  121
   51  120
   93  113
  162   93
   45  128
  103   45
   47  122
   25   72
  152   41
  104  115
  122   92
  127   88
  135   35
  141   48
  132  106
   39  112
  138   51
   52  113
  116   52
   63   48
  139   79
  129   95
  118   60
   90   95
   82  118
  121   94
  127  113
  110  127
   89   57
   93   33
   60  112
   57  115
   52   87
  114   97
   20   91
  136   55
   94   46
   44   26
   41   37
   89   45
   54  108
  154   51
  112   25
  182   36
  107   82
   59   84
  169   25
   77   98
   49   49
   96   32
   88   22
   77   33
   44   52
  134   53
  105   69
  108   20
   84   77
   45  112
  162  108
  120   81
   85   93
  129   28
   63   58
  116  117
   49   34
   91   54
  105   41
   28   48
  157  188
  121  135
   31  138
   51  148
   54  127
   96  182
   39   95
  171  185
  153  133
   56  133
  147  129
   64  118
   68  113
   96  149
   75  131
  134  154
   30  175
  131  178
   80  111
  147  160
  108  102
  120  142
   95  102
  119  164
  108   96
  124  147
   38  145
   57  133
  111  149
   94  110
   96  155
   17  176
   28  180
  101  173
  127  176
   89  182
  155   86
  116  172
  194  115
  133  106
  122  178
  117  130
   85   95
   17   98
  127  156
   37  171
   88  112
   99  155
  118  150
  147  179
  153  136
  144   96
  118  161
  147  138
  101   88
  149  112
   64  157
   59  174
  113  148
  133  141
   41  155
   93  151
   83  171
  109   48
   83  108
   57   72
  121   51
  122  118
  117   26
  164   46
  123   27
   98   56
   47  109
   64   33
  124  119
   80  123
  104   85
   26  114
  172   97
   94  103
  123   93
   81   26
   70   38
  121  112
   97   65
  176   90
   98   71
  133  119
  153   42
   46   66
  116   85
  140  120
   98   73
   96   41
   48   18
  130   16
  103   50
   99   31
  102  106
   80   92
   88  102
  127  100
   29  111
  159   53
  102   49
   77   35
  102  112
   94   64
   81   31
   84   37
  124   44
   63   66
  154   96
  150   97
   83   53
   95   88
  100  101
  120   62
  117   32
  109   23
  133   88
    5  111
   83   96
  106   72
   98   97
  194   52
  143   90
  105   73
  186  102
  122   41
   32  115
  122  107
   73  105
  127  129
  107   81
  105   65
  139   46
  138   54
   68   83
   70   77
  128   67
  117   97
   96   42
  129  105
   85  115
  132   96
  109   38
   50   40
   90  120
    2  113
   88   43
  114   13
  106   56
  151   26
  103   94
  136   66
   41  101
   96   77
  126   82
  105  100
  146   61
   65   34
  132   57
   81   23
  128   33
  130   46
   97   84
  105   87
  100   68
  132   79
   85   62
   44   58
  124   72
   81   64
   30   14
  134   31
   80   91
   26  148
  139  126
  144  131
   71  110
  136  136
   67  135
   89  158
  152   92
   83  102
   96  142
   12  108
  172  164
  121  180
  144  125
  159  114
  110  160
   94  174
   98  161
   87  123
  129  178
   59  130
  117  152
  100  121
   48  114
   98  171
   59  135
  104   89
  129   71
  139   82
  175   97
  112   50
   53   73
  173   71
   89  122
  112   71
   15   25
  146   41
  109   55
   79   92
  146   35
   66   63
  100   87
  136  116
  102  119
  115   75
   75   27
   75   58
   66   88
  109   44
  151   51
   31   71
   99  167
  133  100
  153  135
  106  107
   72  166
  144  182
   28  159
   96  175
   35  147
   91  126
  145  116
  173  159
   78  117
   42  175
  121  113
  166  137
  133  164
   95  190
   54  187
   65  165
   62  120
  107  184
  104  118
   17  183
  108   99
  145  186
   80   95
   28  182
   98  166
   98  162
  164  170
  106  146
  113  104
   89   99
  163  148
  163  155
   27   93
  147  122
  166   98
  154  177
  104  118
   69  101
  153  184
   81  116
   80  139
  118  104
    3  189
  114  115
   85   50
   36  123
  120  115
  101  102
  171   67
   43   97
  116  113
  128  105
  148   52
  118  101
   63   54
  155   68
  116   95
   95   68
   54   79
   93  125
  141  116
   94   47
   98  138
  156   62
   11   73
   84  172
   81  126
  171  171
   41  139
   87  158
   59  135
  108  147
  121  136
  154   97
  139  164
  114  167
   98  180
  105  153
  172  166
   90   90
   95  127
  110  160
  133  118
   86  104
  145  142
   90  138
   50   79
  167  120
   93   95
  172   95
   43   98
  105   62
   84  121
  116   93
   94  110
   41   57
   87  111
  184  110
  128   96
  137   70
   96   72
  104   63
   63   68
   60   59
  154  131
   91   98
  172   14
   12   95
  102   87
   83   79
  174   56
  123   21
  171   69
  160   19
   57   67
   88   77
  170   73
  167   29
  116   23
  124   43
  124   25
   81   58
   70   15
  164   13
   22   81
  108  116
   87  108
   13   91
  114  162
  145  109
  111  160
  141  118
   63  110
  164  141
  138  174
  137  138
  127   96
   74  160
   61  116
   90  156
  118  166
  102   99
   14  124
  128   93
   13   64
  120   85
  107  104
   93   23
  146   86
  109   76
  161   44
  113   72
  106   38
  108   81
   67   62
  135  107
   70   89
  116   14
  148   91
   64   61
   62  115
   95  128
   63   77
  117  137
  165  130
   97   85
  148   94
  169  116
  160  151
   50  103
   98  106
  113   94
  107  169
  106   86
  144  112
   20  139
  109   97
   81   37
  141   43
  159   83
  109   15
   86   90
  148   84
   87  100
  141   61
   89   96
   97   94
   93   96
   72   20
   84   52
    3   72
  119  136
  133   84
   94  152
   94  108
  168  120
  104   79
  169   83
  112  109
   69  104
   72   80
  116  149
   58  131
   85  107
   59  104
   78  125
  119  118
   80  132
  134   75
  111  101
   98  101
  145  126
   61   68
   75   84
   81   68
  122  117
  155   85
   51  115
  159  109
   67   88
   92   76
  131  165
  130  165
  137  167
  116  159
  137  165
   66  155
  110   93
  136  151
   88  166
   88  166
  177  165
  128   78
   88  158
   80  162
   59  152
   75   71
   94  158
  105   77
  117   80
   73  129
  141  103
  167  116
  115   40
  122   50
   95   31
   86   73
  123   76
  121   24
   84  108
   19  102
  190  169
   96  177
   69  126
   93  110
   87  125
   70  176
   80  120
  117   84
   54  149
   80  122
  100  159
   74  135
   96  194
   88  102
   46  105
   88  159
   19  106
   62   85
   62   86
   66  125
   94  134
   68  116
   78  109
   60  110
   71   62
  107   81
  103   75
   34   80
  107   81
   11   96
   55  109
  107  112
  106   88
   95   42
   30   96
  127  101
   95   74
  148   80
   60  144
  118   95
  130  109
    7   54
  120  120
   18  102
   29   73
     0.310