    1   51    4    0    1  763
  166   39
   93   92
   73  105
  135   64
  141  102
   96   87
   85   63
   91   91
  113   96
  108   86
  169   45
  170  132
  148   54
  100  108
  128  135
   93  116
   51  105
  136  121
  104   45
   92   60
   31  111
  114   88
   96  122
  122   69
  135   44
   88   99
   70   49
  134   72
  160  115
  132   86
   40   45
   81  108
  129   85
  101  103
  157   95
  126  120
   83   69
   94   47
   51  125
  124  135
  114  121
  188  112
   87   51
   32   40
  107   84
   90   47
  136   68
  110   76
  128   82
   33  121
   98  126
   29  116
   95  121
  122  174
   89  168
  120  149
  169  111
   88  112
  157  157
  128  168
  155  143
  139  124
  102  139
  118   96
   91  156
  119   94
   63  178
   80   92
   87  160
   32  157
   83   96
  109  149
  104  167
  128  185
   21  122
   91  174
   65  133
  171  178
   78  147
   88  125
   30  105
   58   91
  109  103
  130  104
  139  133
   54  137
   98  176
  100  150
   33  161
  140  108
  175  134
   62  156
   93  184
  100  162
  118  167
   63  127
   69  110
  149  175
    2  105
   70   94
  139  119
   89   72
   84  107
  148  114
  136  102
   59   80
  133  101
  100   72
  151  110
  134  123
  170   82
   74  101
   81  163
  125  162
   76   81
   78   70
  115  123
   68  147
  111   84
   55  153
  160   75
  109   73
   40  121
   46  105
   65  148
  127  136
   87  147
   72  161
   62  161
   55   69
   47  114
  126  149
   79  128
  105  120
  169  155
  111  124
  100  124
  157   95
  148   72
   53   88
   29  134
  139  111
  137  148
   90   89
  127  125
   88  116
    2  112
  146   33
  155   80
   58   99
   94   60
  161   75
  104   38
  120   23
  101   21
  104   92
   74   21
  122   55
   58   98
  112   59
   72   26
   58   64
  103   21
  159   83
   65  118
  117   91
   64   30
   90   89
  115   46
   38   42
   28   66
   72   23
  112  112
   87  119
  105   85
   24   49
   56   60
   93   54
  125   79
  144   28
   67   35
   87   68
  128   84
  106  105
   93   66
  135   93
  115  105
   51   75
   95   37
   86   36
   81   44
   49   61
  139   43
   74   60
   71  132
   48  123
  135  125
  111  145
   84   92
  182  128
  101  127
  188  136
  117   89
  165  118
   54  126
   29  137
   98  141
   87  130
  102  136
  133   71
   96  162
  120   80
  115   84
  113   70
  178  103
   59  153
   88  106
   42  114
   99   73
  135  135
   98   77
   15  156
  126   68
  118   96
   86   93
  146  108
   76  140
  139  117
  118  110
  122  104
  183   75
  108  131
  116  139
   45  116
  134  128
  140  138
  151  144
  133   84
  136   68
   64  128
   93   74
  127  153
  126   76
   86   95
  126   95
   91   99
  102   82
  103  127
  118   74
  137   66
  110  156
   83  141
  138   95
   93   81
  160   90
   83  115
  115  113
   20   80
  119   85
  105   74
   12  129
   32  109
  105  128
  181   83
  131  116
  112  164
   91  104
  126  110
   37  158
  149  154
   78  132
  105   80
  104  118
  120  137
   61  150
  120  146
  123  114
   93  154
   50   86
  107  110
  108   71
   79  147
   54  154
  148  123
   23  159
  159   53
   99  132
   74   39
  163   55
  176  120
  136   97
  132  121
  186   57
   81   49
   40  120
   78  131
   98   60
  131  106
  101  105
   27   97
  119  133
   77   43
  111   71
  141  115
   57  133
   71   60
   57   78
  156  109
  115   75
   57  106
   21  101
   98  118
   51   66
  168  126
   63   44
   97  122
  147   69
   46   62
   91   44
  167  110
  164  110
   75   45
   51   71
   69  117
   89   94
  129  107
   56   99
   86   43
   41  126
   80  159
   99  131
  170  157
  156   95
  132  107
   87  167
  139  105
  136  122
   81  125
   48  114
   57  169
   67  114
  173  165
   26   82
  112   92
   51   82
  151  109
  108   77
   71   81
  100  134
  106  100
  133  166
   59   95
   74  114
   36  135
   86   80
  125  104
  142  153
   75  129
   54   81
  173  123
   93  160
   62  116
  156   78
  149  103
   89  127
    4  161
   69   75
  163  120
   79   97
  138  106
  129  139
    7  155
   60   97
  144  169
  176   98
  186  128
  121  161
  112   75
   81  127
   50  111
  118  166
   96  132
  103  137
  140  151
   89  169
   81   77
   71  136
  135   82
  174  140
   19  150
   98   73
   71  170
  130   77
  148  119
   47  114
   81  151
  130   96
   49  164
   91  115
   75  132
  119  133
  145  147
   93   81
   35   84
  143  127
  166  108
   75   75
   43   86
  147   79
   96  144
   70  102
  110  162
   86  120
   90  128
   97   95
  125   41
  105   60
  138   86
  167  122
  140  111
   57  120
   56  122
   48   34
   94   49
  172   91
   27   76
   74  108
   19   74
  152   82
  151  121
   15  103
  101  132
   48   53
  154  128
  143   61
   73   79
   57  117
  125   38
   92  117
   82   99
   78   72
   75   42
  166  119
  117  117
   95   73
  111   99
  163   84
   86   68
    9  117
   76   92
  133   54
  115   65
   84  118
   91   94
   63  115
  117  140
  168  166
  156  134
  109  122
   92  111
   69  173
  119  114
   91  158
  149  126
  178  169
   64  126
  121  171
  103  136
  136  100
  125  152
  104  164
   85   91
   50  130
  114   95
   76  158
   77  136
   88   92
  130  179
   64  104
  103  115
   91  123
  126  163
  103  158
  100  181
   31  153
  110  141
  170  155
   81  135
   25  135
  116  156
   71  120
  118  170
  109  136
  102   87
   54  162
  140   92
  139  147
  142  169
   88  101
   77   93
  119  127
   69  145
  141  184
  123  152
   85  180
   93  149
   92  103
  115  147
  166   94
   37  171
   46  129
   98  147
  155  151
   72  185
   94  139
   86  160
   82   91
   65  114
  112  146
  154  119
   94  140
  160  108
  135  132
   60  177
  138  106
  191  158
   94  120
   73  171
   68  163
   79  167
   96  156
   89  170
  107   93
   88  120
  149  127
  177  155
   75  160
   95  190
   62  108
   71   97
  116  161
  154  142
   48  138
  115  178
   85  100
  127   99
   94  164
   50  138
   61  171
   67  114
  144  194
  122  123
   70  154
   25  147
  114  154
   50  176
  111  149
  106  158
   64  180
  109  174
  128  155
  113  117
  160  167
  111  158
  119  121
   75  131
   53  138
   97   97
   84  128
  131  113
  116  148
   91  186
  176  106
  106  108
   73   83
  126   76
   95   79
  130   92
  165  154
  101  152
   77  166
   90  134
  131   73
  130   86
   29  151
   84   79
   77  104
  126   93
  143  159
   68  152
   98  135
   98  166
  132  165
  124  159
  151  161
   62  150
   98  103
  120  158
  110  107
  105   80
  180  134
   83  157
   23   86
   92   84
  113  110
   89  141
  144  125
   62  164
   86   93
   83  152
  100  153
   42  179
   86  156
  152  117
  137  114
   48  132
   64  104
   95  116
   81  177
  148  163
   32   97
  118  174
  121  105
  181  151
   85  156
   39  132
   53  109
   80  148
   46  162
  148  115
  102  134
   78  162
   99  116
  135  117
  113  176
  138  181
  114  148
  143  140
   43  142
   63  134
  143  173
   55  136
  135  179
  153  177
   52  168
   89  125
  104   99
   98  104
   78   58
  172   70
   33   65
   96   80
   52  129
  108   79
  123  131
   33  138
   55   56
   61   65
  160  100
   55   62
   30  117
   18  137
   39   79
  106  104
  154   80
  143  118
   90  151
  131   82
   72   74
   88  131
  140   75
  142   98
  134  140
   54   81
  119  132
  152  151
  146  137
   52   71
  107   54
   49  108
   39   56
   72   81
  126   76
  180   32
   82   64
   96  102
   28   88
   94  105
  176   93
   18   28
  106   42
   99   44
  181   98
  139  103
   43   85
   98   49
   92   30
   75   70
   90  116
  130   57
  140  100
   81   51
   95   77
   40  108
  118   95
  146  102
   99   57
   18   59
   69  117
   79   92
   56   58
   56  106
  135   56
   24   91
  115   78
   62   46
   88   92
   50   62
   59   91
   60   59
   96  128
  113   98
   30   82
   92   36
  128   79
  192   58
  114   49
   90  103
   41  109
   92   42
   61  121
  158   95
   85   73
   64  125
  167   96
   88   55
   41  132
  183  120
  101  104
  124  103
   76   75
   66   86
   67  114
  104   90
   65   99
  150   74
   88   75
  106  125
  178  101
   87  109
  140  100
  116   91
  162  101
   85   52
   55  124
   33  141
   81  100
   97   65
  139   65
   97   78
  104  132
  101   77
  116  100
   93   55
   88  127
   54  108
  154   48
   60  139
   93   95
  121   46
  150   55
  113  118
  101   54
   66  111
  161  113
  111  108
   57  122
  105   74
   26  135
  129  146
   27  155
   88  124
  108   78
   82  137
  161   91
   75  140
   45  154
  127  143
  130   61
   55   65
  104  117
   38   80
  124   95
   94  112
   99   74
  140  112
  148  148
   90   84
  100  124
  117  107
  150   67
  170   92
   72  124
   48   69
  120  128
  108   80
  115   79
   83  104
   74   87
   80   62
   96   88
   97  174
   48   83
   87  113
  130  144
   66  162
   26   96
   52   97
  102  132
  112  141
  115  122
   21   85
  101  140
   63  135
  164  174
  150  168
  113   96
  165  168
  113  110
   56  131
  147  177
  101  120
   54  169
   99  123
  104   94
   97  175
  135   84
   83  179
  147   99
   90  101
   64   53
   24   52
  174   61
  119   66
   34   73
   24   78
   50   63
  120   17
   68   52
  104   53
   88   15
   38   39
   36   63
  100  102
   66   97
   94   73
  117   95
   47   87
   83   58
  155   85
  100   23
  142   79
   93   71
  107   90
  162   51
   61   14
  116   94
   59    8
   29   51
   74  104
   93  147
  113   65
   97  126
   29  103
  132   79
  191  128
  106  104
   82   88
   70  138
   81  137
  110  122
   96  137
  105  111
  124  141
  115   86
   69   75
   48  133
  179  131
  166  131
   94  137
   17   93
  132  107
  153  145
  148  107
   96   62
  142   75
    6  140
  156  117
  137   91
   58  109
   66   90
   96   71
  187   51
   80  116
   99   21
   15   67
   56   34
   75   60
   81   45
   81  104
   92  102
  100   26
   93   88
  119   74
   99   37
  131   63
  100   43
   52   47
  104  117
   80   54
   72   92
  144   71
  104   80
   95   20
  143   80
   58   88
  115  167
   38  142
  135  133
   55   98
   28  110
  101  143
  106  141
  109   84
  168  137
   68  106
  116   96
   86  121
   55   94
   34  114
   88  129
  168  166
  122  173
   83  175
   84  130
  142  155
  126  130
  124  118
  131  162
   32   87
   88  171
   42  145
   93   93
  150  130
   65   94
   60  175
   53  146
   49   99
   37  103
   97  171
   60  180
   64  135
  177  140
  114   86
   91  168
  154   98
   99  113
   92  110
   89   99
  134  131
  157  123
   61  155
   88  158
   59  178
   89  181
   39   51
   53   35
  127   57
   60  106
   27   72
   61   28
  122   47
  110   55
  122   48
   95   26
  108   32
  152   74
   67   14
   60   43
  140   71
  188  102
   86   39
   70   84
  100    8
  100   61
   57   80
   70   67
   84   90
   50  102
   99   69
  191   54
  153   34
  106   81
   34  114
   74   96
   97   47
  161   47
   66  100
   60   93
  107   27
  107   33
   64   65
  163  115
  156  103
   56   97
   12   78
  113   33
  124   45
  108  117
   75  101
  132   52
    4   24
   99  135
   90  134
   73   87
   29   97
   50  104
   74  103
  134   88
   72   62
   70   43
  134   88
   90   59
  110   77
  103   55
  149   43
  126  115
   58   67
  104  135
  105  130
   93   57
   69   43
  107   37
   98  132
  134  139
   34  133
   63  117
   85  167
   93  165
   77  182
   63  185
   68  159
   81  156
  129  171
   93  173
  171  180
  146  114
   72  158
  100  105
   91  168
  153  167
   78  125
   53  190
  100  105
   46  115
   68   92
   29  139
  129   93
   77   96
  149   84
   67  132
   97  103
  121  131
  108  117
   96  130
  120   93
  103  127
  103  113
   34   60
  104   98
  114   86
   70  136
  128   68
  127  116
   93   66
   10  101
  122   92
   75  121
   85  110
   59   31
  109   51
   86   60
   76   85
   81   71
  156   57
  147   58
   68   76
  100   93
   52   34
  154  105
  147   69
  147   39
   90   87
   53  106
  128   18
  124   84
  105   71
   99   65
  143   70
  144   69
   49   29
  114   58
  186   41
  185   28
   56   76
   62  101
   93   99
  142   55
   71   34
   81   56
  143   51
   33   19
  112   56
  115   55
  109   39
  114  129
  137  114
   66   53
   78   67
  185   44
  187   94
  116   43
   41  124
   87   55
  124   44
  126  123
  137   36
   69   48
   63  106
   89   40
  154   73
   81   96
  177  106
  136  102
   86  117
  129  111
  141  103
  142   69
   56  130
   62   39
  109  104
  117  129
   72   69
   78   54
   17  109
  132  137
   81  121
  178   82
   62   82
   90  168
  157  157
  186  166
   78  149
   63  162
  125  155
   96   95
  121  124
  101  163
  154   77
    8  129
  125   98
  167  109
   80  140
   97  102
   97  116
   98  106
  131  150
   91  105
  103  125
  110  147
  148  113
   76  149
   70  141
   31  150
   92   84
  112   66
   64   80
   92   77
  127  103
   77   53
   62   98
   98  114
  124   84
  139   82
  139   63
  138   71
    6  117
   86  170
   62   93
  119  177
  180  145
   90   83
   96   81
  140  156
  148  141
  140   91
  117   97
   65   92
   21  125
  107   89
  171   84
  194   54
   95  122
   94  102
   63   61
   82  111
   73   48
   68   59
   85  115
   51  129
  125  101
  148   51
   66   63
   95   60
  131   98
  164   31
  113   91
   62   55
  111   69
   74   38
  134  160
   85  151
  101  171
  124  141
  116   99
   84  103
  140  151
   99  183
   45  175
  135  193
   35   97
  135  164
  123  125
  105  123
   54  103
   60  160
   15  173
   15   60
  145  118
  159   51
  127   71
   95  122
  147  112
   26   53
  103   97
  140   57
  147   57
  114   16
   91   89
   35   84
  151  127
   78   59
  118   77
  122  104
   14  121
   79  136
   67  116
  134   74
   50  104
  143   87
   89  132
   31   67
  136  108
   82   61
   80  126
     0.998