    1   31    3    0    1  564
   31  112
   94  120
   91   85
  104   36
   71   86
   82   87
   44   48
  130   79
   96  119
  112  121
   86   92
  116   44
  122   96
   69  118
  158   83
   96  115
   80   53
   93  118
   88  112
  102  115
   37  113
   49   74
   71   63
  118   56
   88  120
   74  117
  141   59
   94   87
  171   30
   28   93
   86   15
   96   72
   90   30
   85   22
  118   72
   75   37
   83   13
   66   23
   89   65
  122   26
   37   62
  121   40
   81  106
  122   27
   59   42
   71   72
   67   33
  160   79
  135   45
   78   36
  116   71
   58  103
   81   82
   97   88
   68  102
  147   93
   62   53
  138  106
   70   95
   77   78
  127  113
   71  102
  132   61
   61   58
   84   75
  139   50
  106  107
  111   68
  109  113
  127   62
  145  120
   95   41
   49   87
   37  103
   41   88
  100   96
   80  128
   40   75
   85  101
  116   40
   74   64
  118  116
   91   73
  136   78
  157   54
  136  126
   76  104
  162   10
   88   82
   88   61
  121  103
   82   20
  118  101
   92   32
   82   13
   70   63
  101   73
  155   69
  123   23
   69   47
    6   93
   99   49
  153   35
   57   30
   33   53
   53   61
   60    8
   30   90
  110   60
   17   65
  159   88
   94   53
   94   60
   18   97
   97   85
   42  164
   67  173
  159  175
   69  157
   75   81
  152  111
   69   90
   95  104
   93  107
   87  113
   39  122
   70  105
  105   92
  160  128
  142  153
   47  129
  106  122
   58   89
  109  105
  103  107
   27  152
  121  154
  140  119
  131  127
   16  162
   67  147
   73  160
  130  138
   86  125
  123   99
   68  145
   56  155
   77  169
  113  131
   94   71
   46  166
   50   91
  114  134
  151  139
   97  125
    8   90
   44  114
   43  137
   30   85
   94   77
   74  135
  143   97
   93  102
  144   74
   60   81
  109  107
   72   95
   57   93
   88  115
   72   64
   61  111
  102   72
  136  126
  162   85
   83  108
   28   57
   69  129
  141   99
  113   40
   23   94
   64   61
   55  135
   28  123
  101   65
   39   94
  174  118
   94   60
  114  125
   51   67
  166   83
  112   72
  101   94
  148   46
   66   99
  130   37
   73   47
  155   77
   71   96
   60   37
  110   45
  143  104
  135   99
   76   51
  115   90
   60   62
   26   90
  125   91
   45  104
  171   94
   94  122
  141   83
   37   87
   72  166
   77  153
   95   97
   79  114
  173  104
   81  149
  148  160
  106   80
   39   99
  117  152
  152  128
   53   69
   21   92
   86  103
   42  155
   45   70
   99  160
   48   94
  148   90
  148  158
  120  137
   84   80
   84   61
  142  119
  121   64
   92  114
  103   74
  110   81
   65  102
   69  119
  127  112
   91  151
   62   60
   27  134
   49  131
  111   69
   54   85
   89  115
   81   66
  125   88
  100  138
  161   56
   36  150
   87   64
   61  144
  168  100
   93  119
   87   60
  122   73
   68  107
  116  151
  125  117
   65   64
   19  100
  109   92
   70   60
   34  129
   87  102
   74   61
  182  115
  138   65
  149  121
   46  145
  110  106
   81  110
  152   99
  151  138
   56  136
   84  121
  133   63
  150  124
   55  110
   70   84
   61  153
  113  132
   82  148
  126   61
   82   87
  150  101
  125   70
  116  107
   74  144
  121   35
  153  115
  144  107
   88   65
   29  130
  117  123
  144   50
   87   47
   72  100
  135   51
   37  114
   38  100
  124   74
   40   71
   93   47
  100   66
  170   92
   10  102
   64  155
   82   97
   46  109
   80  172
   77   99
  102  169
   63  111
   41  109
  109  134
   96  119
   90  118
   85  123
   98  161
  108  122
   81  106
  169  166
   64  112
  129  132
   53  112
   43  103
  106  147
  100  128
   72  159
   51  150
  118   82
   42  117
   57   83
  147  154
   90  132
  114   98
   62   71
   87  155
   38  105
   96  117
   78   84
  126   86
  142  115
  138  105
   45  168
   94  148
  103   96
   56  152
  168   83
   73  172
  177   80
  123   97
  155  100
   12   90
   38   78
  132  114
   85   95
  131  113
   72  113
   66   71
   54  111
   71   41
  106   56
   79   61
  137  103
   63  106
  126  108
   22   60
   48   10
   95   19
   61   45
   23   62
  122   18
   90   76
  109   49
  159   55
   31   65
   89    8
  145   96
  120   20
   88   64
  114  137
   92   60
  100   98
   63   93
   33  125
   41   61
  164   63
   62  103
  149   63
  108  114
  100   64
   43   56
   82  108
   28  151
   64  114
  113  101
  112  117
  148  149
   17  148
  166  161
  112  142
  128   97
   41  146
   14   54
  119   95
  106   65
  105   51
   74  124
   72   75
  141   54
  112  135
   98  132
   77  100
   76    5
   57   20
   32   84
  117   17
   64   57
  147  100
  152   23
  129   16
   34   18
   42  132
   36  105
   87  125
   30  103
  127   92
  111  112
  162   45
   84   80
  109   31
  139   99
   96  110
  177  105
   80   95
  156  121
   43  110
   91   69
   33   32
   99   89
  124   28
  154   94
   64   76
  103  108
  134  161
  151   75
  125  132
   23  128
  124   73
  148   99
  105   81
   25   60
  132  145
  135  108
   35  164
  156  137
   45   73
   31  130
     0.211