    1   41    3    0    1  735
   72  135
   60   84
   87  110
   79   49
   31   65
   98   92
  108  119
  129   77
  162   67
   17   55
   78   78
  124   48
   59   45
  110   41
  115   47
  127  125
   98   43
  120   50
   97   83
  111   75
   92  100
  148   71
  137  118
  113  105
   87   51
  121  111
  178   56
  106   55
  135   44
   78  103
   52   82
  155   59
   71  120
  107   78
  153   84
  123   76
   82   64
  140   46
  124   59
   13   43
   97  107
  128  129
  148  140
   74   55
  156   99
   54  105
   42   75
   68  141
   54  131
  113  144
  106   91
   47  112
  111   62
   50   54
   45  147
   59   77
   62  127
   45  123
   98   87
   16  145
   64  117
  100  130
  128   77
  102   80
   61   64
  100  115
  104  123
  165  118
  123  108
  102  143
  149  125
   78   78
  159   80
  164   72
   86  125
  103   64
   64  121
  105  131
   52   82
   61   81
  104   36
   92   42
  154   46
  107   38
   46   14
  119   88
  104   54
   56   89
  110   14
   87   41
   81   29
  120   34
   37   93
   96   43
  124   81
   75   64
  112   61
   63  100
  118   94
   89   65
  105   22
  156   26
   94   93
  140   31
   85   36
  148   63
   76   29
   46   44
  137  110
  110  109
   81  108
  183   80
   51   99
  115   93
   53   49
  112   20
   27   91
  143  100
   65   75
  154   92
  125   94
   97   74
   70  153
   15   63
   85   65
   34   82
   98  137
   87   88
  136   88
  103  123
   63  114
   74  116
  114   82
   72  100
   76  139
  134   89
  107   67
  143  118
  158   64
   43   74
  174  108
  110   61
  159  137
  120  119
   58   70
  185   66
  124  154
  126   75
  142   65
   81   68
  111   94
   54   71
  130  136
   36  127
   40  134
  161  105
   59   94
  120   99
  159   97
  102  103
   87  138
   38  138
  103  102
   52   64
   48  157
  119   78
   84  101
  111  146
   94   84
  100  126
   19   66
  102   82
   74  136
  129  105
  139  129
   63   93
   97  102
  120  152
  158  114
  117   96
   76  157
  162  144
   94   91
   85  104
   91  145
   73  119
  130  154
   57  116
   84  142
   79  136
  125   39
   97  110
   97   39
  132   73
   91  117
  113   38
  104  128
   59   42
   47   48
  107   98
   77   88
   45   72
  110   65
   91  104
   30   84
   81  123
  100   60
  119   79
  146   70
  172  105
   99  122
  138  111
   72   72
  145  100
  121  114
   54   34
  178  128
   90   51
  137   97
  118  112
   57   62
   93   41
   98  120
  141   39
   42   72
  122  142
  118  102
   96  155
   69  188
  117  182
   71  185
   98  116
   93  180
  110  119
   62  101
   97   97
  108  147
   69  165
   80  100
   95  106
  135  155
  104  165
  141  175
  130   98
  125  148
  132  120
   64  182
  131  103
  125  105
   50  137
  110  185
   57  151
  169   96
  110  172
   69  144
   84  146
   77  114
   83  169
    5  107
   37  116
  103  114
  107  109
  148  112
  132   66
   80  100
  107   59
  128  103
   56  104
  100  100
  120   65
   80   77
   52   72
   89   90
  146   60
  146  147
  144  129
  114   89
   62   61
  182   95
   72   68
   84   75
   88   82
   18  126
  189  142
   74  106
  110  109
  134  146
  117  110
   80  104
   66   93
  148  141
    7   54
  156  109
   95   99
   81   72
   85  117
   36   97
   43   79
  136  120
   91   93
   82  116
   70   53
   78  110
   59   44
   67   94
   97   66
  113   86
  120   43
  161   53
  117   47
  172   35
   74   93
  130   74
   60  119
   97   91
  152   66
   85  109
  100  113
  105  109
   50  115
   84   68
   84  114
  138   93
   50   54
   49  119
  111  126
   63  159
   69  100
   32  105
   66  155
   69   99
   91   98
  125   97
   84  147
   40   84
   43   76
   93  131
  127   73
  158   99
  101   68
   88  158
  190  112
   47   76
  113   96
   41   98
  108  155
  116   99
   66  141
  160   86
  102  103
  114  147
   75   91
   90  147
  107   69
   23  158
   75   88
   51   27
   75   58
  125   54
  120  101
   97   47
   40  100
  136   35
   75   58
   71   90
   15   54
   57   71
   84   59
  145  107
  161   69
  115   96
  143   43
  115   12
   91   51
   48   74
   13   98
  192   66
  126   50
   87   58
   97   54
   92   99
   85   24
  110   42
   78   87
   67   59
   74   70
   99  113
   93   92
   65  109
   57  111
   78   97
   93  100
  140  116
   71  130
   49  128
   77   72
  143  126
  106   99
  121  125
   88  132
  155  142
  105   99
  107   73
  119  128
   42  101
  149  148
   78  142
   77   54
  146  112
  103   54
  114  131
   91   77
  174   71
   15  122
  111   34
   65   69
  123  118
  109  105
   81   74
   92   88
   99   69
   30   79
   78   74
  134  110
  134   76
  158   52
  139  124
   84  130
  162   44
   42   37
  146   74
  126   78
   38   94
  129   72
   60   38
  102  105
  121  125
   94  127
   78   36
   70  109
   82   74
   45  121
   66   68
  130   55
  106  114
   49   54
  127   18
   67   62
   39   22
   19   27
   54  104
  147   36
   70   85
  136   26
  114   72
  176  111
  134  108
   95   55
   94   50
   85   82
  182   64
  110   19
   97   54
  144   26
  111   34
  138   92
  112   28
  157   97
   53   35
   98  110
   67  108
   50  121
   89  122
  105   83
   41   65
   62   98
   66   45
   54   66
  116   86
  177   77
  134  103
  113   44
   59   71
  139   83
   97  100
   65  109
  120   39
   37   53
  161   66
  188  113
  106   80
   92   43
  132   66
   87   33
   74   39
  119  126
   33   68
   91  104
   85   70
   51   96
   35  142
   59  133
   72  101
   68   94
  140  141
   40   85
  174  139
  111  121
  134  129
  121   74
   63  127
   99   87
   37   61
  153  124
  161   47
   74   54
  116   67
  136   77
  120   57
   40  107
   76  130
   75   90
   76   66
   42   73
   39   58
  105   58
  121  112
   91   46
  150   42
  123   52
  171  124
   58   52
  151   88
  129   79
   11   56
  168   72
   56   69
  103   51
   96   74
   68   37
  123   69
  142   58
  154  132
   25   49
  106   44
   97   81
   21   89
   19  102
   62   59
  112  102
   94  105
   89   25
   72   73
  167   50
   73   62
  120   56
  109   50
   96   84
  154   92
  116   90
  109   16
  129   41
   98  106
  153   97
   62   83
  158   49
   79   22
   93   82
   68  140
   61   75
  130   62
  127   65
   88  116
  118   52
   66   99
  112  104
   47  133
  170   92
  131   54
   75   83
  193  142
  106  129
  151  122
  140   92
   87   52
  112  137
  147  124
  152   59
   31  140
  101   68
   25   86
   66  127
   55   93
  130  105
  128  131
  121   56
  142   45
  134   45
   91   69
   48  105
   67   75
  120  129
   44  113
  151   45
  187   61
  103  118
  123   42
  140   68
  120   47
   23  125
   14  102
  147   26
   95   90
  120   60
  177   75
  104   70
  113   53
  113  100
   80   89
   79   66
   50   57
  155   32
   98  107
   81   31
  158   25
   76  106
  123   36
   49   67
  144   53
   59   53
  139   39
  124   33
   75   21
  169  104
   57   35
  122  100
  125   89
   75   90
  129  101
   44   15
  173   79
  135   81
   99   78
  173   21
   94   62
   88  102
   62   61
   94   34
   34   92
   56   89
   81  112
  164   69
   50  114
  165  140
   38  132
  125  118
   57   57
   15   80
  122  127
   73  133
   86   90
   94   78
   37   78
  130  115
  105   97
  131   98
   52  145
  152  109
  146   74
   60  148
  187   72
   94  107
  130   54
   90   99
   96  137
  154   74
  126   67
  161   73
  150  124
  116   71
  103  119
   81  120
  126   62
   97  100
  145  114
   47  141
  108  157
  115  136
  155   88
   35  141
   52  128
  106   74
   82   95
  128  118
  163   72
   52   80
  132  123
  129  146
  142  145
   81  116
   84  125
  116  154
  130  179
  131  172
   51  135
   40  123
  152  105
   88  110
   91  123
  143  139
  109  111
  170  135
   54  127
  107  171
   86  107
  185   67
   70   74
  135  125
  130   72
   90  109
  190  134
   76   88
  169   42
  113   90
   97   60
   95  119
   78   57
  132  104
   14   73
  110  143
  144  144
  130  170
   40  173
  134  183
   84  141
  148  185
  166  172
   57  147
   95  158
  111  162
   83  105
   10  117
  114   67
   94   65
   70   96
  135  118
   50  109
   97   60
  178   87
   83  128
  139  134
   90   92
  170  125
   96   75
   95   95
   79  118
  170  127
   95   93
  138  113
  127  110
   90   83
   78  134
  110   98
  121  119
   56  142
   56  101
  187   65
   38  125
  102   57
  182   96
  119   82
  134   54
   81  129
  157   69
   25   83
  153   80
   91   66
   81   97
  184   53
   45   19
  137   77
  140   27
  141   47
    2   99
  103  175
  101  176
  106   97
  105  143
  105  189
  144  147
  120  103
   95  146
  133  127
  100  122
  128   68
  147   70
  117   41
   92   85
    4  121
  133  129
   80  108
  131  132
   69   88
   78   97
   28  131
   58  158
  137  105
  104  153
   93  146
   92  178
  102  132
  137   45
  103   89
    6  101
   77   76
  112  129
    4  148
  170  131
   96  118
   26  108
     0.461