    1   21    4    0    1  337
   80   77
  126   80
  124   84
   31   67
  167   93
   33   91
   39   93
   97   93
   75   98
  176   79
   67  125
  113   96
  134   93
  149   57
   55   79
  101  141
   55   83
  102  132
   86   81
   74  133
  152   74
  157   15
   74    4
  103   98
  118   73
   99   85
   56   65
  100   38
   86   70
   64   26
  151    6
   93   96
  106   18
   69   75
  137   87
   53   66
   71   79
  110   78
   43   25
  147  104
   95  163
  163  155
   44   89
   78  102
   91  147
   92  107
  165  125
   24  126
  131  153
  143  130
  168   97
   47  123
  146  129
   84   97
   65  123
  158  161
   24  113
   63  143
  134  164
   37  145
  113  126
   24  172
   70  146
  156  105
   37  133
  187  162
   75  120
   87  180
  103  147
  177  115
  110  111
  145   88
  139  157
   71  153
  163   25
   90   14
   77   31
   95   55
   12  105
  122   98
   58   57
  174   67
  145   83
  147  100
   56   35
  197   46
   52   28
  149   34
  117   59
   64   32
   27  129
  132  148
   34  148
   33  140
   87   96
  104  121
  142  135
  139  106
  130  144
   39  152
  114  143
   62  189
   63  129
  128  157
   27  169
   60   96
   75   76
   30  105
   84  106
   46   25
  130   48
   68   59
  156   49
  124   83
  162   99
   95   52
  109   79
  119   49
   39   32
   64   88
   80   95
  164   93
   68   36
  132   87
   56  116
  122   84
   91   70
  185   41
  117  102
  138   64
   99   44
   80   61
   84   71
  102  101
   24  105
  192   99
   56   23
  168  104
  135   92
  114  101
   37   94
  100   35
   72   15
    8   43
  165   29
   75   18
  184   18
  147   67
  128   88
  103   61
  135   42
  112   32
  110   75
   67   89
   47   74
  105  168
  107  152
   84   84
   93  131
   74   99
  159  114
  131  123
  144  150
  112  132
   90  155
   98  102
  101   44
  146   94
  102   65
  127   41
   78   24
  115   80
  135   94
   46   69
  115  122
  151  123
  128  128
  159  165
   96  133
  104  153
   85  118
   38   96
  114  138
   92   75
  105   82
   84   90
   83  126
  114   88
   66  135
  100  172
  103   92
   46  117
   68  112
   71  157
   80   85
  109  125
  125   55
   74   51
  147   76
   30   55
   60  136
   94  197
   63  114
   56  195
   81   94
   71   82
   79   66
  117  124
   40  153
   49  113
     0.088