    1   51    4    0    1  653
   41  104
   72   75
  177  153
  151   85
  187  100
   39  118
  116  114
  151   98
   60   70
   91   72
  106  119
  127  139
  107  149
  105   96
  164  126
  116  138
   90   66
  124  116
  157   90
  109  149
  119   66
  105  152
   47  147
  152  105
   25  134
   98   75
  123  116
   33   64
  116  120
   93  100
   11   84
  103  139
   69   79
   96  103
  110  139
   90  108
   75   81
  127  114
   78  122
   80  142
   99  133
   69  109
  133   86
   66   88
   72  119
  127  138
  133  157
   87  115
   25  137
   78  130
   95   66
  152  103
  109   44
  102   23
  107  102
   51  105
  149   28
  101   19
   33   47
  107   49
   61   65
   85   98
   35   17
  135  107
  108   48
   23   61
  124   91
   93   37
  167   83
   79   97
   77   99
   54   87
  163   36
   93   58
   45   32
  159   55
   25   19
  139   91
   27   36
   82   31
   38   50
  101   66
  141   68
  115   68
   36   20
   31   13
   78   42
   52   87
   77   81
  151   33
   93   30
  111   58
   71   63
   57   38
  165   42
   91   82
   90   41
   37   83
   38  109
  192   29
  128   76
  168  109
   57   24
   87   61
  180   14
   16   83
   53   22
   37   88
  103   96
   84  108
   97   15
  119  102
  129   26
   97   87
  125   98
  136   75
  125   14
   96   22
   59   62
  101   96
  165   32
   34   21
   45   12
  174   82
   28   53
   92   65
   69   46
   45   65
   28   52
   83   94
  136   74
  120   19
   78   43
  102   92
   47   87
   84   80
  129  105
   87   81
   73   86
  105  106
   25   46
   23   83
  146   98
  107   42
   43   49
  112   94
   12   68
   83  189
  137  196
  117  178
   70  114
  112  161
   99  188
   89  187
   35  106
   91  177
   70  168
   40  130
  157  182
   98  171
   27  102
  110  188
  129  100
  158  147
  143  102
  113  167
   39  144
  123  109
   13  163
   72  190
   98  130
   54  153
  152  126
   36  109
   73  162
   22  116
  144  173
   57  142
   64  168
   63  135
   40  191
  100  115
   77  158
  124  186
  115  171
   38  188
   63  156
   25  134
   65  158
  138  193
   84  176
   90  162
   67  142
   50  134
   96  107
  118   82
  130   73
  148   65
   30  139
   94  131
   93   88
   70   99
   66   74
   77   60
  157  140
   68  144
   51   89
  130   82
  172  110
  123   73
  145  107
  108   64
   61   80
  130  125
  106  153
  120  128
  176  124
   23  131
   87  144
   21  129
   67   74
   41   61
  151  137
   81  147
   72  100
   92   90
   50   58
   31   69
  109   90
   93   99
   74   98
   69  132
  126  134
   18   66
   25  129
   75   96
  168   70
  116  120
  109  147
   26   69
  124  192
   73  166
  174  151
   34  143
  120  165
   23  114
   82  164
   76  138
   70  132
   97   95
   84  168
   40  121
  110  175
  107  148
  130  180
  113  101
  128  186
   47  116
  111  147
   50  109
   60  139
   98  139
   31   95
   86  154
   66  168
   55  136
  107  169
  160  105
  133  119
   73  160
   24  164
   35  110
   40  167
   87  178
   70  120
  160  186
   44   97
  122  192
   78  183
   16  108
   86  112
  129  108
  115  134
   35  127
   25  178
   47   99
  188  116
   36  118
   48   43
   26   48
   99  104
  149   67
  103   34
  110   47
  114   92
   53   38
  107  106
   95   66
  120  116
  150   41
  110   64
  116   47
  142  128
   61  124
  114   71
  128   75
   92  116
  118  118
  102   98
   43   34
   23  118
  137   47
  145   70
  122   50
   46  125
   39   40
   51   97
   78   61
  149   38
   68  124
   57  101
   92  102
   61   45
   56   46
  147   92
   95   81
   44   46
   88  114
   25  120
  155   50
   97   84
   91  130
   21   92
   46   98
   88   80
   46  106
  101  115
   83  133
   62  144
  192  128
  177  124
  116  145
  145   68
  115   66
   29  139
  141  121
  106   77
   50   63
   92  106
   20   94
   78  112
   25  114
    8  113
   29  101
  113   79
  101   64
   84   77
   41   68
   81  127
   89  140
  112  106
   73   74
   65  116
  125   78
  137  143
   35   84
  109   66
   71  109
  126  106
  103   59
   36   86
   15   79
   15  194
   88  153
  104   98
  100  107
   80  180
  107  194
  160  136
   92  106
   84  155
  102  130
  155  100
  120  106
  129  104
   41  150
   36  176
  186  166
   68  194
   94  113
  129  166
   63  186
  111  139
   87  176
   84  184
  111  135
   80  171
  121  187
  135  185
  105  113
   85  193
   62  160
   71  152
   81  154
  116  148
   56  167
   99  168
   57  120
   46  126
  156  138
  155  118
   41  140
   37  122
   22  163
  106   54
   87   18
  120   33
   75   50
   35   16
  110   89
  143   77
   54   73
  177   64
  183   36
  163   25
  152   28
  114   27
   77   61
   96   36
   90   55
  117   39
  153    8
   78   23
  122   69
   21   32
   85    7
   94   12
   85   76
   85   77
   83   21
   20   69
   24   45
   38   71
   58   11
  115   43
   77   63
  119   33
  146   31
   97   41
   73   87
  150   40
  119   64
   18   62
   24   59
   58   72
  118  102
   61   78
  147  102
   89  112
  176   76
  102   74
   48   65
  188   86
  127  112
  118   80
  139   86
  127  110
   73   92
   96  109
   64   84
   51   78
   92   51
   50   98
  120   56
   83   93
   11  112
   45   67
  101   83
  103   70
   54   64
   18   31
   33   87
  112   56
   76  100
  155   98
  105   48
   90   94
   81   37
   61   72
   12   67
  118   82
  121   95
   69   55
  108   61
   36   47
  101  107
   83   91
   27   56
   83   80
   94   71
   38   28
  107   95
  116  119
  123   47
  108   89
  106   72
   38  119
  147   66
  106  114
   66   61
  157  101
   21  113
  123   81
   93   59
   32   41
   66   73
   83   28
  104   21
   98   65
   51   45
   97   31
  120   54
   89   84
  102   46
  128   69
   96   99
   90  118
   64  102
   56   43
  107  119
  120   88
   28  101
   68   93
   42   33
   58   89
   69   69
  119  109
  110   81
   49   82
  168  112
  179  104
  108   97
   67   64
   59   66
  114   80
  159  134
   98   96
   38  135
  179  105
   95  118
   99   64
   49   86
   62   56
   37   41
  136   98
   77   92
   73  102
   72   86
   65   91
   97   67
   98   73
  129  115
  112  105
   92   61
   71   54
   72  136
   49   64
   90  117
  149   56
   41  134
   99  117
   71   41
   85   88
  108  114
   69  136
   44   88
  157  116
  101  114
   83   52
  150  114
  102  144
  123  132
  119   70
   27  126
   72  111
   84   59
  106   80
  171   92
   31  147
   90   64
   88   98
  132  102
  115  140
   89  137
   17   88
  109   72
   70  142
  100   59
  137   61
  154  139
   35  102
   54  130
   17   62
   68   96
  136  121
  114  101
   25   81
   57  119
   20  137
  108   75
   75   82
  102  118
  134   98
   99   50
  137   71
  128   97
   96  103
   96  110
  137  107
   28   69
  116   61
  180  102
   70   89
  164   50
   48   31
   56  122
   15   38
  106   91
  113  108
   51   63
   42  118
   85   81
   57   95
   75   87
  100   56
  124   54
   74   86
  110   27
   26   32
   94   78
  111   33
   84   28
   50  108
  111  124
   17   88
  123  177
   67  147
  158  157
  107  156
   96  108
   71  133
   85   86
  121   98
  115  157
   82   88
  110   81
  143  167
   72  157
  124  156
   30  172
   79  174
   24  167
  149  132
   99  107
  101  116
   53  152
   56   82
   80  176
  133   84
   89   94
   64  152
   44  137
   54   97
   33  133
   96  169
  127  162
  154  128
   54  105
   87  171
   55  103
   58  104
  114  116
  131  148
  158  107
  153   85
   43  137
   74  106
  130  107
   33   99
   43   68
  128   96
   33   88
  101  156
   44   72
   72   96
   81   88
  125   83
   95   77
   43   79
  106  124
   14   87
  126  141
   97   81
  138  109
  144  100
   59  135
   59  119
   81   74
   23  126
  101   99
  139  128
   99  144
   69  144
    7   65
  157   79
  131  100
   98  106
  123  104
   45   23
   31   22
  147   75
   31   90
   61   92
  122   86
   89   67
   87   48
   59   96
   26  119
   53   21
  103  109
   98   58
   90  104
   56   91
   86   76
  107   87
  104  108
   98   81
   81   71
   83   24
   56  115
  105  111
   88   95
  112   67
  123   93
   32  109
   52   66
   47  107
  157  125
  141  167
   73  173
  102  154
   60  195
  131  142
   65  111
   30  152
   94  190
   48  184
  174  131
   75  147
   31  166
   48  137
   76  196
  124  119
  120  188
   44  145
   62  133
   55  114
  113  167
   84  115
  144  166
  109  170
   90  195
   80  154
   67  188
  103  133
   93  140
   33  131
   69  128
   37  165
  113  119
  101  129
   98  173
   93  189
  176  107
   55  101
  104  152
  171  122
   98  152
   98  178
   40  171
   84  133
   55  148
   97  102
   72  160
   47  104
   28  100
   76  105
  117  146
   66  174
  159  119
   92  111
  114  102
   67  115
   55  151
   36  158
   76  127
  171  168
   38  180
   96  171
   31  109
  119  121
   47  172
   51   96
  170  134
   94  173
   96  105
  150  114
   97   89
   92  156
   37  150
  101  163
  102  139
  102  167
  133  174
   55  110
  108   89
   21   94
  111  146
  126  106
  120  172
   62  142
   65   99
   82  122
   38  115
   64   86
  157  138
  112   92
   51  165
   78   99
   95  115
   96  158
   73  138
   99  165
   22   71
   72  125
  158   94
   23   72
   89  116
  106   88
   44   73
   17  159
  163  112
   54  128
   46  165
  108  163
   57   91
  106   84
   46   82
   70  153
  100  116
   85  125
   68  112
   56   87
   65   78
  113  156
  173  119
   28   85
   86  154
   83  152
  120   75
  157  120
   27  102
   62   85
  165  113
   41   39
  116   47
   22   33
   67   74
   28   73
  139   48
  133   78
  123  109
   15   92
   30   40
   53   54
   75   97
   75  127
   87  113
  118   62
  139  114
   22   75
   95   60
  109   72
  140  118
   42   63
   43   99
   17  102
  139   90
   92  125
  114   65
  126   87
   47   82
  139   81
   96  122
   42   93
   18   71
  110   78
   53   80
   81  116
  106   49
   24  123
   55  118
   91  103
  105   66
   96   55
   66   36
   86  117
   70   30
   44   32
  135  111
  145   47
   77   76
   32   46
   92   46
  101  134
   99  149
   86  162
   45  172
   79  145
   72  151
   86  186
   85  164
   69  149
   79  102
   54  155
  102  106
   41   99
   34  173
  106  101
  140  188
  149  134
   81  181
  146  106
   77  184
   27  143
  133  104
  108  133
   52  141
   92  174
   99  153
  108   61
   98   19
   51   58
  130   78
   29   77
   57  102
   37  109
  111   90
   98   53
  139   16
   12   45
   97   27
   98   14
  113   19
   71   74
   76   81
   97   61
  125   87
   85   61
   51   21
   67   89
  137   56
   70   60
   69   40
   50   27
  129   46
   33   35
   92   74
   80   44
   73   73
   44   65
  135   41
   82   41
   98   70
   85   52
   34  115
   84   61
  130   88
   77   84
  123   56
  109   26
   91   40
   28   38
   29   69
   90   65
  171   73
   99  105
  109   49
   18   68
   14  123
  164  149
  107  117
   62  152
   22  158
  123   84
  146  104
   43   90
   79  140
  106   98
   32  131
  131  124
  159  161
  114  119
   84  162
   71  151
   66   84
  101  158
  133  158
  135  135
   26   86
  103  125
   51  121
   98   30
   94   96
   24   63
   30   90
  141   69
   93   17
   88   68
  104   43
   43   84
   78   82
  113   54
  146   33
  154   94
   62   21
  143   23
   75   41
   21   30
   73   99
  177   93
   63   20
  115   55
   20   90
   61   77
   67  125
   48  120
  106   89
   78  173
  111  108
   12  152
   90   97
   80  114
   60  122
  139  103
   70   91
   67   82
   92  133
   34  133
   19   96
  152   92
   88  159
   69  110
   99  117
   89   97
   73   33
   51  103
  140   85
  129   96
  127   71
   57   62
  103  111
   87   87
   81   89
  154   47
   75   47
  104   58
   69   63
  109   25
   37   19
   88   75
  123   99
  102   18
   50   57
   13   48
   79   82
  126   88
  148   61
   92   61
   27   20
   31   14
   42   58
  126   29
  161   17
   87    8
   65   22
  137    7
  107   22
  106   91
   75   37
  177   88
   50   33
   83   37
   31   41
  107   33
  144   55
   81   23
   66   39
   41   79
   79   30
  130   87
  159   33
  104   94
  107  103
   89   89
   76   16
  103   60
   96   49
   84   92
   50   58
  109   51
   12   29
  136  109
   63  163
   44  109
   12  152
   81  115
  109   77
  134  101
   93   91
   88  117
  140  133
  102  147
   35  127
  158  150
   96   82
   48  149
   18  151
   64  160
   63  149
   84  110
   27   78
   97   52
   86   89
   83  121
  121   89
   55   72
  149   87
   42   79
   68   84
   90  129
  169  119
   67   81
  116  145
   39  122
   82  128
   49   89
  100  134
  129  137
   97   99
  143   72
   62  107
  130   60
   88   60
   17  138
  109   48
  105   98
   39   67
   94   80
   28   86
  102   97
   96   65
   89   54
  110   75
   67   72
  111   51
  150   37
   49  104
   40   71
  116   64
  175   57
  108   67
   73   24
   47   65
   30   97
   80   75
   92   89
  141   32
   31   19
   56   43
   74   34
   15   25
  139  107
  134   24
  115   43
   82   15
   38   55
  124   67
   85   33
  137   48
  119   71
  123  108
   87  123
  101   83
  125   37
  135  121
   93   39
   66   99
   83   77
  148   60
  111   93
  103  120
  113   64
   11   98
   74   75
  101  122
  137   88
   83   46
   82  126
   88   50
  147  108
   35   95
  143   68
   76  125
   63  154
  127  145
  116   94
   53   85
  110  145
   78   90
  114   76
  140   88
   76  144
   44  130
  108  117
  174   81
   74  120
   25  154
   81  150
  104   83
   67  122
   40   34
  125   41
  152  118
   64  103
   23   71
   46  115
   78   76
   80   70
  136  129
  151  114
  104  138
   88  107
   19  128
   90   71
  131   96
  166   53
   70   21
   67   96
   81   18
  165  100
   85   46
   89   95
  113  105
   56   93
  120   80
  104  129
   36   81
   51   95
   81  126
   45  176
   71  155
   77   55
   28   54
   89   18
     0.554