    1   31    2    0    1  970
   20   95
  105  172
  110  165
  107  117
  163   91
  114  144
  132  101
  138  154
   80  172
  192   89
   10   90
  106  101
  172  149
  120   86
  173  107
   67  124
   88  101
  178  104
  119  135
   88  164
   65  124
   46   94
  137  110
  117   84
   64  109
   87  100
   83  177
   87  114
  101   99
   12  168
  143   86
  107   24
  114   95
   94   75
  142    3
  115   66
   69   81
   94   30
  138   10
   95   86
  116   57
  144   87
  164   34
  125    6
   81   92
   82   96
   97   65
  101   17
   96   34
   94   47
   75   36
  146   69
  137   59
   54   40
  170   28
  118   65
  137   17
   24   63
   36   59
  126  136
   82   88
  149  139
   72  140
  165   55
   97  132
   67   73
  153   66
   36  104
   43  103
  110  114
  155   68
  144  102
   72  113
  115  112
  133  150
  130  140
   55   58
  148  141
   46   66
   67   58
  123   82
   81   67
  169   58
   38   60
  144   76
   40  148
   74  140
  126  176
  111  133
   70  118
  150  116
   73   99
   72  176
  159  147
   69  114
   83   92
   95  154
  113  171
  157  167
  122  157
  109  122
  102  102
  102  118
   62  150
  105  100
  104  168
  112  150
  142  143
  100  148
  152  166
   84  162
   94  102
   72  182
   27  106
  131   60
  125  138
  178   69
  138  124
   65  103
  126  105
   60  154
   94  152
  109  139
  146  142
   93  153
   49   82
   72  126
  160  132
   50   61
   69  119
  124   70
   53   82
   94  137
  103  144
   85   92
  119  101
  103   78
  106  154
    7  128
   97   84
   85  162
  116  107
   97  131
   77  154
  119  158
   39  147
   46  165
  117  153
  159  139
  141  178
  101  101
   57  141
   91  148
   52  170
   40  111
   66  161
  120  158
  135  101
  184  166
   42  115
  131  107
   62  115
  146  158
   99  122
   28  123
  178   46
   49   48
   69   67
  191   94
   18  135
   74   76
  131   93
  153   60
  145   48
  126  133
   66   86
  150  133
   81   57
   29   78
   71  140
  126   88
   82   79
  194   99
   82   99
  154   89
  127  111
  110   53
   20  101
   81   72
  139  169
   47  127
  155  170
   11  101
   49   84
  182  105
  146  144
  129  140
   73  103
  142  125
  138  170
  106  142
   24  135
  115  165
   69  168
   61  167
  196  159
   57  162
  152   86
   36   97
  173  116
   32  132
   87  136
   82   74
  109   48
   69   91
   94   98
   95  132
  114  140
  101  124
  105  131
  108  111
  180  118
  115   68
   19  140
  102   56
   66   92
  102  125
  170  111
   75   98
  129  124
   85   70
  132  129
   17   80
   75   90
  172  118
   69  124
   61   51
   85  145
  160   85
  142  105
  116  114
   63   85
  133   96
  135   70
  106   66
   82   57
   35   52
   89   87
  117  112
  107  137
  126  128
   95  116
  163   98
   48   75
   64   49
   88  174
  104  188
  173  173
  120  134
  174  171
   80  150
  129  187
   98  101
  126  120
   95  153
   62  126
   95  187
  141  192
  156   99
   44  166
  113   94
  119  161
  124  110
   10  124
   52  103
   70   65
  163   95
  155   74
  170   18
   48   74
   91   31
  157   18
   94   24
  100   21
  129   13
  106    6
  136   18
  175   38
  105   91
  171   56
   78   39
  141   67
   47   38
   81   53
  136   84
   83   77
  119   36
  136   73
  120   85
  184  103
   49   35
   16  128
  114   88
   75  123
   76   38
  128  125
   42   32
  153   50
  108   46
  163  115
   17   99
   58  125
  170  174
  141  121
   96  123
   98   93
  175  151
   80  179
  108  178
  113   98
   36  150
   96  172
  129  130
   70  125
  120  148
   37  157
  119  106
   68  153
   52  178
  157  159
   47  176
  105  171
  165   97
   98  157
   67  156
   97  134
  126  133
   97  165
  185  137
  121   95
  147   83
  123   88
  116  118
   59  160
   66  148
   94  162
  115  185
   93  110
   65  170
   23   94
   72  143
  118  171
  111  119
  105  174
   82  187
  148  135
   47  114
  106  144
   82  120
   92  188
   46   77
  120   81
  118  127
   55  101
  127  126
  102   71
  103  120
  188   47
  113   65
  121  133
  104   90
  111  117
   28   66
   60   85
  132   97
  130   57
   26  114
   96  102
   39   92
   72   91
  192  126
   78   91
  102  140
   78   77
  168  140
   85  111
   64  105
  115   95
   25  106
  125  126
  110   99
   78  100
  163  177
   55  122
  137  123
  100  148
  120  146
   92   88
   12  131
  105   51
  151  136
   99  117
  122   96
  135  138
   84  108
  136   54
   89   56
  107  128
   88   69
   92   96
   82   39
   52   79
   98   56
  180  100
  110   73
  171   81
  104   34
  125   54
   68  101
   64   34
   74   81
   93   91
  100   98
   70   92
  115  106
  116   72
  152   90
   28  100
   74  110
   87   76
  148   81
  112  126
  134  110
  127   73
  178   54
   39   56
   67   35
  122  103
   58  123
  171   74
   34  150
  168  131
   75   76
   86  127
  129  184
   87  125
  117  159
  176  175
   43  167
   20  135
  116   73
   59   45
  177   52
   61  106
   45  112
   91  152
  149  117
   62  121
   42  160
  119  113
   45  106
   70   97
  104  116
   41  151
   84   89
     0.624