    1   51    3    0    1  941
  147   54
  121   60
   94   35
  133   72
   83   78
   94  130
   80   86
  125  123
   83   33
   78   93
   73   69
   90   99
  114  105
   93   93
  131   79
   26   88
  165   95
  115  100
   65   91
  128   42
   68   86
   25  108
  117  130
   97   36
  109  105
   92   53
   45   71
   40   34
   39   92
   83   78
   42  109
   78   38
  116   76
  128  109
   73   84
  112  104
   82  129
  152  117
   61  123
  161   99
   75  130
  109   76
  125   92
   97   84
  110   38
  125   53
   61   48
   10   91
  112   78
   89   81
  136  137
  159   89
  109  120
   69  130
  128   93
   71  136
  147  132
  107  127
  101   75
  147   79
  138  152
  114   92
   78  150
  116  142
   11  122
  170  117
  133  100
   93  136
  157  126
   73  150
   19   88
  168   92
   56   94
   45  147
  130   73
  132  157
  112  140
  118   79
   98   84
   65  143
  138  110
  127  103
   90   84
   62  151
  131  129
   14  148
  119  153
   75   81
  163  105
   88  121
  110  143
  150  103
   40   99
  122  131
  108  146
  105   96
  101   99
   90   81
   90   76
   95  166
   46  157
   47  140
  122  152
  108  149
  136  121
   47  154
  144  129
  119  170
   74  107
  123  153
  122   97
   58  154
   47   97
   91  160
   84   75
   86   91
  134  143
  130  141
   82  125
  178  106
   65  109
   55  120
  162  104
   83   89
  114  138
   31  143
   38   84
   99  169
   83  167
   93  139
  107  152
   53  123
  120   88
   72  108
  140  134
  117  167
  160  153
   63  114
  174  111
  181   80
  120  157
  117   97
  130   78
   68  166
   28   76
   48  116
   56   72
   82  143
   25  124
  191   71
  114   74
   95  112
   74  117
  123   99
   80  136
  124  117
  127  141
   71   77
   73  119
   87   83
  152  128
  109   65
   61  139
  146  115
   45  140
   16  126
  107   95
   48   84
   80   76
  168  100
   94  132
   26  131
   62  158
   90  107
  107   80
  108   96
  110  139
  130  135
  117  136
   67   79
   97  122
  158   81
   80   74
  162   70
   95   99
  109  129
  132  110
   49  107
  114   65
   59   99
  115  108
   73  105
   97  143
   82  134
   91   66
  127   63
   42  137
  163   57
  116   94
   77  119
   71  108
  157   68
   80   68
   87   87
   63   60
   58   99
  101  112
   96   68
   61   99
  160   54
  108   61
   84  118
   98   68
  112   44
  125   89
  149   77
  100   48
   62  120
   78   76
  114   84
   33   87
   92   63
  163   72
  161   72
  107  111
  111  101
   81   45
  138   74
   82  142
  166  141
   84   97
  149  123
  185  118
   76  130
  191   57
   65  112
   89  119
  103  113
  104   75
   45   77
  138   36
   72  107
  101   23
   63   88
  114   60
  157   43
  137   24
   49   19
   75  111
   61   65
  103   25
  174   46
  130   93
  117  104
  129   94
  130   87
   56   21
  173   73
   63   52
   78   27
  166   69
   59  106
   78   45
   74   36
   71   21
   70   52
   65   82
   93   95
  106  106
   75   71
   93   56
   27  101
  119   80
   85   95
  169   41
    6   52
  159   30
  131   69
   89  107
  120   21
  123   57
  101   39
   22   94
   77   76
   28   53
  117  156
  151   94
   45  143
   71   96
   87  152
  150  124
   56  172
  113  105
  115  160
   48  105
  104  191
  107  150
   98  143
  103  118
   89  160
  102  113
  120  191
   80  123
   95  111
  168  176
  131  154
   71  152
   46  148
   23  155
   94  175
  117  172
   81  144
  157  145
   65  189
  154  112
   95  101
  102   94
  138  111
  163  108
   27  119
   95  128
  177  104
  106  120
  146  174
   69  159
  132  142
   89  153
  138  126
   99  105
  141   37
   90   85
   87   84
  146   41
  109  112
  124   40
   69   44
  113   94
   45  126
  114   86
   86   32
  101   89
   97  102
   96   58
  104  105
  100   79
   58  103
  121   70
  105   33
   49  129
   51   64
   81   56
   72  103
   82   72
   79   49
   94  128
  131   72
   46   37
   78   42
   74   86
  164   36
   58  110
  105  116
   94   60
  122   89
  154  101
   92  128
  116   84
  108   55
   87  104
   32   97
   93   61
   45   86
   50  149
   90  136
   71   94
   86  139
   65   95
   88   98
  108  161
   12  178
  146  106
  137  135
   31  182
   92  165
   50  129
   98  120
  115  123
   76  131
   80  116
   98  111
  114  117
   47   95
   80  140
  108   90
   20  103
  141   95
  103  107
   98  158
   23   87
   90   88
   40  148
  166  151
  112  132
  160   96
   58  149
  115  174
  166  176
   72  184
  138  126
   99  164
   56  115
   75  176
   87  149
   79  131
   90  134
  162   87
  112   65
   50  126
  117  133
   57   93
   34   64
  102   47
  155   69
   50  107
  131  129
   50  109
  102   51
  131  134
   98   82
   82   73
  139  110
   60  115
   75  103
   75   49
  109  112
   24  123
   50  121
  153  107
  106  118
   94  123
   91   55
   90  123
  157   96
  126  123
  121   54
   86   55
  138   80
  132   81
   68  126
  173   78
   90   80
  128   59
   12  107
   59   52
   18   82
  126  120
  124  147
  115   68
  115   86
   77  113
   43  125
  149   55
  156  123
   27  144
  101   66
   96  140
   57  113
  124   63
   98  137
  123   57
  110  148
   56   82
   27   95
   71  110
   98   94
   35   91
   49   74
   94  129
  149  130
  112  144
  130   89
   35  100
  126  106
  101   99
  110  145
   57   66
  172   91
  123  129
   66   78
  178   67
  101   81
   52  109
  102  120
   64  149
   78   82
  116  169
   40  123
   87  150
   65  158
   61  157
  136   78
  101  124
   67  103
  120   76
   35   74
   92  163
  157  111
   68  163
   74   86
  157   74
   47   75
   65  116
   97   86
   28  117
   23  115
   80   79
   78   99
   78   88
   88  116
  131   78
   78   71
  165  154
  124  101
  151  104
   68  114
  124  138
  112  115
  120  100
  170  130
  151  122
   51   93
  104  102
   49  103
   28   93
  131  169
  141  101
  125  130
   56  171
  120   82
   88  138
   91  168
  146  167
   33  156
  101  168
  156  156
  114  101
   59  112
  103  129
  108  124
   95  130
   43  135
   91  121
  105  117
   70   88
  121   94
   90  129
   55   75
   93  111
    4  140
  173  160
   68  102
  109   94
   81  100
   83  135
  173  143
   35  145
  142   88
   81  144
   41  113
   55   79
   72  110
    1  108
   61  127
   75   37
   19   61
  169  108
  153   88
   71   67
  134   94
   80   44
   75   60
  188  106
   57   89
   99   56
  105   93
   71   89
   67   99
   46   99
   43   73
   50   50
   73   90
  142   97
  103   77
   23  118
   91  117
    3  109
  111   44
   82   53
  135   68
   95  111
   76   71
  130  108
  123   52
  108  113
   71  129
   42  122
   81   73
   78   37
   49   48
  118   99
   89  123
  104  141
   84   96
   35  116
  118   85
  129  140
   67  137
  114  146
  137   98
   44   76
  154  142
   83  105
  100  143
   84   96
  102   68
   47   80
   71  121
  133   80
   88   88
   75   52
  137   67
   14   53
  102  103
   86  114
  168   57
  101   53
  141  129
  163   55
  106  131
  191  140
  131   57
  123   53
   63  121
   54  145
   30  104
   99   68
  131   78
  117  127
   29  111
  106   80
   97  101
   86  147
  170  108
  110  101
  128   97
   79  107
   60  116
  116  149
   65  100
   64   61
  105   70
   74   63
  132   52
  120  148
  108  143
  140  138
   84  140
  124   82
  134  111
  154   91
   21   88
  130   75
  117  132
  109  103
  171  129
  145  148
  104   62
   45  125
  133   70
    8  132
  122    8
   71   79
  109   54
  111   23
  119   78
   85   61
  136   42
  133   72
  100   67
   80   69
   51   54
  120   50
   28   95
   23   91
   64   36
  125    9
  109   59
  161   92
  102   88
  111   68
   13   64
  150   41
   62   14
  162   95
   48   43
  108   20
  163   13
   52   59
  181   43
   96    8
  124   59
   73   38
   76   47
   27   51
  113  154
   75  180
  170   92
   68  141
   24  154
  119  136
  123   89
   75  154
  145  180
   97  170
   33  146
   64  149
   98  144
   80  115
   76  181
   93  123
   87  105
  113   92
   99   88
   98   99
  111  150
   88  135
   97  128
   39  121
  122  127
  125  180
   88  163
  120  146
   82  166
   59  167
   75  160
  132   98
   72  143
   26  121
  162  108
  115  101
   37  140
  126   94
   50  150
  104  118
   78   91
   67  104
  104   91
  108   96
  106   82
   62  131
  123  128
   73   90
  107  106
  103   76
   97  161
   94   99
   99  161
   52  137
  137  124
   36  138
   91  134
  150  125
   42  102
  161  143
  141   79
   43  100
   64  126
  100  132
   11  158
  100   75
  120  105
   61   42
  106   33
  111   74
   42   42
  140  102
   63   92
   43   97
  119   42
   67   76
   25   92
   90  116
  120   70
   82  119
   86  116
  142   48
   84   99
  144   93
   64  100
  169   36
   42  100
  147   80
  128  108
   56   75
  163  102
   87  118
  108   72
   78   75
   47  106
    9   55
   43  154
   80  125
  115  134
   81  186
  120  105
  150  111
   62  113
  111  107
   76  179
   59  148
  105  151
  142  188
   69  164
  151  107
   91  111
   61  170
   10  123
  128  144
  122   93
   93  111
   25  105
   86   94
  172   97
   29  112
  177  137
   75  133
  138  147
   40  161
  135  126
   94  101
   36   71
  158  108
   51   33
  100  119
   88   89
   92   75
   80   64
  111   44
  104   73
   73   44
   90  104
   94   67
   89   74
  110   42
  155  122
   87  116
  165   59
   59  113
  174  120
   80  102
  129   89
  165   82
   90  117
  140   71
   81   59
   91   55
   94   93
   81   56
   50   47
  127   28
  119   65
   78   52
   92   41
  132   21
   47   41
   83   26
  100   34
   82   33
   98   28
   92   24
  117  108
   82   34
   67   83
   69   73
  159   12
   73   79
  161   99
   30   62
  107   53
  123   32
   81   39
  164   18
   58   11
   58   26
   96   90
  134  106
   94   60
  108  152
  115  176
   97  189
  108  101
   35  190
   34  184
   99  112
   45  104
  106  110
  116  158
  104   99
   95  157
   95   98
   71  118
  114  187
  109  189
  137  132
   16  131
   84  192
   97  147
   83  177
  168  103
   95  110
   51  157
   47  167
   58  179
   12  111
   52  104
  121   58
  107   98
   22   51
   29   73
   61   85
   46   59
   97   45
  118  120
  104  119
  115  113
  133   61
    5  104
  175   96
  119  115
  179   46
    6   60
  137   79
   96   53
  106  106
  183   80
  102   73
  108   92
   53  102
  114   62
   50   70
  143   85
   96   61
   94  126
  108   53
  118  118
   80  128
  131   38
   84   92
   82   48
   79   48
   78   54
   37   79
   97   98
   83   47
   82   34
   40  106
  143  121
  108   85
   90   52
  127   80
  144   50
  121   91
   81   87
   81   56
    8  101
  113  143
  113  109
  121  105
  115  119
  112  149
   62   93
   82   81
  111  148
  107  162
  127  144
   82   98
  126   90
   96   81
  121  154
   41  129
  120  165
  143   88
  117  151
  157  167
  152  122
  138  106
   68   99
   47  134
   44  112
   91  105
  113   55
   74  120
  103   70
   46   75
  157  104
  121  127
   52   76
  150  123
   64   94
   97  109
   50  111
  103  125
   57   52
  103   66
  130   99
  110  135
  110  106
  130   89
   80  124
  107  136
  135  111
   70  115
  102  112
   88  106
   50   53
   71   36
  104   44
  104   93
  118   67
  140   96
   10   66
  111   53
   56   97
  120   49
   26   85
  148  103
  110   45
   30   74
  130  118
  138  107
   87   68
   54  114
   98   33
   92   43
   31   77
  115   76
   64   73
   81  109
   85   75
   54   26
   82  110
   59  120
   99   65
   92   66
  142   79
   66   96
  100   78
  147  115
   92  108
  186   80
   78   52
  133  108
   69  109
   88   44
    3  122
   93   74
  131   48
  122   63
  149   69
   73  116
   86   80
   30  114
   95   40
  122   61
  142   75
   39   50
  111   36
  109   56
   72   72
  143   22
  112   59
   77   32
   79   63
   49   22
   16   53
  131  113
   79   35
  106   92
   83   54
  127   62
   95   32
  136   46
   55   39
  166   30
   84   29
  147   32
  168   54
   54   33
  121   91
   94   88
   52   98
   57   67
  101   76
   47   74
   97   91
  106   52
   76   99
   99  139
   85   83
  144  138
  126   94
  169  141
   93  104
  147   74
  159  124
   52  139
  164   85
   83   49
  104  101
   62   99
   98   72
   59   68
  149  110
   69  136
  129   84
   21  140
  132  143
   83  162
  139   94
   52  130
   84  154
  126  141
   79   81
  145  124
  148  100
  130  165
   81   97
  136  162
   82  124
   56   86
  106  111
   42  106
  137   71
   92   75
  134  113
   16   75
   93  159
  176   96
  113   68
  160   83
   96   80
   79  127
  100   71
   68  131
   25  101
   58   83
   34   96
  163  104
  106   90
  120   63
   72   88
  118   51
  151   49
   46   90
   98   25
   98   37
   86   64
  107   24
  102   80
   31  117
   75  107
  139   64
  128   66
  154  152
   65   94
  110  103
  180  155
   44   74
  177   78
  141   72
   59  152
   45   85
   52  119
   72  154
  108   94
  144   84
  122   32
   96   38
  159   52
  114   93
   41   39
  140   16
  117   70
  122   38
   19   92
   57   57
   10   72
  132   99
  100  118
    6  129
  172  154
  138  152
   40  113
  105  111
  145  113
  109  169
  107  166
  106  107
   46  174
  146  119
   45   78
  146   86
  173  113
   30  141
  144   91
  119   61
  130  139
   85  143
   76  129
    6   58
   67  163
  117  138
  174  152
   32  131
  115  148
  101  132
  114   94
   81  112
   97  153
   12   88
  126   57
  105   23
  123   29
  147   45
  149   27
  118   54
   20   65
   91   83
   78   55
  124   92
   65  169
   94   96
  147   99
  112   82
   54  113
  134  116
   54   91
   48  113
  115  116
  134   97
  103  100
   61  165
  105  101
   55  141
  103   66
   99   28
  131   65
   87  111
   94   37
   68   80
  155  125
   72  155
   65  167
   82  161
   41  164
   71   62
   25  155
  114   92
   21  109
   61  123
  113   60
   23   92
   68   31
   29   94
   53   83
     0.789