    1   41    2    0    1 1174
   69   95
  105   30
  134   27
  114   22
  122  107
  197   69
   76   51
  101   83
   53   30
  104   80
  129  111
  123  113
  131   30
   80   40
   97   69
  157   80
  107   95
  130   68
   35   50
   45   68
  103   77
   62   71
   92   48
  146   61
  154   64
   27   46
  112   38
   88   19
  160   51
  135  114
  105   67
  128   28
  100   32
   50   24
  125   30
  126   81
  137   49
   61  103
   88  116
   33   57
  102   38
   48   78
  122   49
  170   27
  156   54
  154  101
   39   25
   71   82
   96   55
  150   41
  111   11
   92   35
   75   39
   98   12
   95   64
   26   99
  116   61
   38   80
  108   92
  144   35
   62  104
   78   24
  107   39
  129   96
   82   43
   69   83
   89   14
  150   59
  154   56
  125   57
  113   72
  136   35
   19   95
  101   89
  109   97
  147   69
   57   35
  126   84
   56   50
  137   97
   74   93
  107  102
  169  135
  166  172
  108   97
   91   98
  131  143
  148  117
  115  152
  140  115
  116  117
  137  177
  116  135
   85  184
  176   96
   69  157
   90  106
   70  147
  152  110
   45  169
  138  125
   93  185
   51  105
   98  151
   59  117
   70  136
   91  137
  152  118
  133  146
   79  153
   28   95
  115  109
   94  107
  122  158
   82   90
   70  152
   64   99
   51   77
  149   93
  108   70
  158   49
   77   86
   42   69
  103   78
  111  118
   56   86
  111  128
   77   66
  165  131
  158   73
   62   48
  146   68
   86  136
  104   48
  101  130
  104  138
   51   51
  126  108
  150   51
   61  114
  136  138
   84  101
  164   88
   78  118
   94  138
   96  114
   68   84
   17  143
   80   73
  128  100
  147  122
   82  111
  125   79
   57   60
  120  136
  117  122
  116   48
   54   50
   72   77
  139   43
   98   50
   61   65
  157  125
  126   90
  143   99
  186  119
   26   79
  124  139
   64   46
   44  101
   51   60
  135   52
   71   76
  156   57
  143  118
   64   70
  151   83
  106   42
  109  108
  123   76
   87  110
   72   88
  101  123
  100   88
   47  126
   61   67
  154  136
  103   45
  115  119
   78  122
  120  104
  120  115
   71  186
   98  131
  101  174
   99  138
   99  166
  115  125
  112  105
  148  143
  156  147
   47  119
  173  191
   50  105
   62  150
   53  189
  141  103
   96  110
   93  118
   84  165
   35  179
  123  159
   60  177
  134  181
  128  182
  142  151
   62  141
  151  146
   41  183
   63  182
  105  101
  131  141
   85  108
   68  165
   62  197
   98  144
  106  186
  122  194
  117  147
   87  126
   58  195
  112  156
   75  111
  149  124
   97  155
   87  196
  110  146
  105  172
   46  126
  144  187
   57  123
   84  113
   94  175
  163  109
  106  135
  151  100
   93  149
  137  108
   92  187
  131  190
  103  162
  140  141
   88  173
   69  134
   57  150
  143  116
  124  164
   87  116
   24  102
   62  169
   55  113
  100  102
   57  134
   83  121
  103  148
  112  143
  117  133
  176  118
  114   96
  119  103
  104  105
   90  113
   61   80
   92   80
  128  150
  104  130
  102  102
   22  158
   69  144
  121  133
  123  163
  121  114
  151  151
  142  132
  156   84
   44  139
   45  130
   46  124
   98  134
   54   84
   95  123
   77  131
   76  131
  122  111
  140  122
   64  117
  134   49
  135   81
  119   78
  128  113
   52  115
  131   49
   45  120
   82  129
   69  103
  125   47
  132   47
  105   80
  138  108
   75   71
  105   51
   87   78
   99   55
  162   69
  173   63
  138  129
   71   88
   59   53
   77   59
  115   52
  138  106
   74   73
   78   69
   65  103
  159   69
   69  133
   93   84
   85   58
   74   39
  179  103
  147   70
   68   47
  126  104
   53   48
  136   62
   95   45
  142   74
   92   66
   67   81
  157  130
   86   81
  129   73
  108   50
  131  128
  171   80
  111   36
   55   55
  113  102
   87   57
  100  109
   51   91
  180  128
  119   49
  104   95
   35   59
   91   80
  120  101
  113   77
   86  139
  166  113
  183  157
   25  112
   91  109
   96  163
  135  102
   49  159
   97  144
  104  121
  106  160
   94   74
   14   86
  107  102
  131   92
  112  122
  155   82
  122  152
  125  141
  116  158
   98   69
  112   92
   97  109
  173   86
   65   77
   61   75
   82   77
   79   62
   78  115
   81  136
  144  124
  161   65
  100   95
  153  133
   49  149
  111  121
   93   84
  149  140
  103   69
   85  116
   98  124
   74  139
   56  153
   62  150
  132  110
  164  110
  163  105
  112  106
  120  132
   18  146
   59  131
  136  146
   98  149
   59  135
   88   80
   48   98
  161  110
   62   68
  128  120
  160   85
  116   94
  158  127
   28   83
   54   82
   63  132
   85  145
  116  133
  121   87
  137   53
   16  127
   92  122
  114  146
  157  139
   86  101
  161  142
  125   86
  119  127
   49   59
   53  118
   70   75
   91   83
   84   63
   69  103
   19   80
   42   73
   82  149
  158  126
   29   66
  170   93
   24   70
   55   90
   48  154
  115  137
   52   84
  135  106
  102  154
  107  128
  148  149
   93   65
  132  149
  136   96
   84  152
  115  161
  105  114
   18  142
   58  157
   86   74
  149  140
   87   79
   51  145
   84   83
  107  133
  190  126
  100   83
  101   70
   45   84
   51  112
   66   59
  142   45
   72   74
  140   51
   98   78
   74  124
   93   38
   49   94
   69   74
   84   96
  123  104
  135   69
  113   98
   86   72
   78  103
   95  115
  151   49
  111   45
  107  119
   68  107
  162   97
   85  146
   85  166
   80  110
  104   82
  135  112
   72  147
  137  107
  129  167
   77   96
   17   82
  113  165
   82  154
  153  138
  122  166
  131  119
  139  136
  124  144
   68  163
   37  111
   71  156
  137  178
   87  133
   39  179
   73   95
  115  152
  129  109
   24  161
  123  182
   66  191
  122  158
  128  103
  104  121
  153  111
   97  103
   55  131
   38  135
  143  137
  172  131
  120  118
   83  142
   63  102
   72  185
   38  119
  140   95
  153  141
   56  191
   78  176
   68  121
  177   62
   93   98
   40   36
  123  117
   85   91
   98   93
   68   44
  152  121
   12   53
  147   48
  102   58
  123   34
  149   94
   89   65
  136   84
   60   91
   78   93
   96   45
   59  116
  108   45
  105   77
   86  109
   84  108
   90   80
   93  108
   77  130
  148   84
  136  175
   68  114
  112  101
   36   98
  137  113
  126  129
  126  132
  145  161
  141  105
  109  124
  130  164
   98  104
   47  114
   95  156
  136  133
  102  137
   62  172
    9  174
  110  108
   69   59
  103   69
  141   64
  143   33
  106   23
   92   97
   53   59
  122   40
  141   39
   75   49
  150   91
  131   46
   74   40
   17   18
   96   94
   96   24
   94   51
  129   23
  105   40
   99   21
  114   81
  115  117
   58  112
   77   57
  143  133
   93   48
  120   55
  105   82
  148   56
  118   81
   81  117
   59  136
   86  133
   23   94
   33  116
  113  123
  115  111
  125   84
  111   56
    7  129
   66  110
  117  122
  113   69
   95  123
   58   48
   53   91
  131   77
  162   86
  121  127
  173   82
  109   56
   86  128
   61   84
   48   84
   70   77
  163  127
  122   61
   52  125
   52   65
  137  106
  132  127
  149   83
   91   63
   74   69
  110  121
  128  149
  149   77
  121   63
  105  125
   60   57
   22  146
  103  112
   66  126
   86   73
   82   76
  102   74
   97   86
  124   46
   91   63
   61   79
   53   45
   84   61
  100   63
  158  109
   81  136
  132  128
   79   72
   53   65
  109  131
   69   49
  124   69
  146   66
  102   91
   78   55
   90  123
   30   98
  100  116
   82  108
   79   80
  157  140
  104  146
  116  139
  140   91
   70  110
   41   90
   56  111
  141   93
  126   89
   77  141
   24  120
   50  153
  122  133
   77  141
   71  160
  126   87
  174  112
  138  115
   70  138
    9  163
  112  169
   50  156
   84  147
   53  107
   54  167
   41   81
  145   21
   45   55
   98   12
  103   14
   85   53
   91   13
  115   93
   58   80
  105   34
  143   27
   99   84
  133   67
  100   48
   87   86
   74   86
  127   85
  143   79
  170   63
  123   91
  121   82
   60   56
   94   54
   75  121
  157  104
  110  146
   93  102
   91   82
   86  116
  131   41
  134   57
  103   81
   92   71
   49   34
   95  124
   63   62
  106   55
  106   89
   93  119
   52   46
  158  132
  128  147
  140  130
  128  118
   20  101
   70   90
   73   74
  102   73
  102  123
   88   92
   29  132
   86  110
   70  111
   73   96
   57  116
  110   82
  101  172
  100  113
   87   88
   68  138
    2  152
  127  169
  108  125
   49  176
   92  104
  128  138
  152   98
  139  106
   41  143
   84   98
   87  120
   43   80
   44  113
  136  139
  177   75
   99  101
   71  123
   43  106
  100  101
   99   75
   80  113
  148  137
   61  124
   80   79
   17   81
   78   23
  102   69
   89   75
   53   70
  113   44
   44   11
   97   37
  173  115
   80   33
   48   58
    9   98
   92   58
   72  129
   99   80
   71   86
   74  101
   91   95
   77  136
   86  125
   86  141
   79   95
     0.767