    1   31    3    0    1  605
  135   79
  111   69
   91  121
   88  141
   46  113
  103   88
   43  138
  185  117
   39  136
  108   94
   58   69
   91  115
   87  145
   50  110
   11   83
  132  137
  165   68
   63  115
   85   87
   89   86
  116   55
   51  104
  175  130
   89   93
  108  122
   10  109
  170  137
   60   88
   72  113
   22  129
  156  139
   65  125
  105  164
   45   95
   88  115
   75   72
  182  110
   43  150
  143  117
  105  147
  121  162
   35   72
   74   91
   77   96
  165  103
  114  148
   39  165
  143  109
   65  139
  109  135
  110   92
  146  153
   73  135
  108  156
   39  104
  125  113
  125   67
   62  103
   56  127
   98   90
  114  176
   55  120
   83  170
   63  171
  155  115
   64  136
  112   98
   89  163
   81  178
   78   81
   80   88
   20  141
  136  175
   84   99
   50  157
  120   85
   54  139
  159  159
   97  113
  107   97
   90  110
  127  152
   41  108
  113  100
   65   87
   80  157
   15   92
  130   42
   75  104
   84   53
   90   96
  159   38
   88   57
  101   24
   19   15
   55   71
   61   13
  148   51
   66   36
   97   35
   78   16
   99   39
  141   31
   73   99
  169   97
   82  106
  143   64
   78   28
  156   82
   97   74
  108   89
  120   94
  141   41
   95   36
   63  127
   75  175
   72  161
   95  130
  113  129
  154   96
  107  107
  127   97
   70  147
  107  154
    9  100
  134  147
   85   95
   42   95
   87  158
   77   87
   96  115
  124  112
   91  104
  109  178
  185   91
   23  167
  114  107
   52  160
  114  123
   73  156
   59   43
   90   48
  124   84
   77   68
   78   66
   41   45
  145   57
  108  117
   66  120
   88   59
  148   65
   99   70
   60  121
  107  101
   86  118
  145   97
   71   46
   89   49
   69   76
  149   76
   61   58
  116   31
   94   98
   83   96
   12  103
   60   40
  148   85
  109  128
  174  134
   97   65
  147   51
  102   72
   86   95
   32  108
   96   96
   76   45
  110   74
   60   39
  109   57
   84  117
   77   92
   88   71
  123  128
  171   88
   19  125
  164   50
   83  117
   82  100
   96   45
  142   17
   31   43
  172   14
   50   29
  149   94
   20   20
  102  105
   23   45
  100   65
  139   14
   60   35
  101   27
   48   53
   92   66
   66   45
  148   53
  148   24
  124   82
   83   76
  166   15
  124   75
  125   28
   44   80
   58  139
  166   92
   39  127
  102  135
   50  144
  132  110
   28  117
  124  149
  110  137
   50  182
   98  177
   82  118
  165  189
  119   94
  173  177
   65  123
  124  159
   94   99
  122  143
  128  186
   88  121
   37  183
   98  127
   55   59
   73   72
   77   71
  115  114
   24  102
  185   67
  102   80
   38   59
   93   78
   41  124
  121   70
   48  112
   97  114
   57   66
  104   43
   52   69
  122  116
   77   53
  121   80
   73   99
   99   89
   58   80
  102  168
   88   93
   55   91
  117  172
  160   78
   26  168
   57  158
   26   81
   88  159
  114  110
  148  100
   53  167
  120  114
   14  164
  158   89
   81  161
   96  129
   92  139
   68   22
   31   30
   52   42
   21   57
  177   74
  147   41
  108   95
   57   90
   63   95
  141   30
   71   92
  134   97
   75   74
  122  106
   52   84
  148   20
   98   43
  134  101
   12   40
   53  118
   65  119
   42   68
  105  118
  156   92
   37   74
   83  119
   77  145
  113  148
  122  122
   95   90
  121  151
  142  140
   38   54
  192  119
  110   80
   89  131
   50  119
  119   55
   70   60
  171   80
   89  103
   83   44
   97   37
   45  107
  142   48
   77   75
  184   87
   64   94
  104   76
   27   43
  146   19
   72   78
   95   48
   58  101
   88   90
  120  122
  164  145
   38   65
  113  124
  112  148
   88  131
  102   98
   99   93
   60   96
  157  136
   99  142
  118  101
   78   65
  134  131
   90   59
   92   47
   92   29
   52   35
  143   70
   93   30
  177   20
  114   82
   99   72
   64  101
  162   10
   37   89
  139    9
   42   71
   91   36
   88   23
   85  101
  103  176
   59  112
   51  150
  144  181
   47  182
  115  156
   91  147
  164  113
   91  187
  148  170
  107   96
  120  148
   87  144
   98   90
   93  105
   69   85
  116  102
   79  160
   88  158
  142  132
  132  102
   20   91
  109  136
  129  164
  132  108
   37   97
  115   74
   35   85
  174   50
  138   62
  170   63
   81   94
  179   59
   84   36
  178  112
   59   48
  114   61
   74   27
  113  148
  141  142
   53   92
  169   67
  104  103
  158   98
   91   81
  193  153
   69  147
   71  127
   30  132
  155   42
   72  100
  159   31
   75   51
  178   94
   89   68
  108   20
   75  108
  132  106
   85   81
   62   92
  132  118
  142  127
   99  104
   89  150
   99  126
   65  136
  148  163
    6  108
  160  133
   54   58
  184   72
   46   62
  113  125
  124   77
   95  126
   37  114
  128  168
  176  166
   98   91
  146   95
   52  154
  135  176
   54  116
  188   75
   57  115
  178  101
   45  147
  143   66
   29  128
   35  145
  134  115
   47  136
  149  141
   76  129
  118   31
   79   39
  108   14
   47   31
  134  153
  126  158
   49  167
  121   41
   83   48
   77  118
     0.278