    1   51    4    0    1  844
  152  121
  182  182
   76  128
  144  123
  114  150
  166  152
  101  187
   72  143
   87  181
  100  128
   89  131
   50  184
   28  150
  152  151
  146  179
  104  126
   70  135
   81  167
  130  166
  101  153
  125  187
  109  169
  170  183
   87  185
  129  187
   44  185
   96  181
  133  117
  138  117
  113  142
  124  163
   92  173
   99  180
   49  152
   84  166
  157  163
  129  124
   61  129
  114  172
  101  188
  106  176
   78  110
  159  167
   98  113
   90  151
  109  142
  135  112
   49  144
  175  159
   55  175
  146  194
   91  109
  152  132
   62  197
  148  184
  136  127
  109  118
   46  115
   96  151
   69  108
   58  104
   62  160
   68  177
  127  101
   50  102
   71  127
   93  134
  136  163
   78  121
   55  176
  129  196
   81  167
  183  101
  110  170
   33  126
   76  163
   95  125
  156  184
  152  141
  134  177
  134  126
   30  127
  124  184
   73  135
   87  126
   93  124
  137  108
  125  168
  154  120
   96  169
  134  131
  185  106
   82  123
  128  149
   92  104
   78  104
   79  174
   93  178
   69  107
   82  111
  134  147
  129   90
  170  165
   69  186
   59  157
   38  181
  143  160
  119  179
   77  152
  109  116
   84   98
  146  151
   55  144
  110  174
  101  188
  157  172
  120  118
  131  134
  184  172
   78  125
  113  103
  121   96
   92  116
   61   93
  146  150
  110  100
  177   97
  108  162
   95  107
   69  180
   91  144
  123  183
  128  135
   55  155
   58  171
  147  152
  114  164
  172  138
   61  178
  128  146
   77   90
   81  146
  142  172
  149  115
   35  186
  149  155
   57   90
   65   62
   47  138
   88   89
  132  137
   38  119
   53  114
  105  155
  118   64
   48   85
   23   95
  131   93
  108   91
   55  115
   98   65
  133   77
  165  110
  109   66
   55  110
  115  129
  101   87
  106  100
  163  154
  104   67
   63   99
  162   88
  133  119
  111   65
  138   74
   73   83
  100   67
  124   98
   94  124
  153  132
   54  114
  143   92
  152  122
  164   96
  104  119
   86   91
  188   82
   88  105
   80  147
  113   65
   83  110
   69  112
  103   93
   12   97
   84   70
  132  103
  133  149
  130  155
   58   67
   89   80
  147  158
   79  118
   42   82
   71   89
  155  134
   48  141
  123   66
  158  106
   87   74
  128  122
   71   85
  163  122
   88   83
  122  148
  142  129
   89   91
  132   66
   82  123
   94  159
  177   83
  132  126
   78  159
   40  153
   50   73
   79   97
  169   99
  113  149
   84  143
  114  100
  156  102
  128   87
   88   83
  120  137
   81  141
  129   79
  157  118
  160  157
   75  102
  172  158
   45  148
  108   84
  150   60
  100   64
   60  119
   74   81
   58   57
   43  123
   90   83
   94  103
   67   31
   96   63
  111   82
   75   85
  149   65
   47   36
   49   58
  122   50
   83   49
  164  116
  127   42
   36   35
  114   74
  117   62
  184   69
  148   43
  133   51
  149   87
   44   58
   85   89
   61  107
  150   49
  120   46
   71   43
  153   59
  115   36
   91  117
   83   56
  156  124
   14   35
  111   59
   98   42
  105  128
   35   95
  141   76
   74  119
  153  126
   44  174
  105  128
  106  148
  151  134
   18  150
   41  143
  144  145
   96   97
   77  106
   65   85
  103   83
  113   86
   62  110
   39  168
  115  148
  145  144
  127  149
  101  120
   85  102
  100  117
   75  146
   88  113
  158   86
  149  169
   72  109
   68  132
   48  167
   95  137
  153   85
   68  130
   99   83
  161  111
  119   91
  117  117
  110  106
  182  172
    7  108
  112  180
   69   93
  162  143
   99  122
  186  178
   33  123
   68  154
   49  108
   81   95
  139   94
   39  153
   38   74
  142  155
  118  119
   81  130
   54  130
   75  149
  171   70
   95  155
  135   76
  114  129
   89  111
   96  116
  156   78
  110  122
   96   71
  113   97
  155   90
   92  105
  140   65
   82  118
   50   80
  113  134
  113  116
  107   99
  117  105
   81  132
  152   84
  166  145
  110   97
  137   91
  162   86
   69  123
   89   71
   68   66
  153  152
  120  133
  132  113
   11  117
   38   46
  116  111
   91   98
   94   68
   51  121
  110   85
   71  131
   71   59
  101  111
  149   81
   79  118
   81   79
   60   87
  110  114
  152   57
  111   74
  171  118
  106   82
  114  120
  166   79
  121  108
  167   98
  115  100
  146   93
    6   84
   85   76
  113  100
  139  123
   53   64
  103   54
  181  117
  157   69
   80   88
   61   39
  185  122
   50   54
   47  103
  127   92
  113  110
  125  101
  111  121
    7   46
  102   75
   57   80
  112   97
  106  118
  101  119
  125   51
   50   99
   54   49
  113   50
   89   93
   69  108
   40   53
   94   68
  146  118
  174   60
  120   39
   17   22
   77   71
  162   88
   89   99
  132   47
  128   93
   76  115
    6  107
  138   97
  132  110
   98   21
   50   94
  102   46
  186   65
  104   58
  143   32
   91  109
  165  100
  102   30
   75   41
  142   48
  118  115
  100   41
  107   77
   60   94
  118   72
   65   73
  102  118
   99  117
   85  144
  135   75
   33  140
   90   73
  138   70
   99   75
   52  107
  124  141
   87  115
  165  154
  193  118
   78   72
  138   71
  149   65
  118  125
  129   77
  143  124
   67   80
   16  132
   83   88
  128   90
  154  127
   80   76
   58  157
  138  141
  142  126
  157   95
   80  125
  130  136
   43  154
  113   63
  144  101
   71  133
   88  145
  105   74
   94  105
   22  100
   62   70
  134   63
   86   91
   85   83
   78  128
  137  121
   79  152
   74  149
   96   85
  100   61
  164  112
  181   57
  186  105
   51  116
  101   66
  158  130
   90  116
  132   73
  112   90
  126  117
   33   60
  134   68
  154  106
  103  132
   46   86
   90   81
  112  108
  179  112
  133   88
   94  129
  191  120
   69   88
  112  104
   93   94
  158  123
  108  136
  186  143
   65  126
   54   58
   74  112
   97   85
   52   86
   55   45
  119  104
   98   33
   82   70
  107  101
  186   72
  148   90
  143   18
  195   31
   93   87
   71   89
   81  116
  122   79
  135   55
  115  105
   81   44
   26   77
   63   84
  142   26
   89   73
   65   86
  102   71
  162  114
  120   67
  136   86
  150   60
  193   38
   24   84
   51   52
   94  107
  117   92
   86   74
  157   34
   81   64
   81   97
  157   12
   70   60
   84   33
   77   98
  115   54
   75   54
   76   34
  139  105
  156   34
  175   72
  177   56
   51   81
  133   19
  141   92
   99   43
  137  103
  128  108
  143   17
   66   35
   74  103
  106   98
  133   25
   86   61
  133   73
  110  109
  123   34
  129   60
  107   19
  118   94
   20   74
   80   40
  125   66
  102   71
   34  103
  159   92
    4   16
  145   64
   87   68
  121   99
  160   78
  126  133
   88   92
   39   65
  130  103
   95  113
  109  142
  138  116
   74  128
   99   89
   96   97
  123  101
  166  143
  146   77
  134  123
   44   70
  129   86
  100   89
  171   76
   82   72
  127  155
  155  151
  106  116
  131   68
  143   67
  126   83
   34  136
   78  155
  127  103
  120  131
   92  143
  132  101
   84   78
  106  101
   36  123
   79   81
  142  107
   36  138
   52   99
  140   83
   86  163
  161  118
  103  109
   72  159
  149  161
  116  111
   93  128
  141  117
  104   96
  120  103
   44  106
   52  155
  127   98
   98  135
   73   67
   56  129
  152   79
  137  112
  152  113
  142  117
  192  118
   93  156
   58  151
   91  157
  150   83
   53   88
  147  162
   52  105
   98   79
   93   48
   79   62
  120   69
  118  123
  119   69
  149   96
  112   56
  154   96
   80   47
  117   68
  165  115
  141  126
  141  137
  107   41
   90   68
   59  105
   85  123
  116   48
  118   90
   78   93
  103   46
  145   78
  188   59
   82   48
  152   68
  178  137
   49  116
   95   72
   90   45
  148   43
   77  124
  151   50
   65   77
  136   28
   97   72
   44   99
   87   33
  101  106
  144   40
  171  101
  171   93
   95   37
   57   60
  108   73
  140  102
   87   72
  156  110
  146   65
   98  125
  128   89
  124   49
  170   32
  125  100
   87   42
   96   81
  168  106
  132   95
   91  113
  189   59
   41   43
   77   90
  140   90
  164   42
   48  103
  150   70
   18   41
  131   75
  110   84
   80  141
  171   77
  137   93
   97  122
  125  131
   92  138
  113  116
  114  142
   86  148
  157  155
   64   72
   77  135
   39  137
   70  109
  156   72
  165   86
  108  120
   55   81
  185  153
  137  105
  133  106
   80  112
  101  157
   90  153
  116  150
  132   74
  152   74
   44  126
  136  151
   81  150
  122  132
   64  142
   93  149
  150   84
  129  171
  108  145
   89   96
   59  138
  162  148
  164  119
  146  168
  143   75
  146  163
   11   98
  132   86
  123   89
   84  106
   63   77
   54  164
  133  100
  138  162
  121  139
   92  146
  168  119
  101  110
  128  143
  142  103
   94  124
  110   93
  184   80
    6  135
   58  105
  171   75
   99   40
  178  124
  161  110
   81   85
  137  106
   75   44
  147   46
  173   97
  157   44
  112  113
    3  105
   97   56
   60   93
  129   79
   68   96
  138   58
  119  109
  186  102
  105   61
  132  110
  166   47
   68   70
   35   41
   78   58
   75   89
   66  123
  162   50
   93  108
  179   56
   98   95
   87   64
  120   68
  103   49
   91   86
  135  117
  155  116
  136  119
  123  113
  152   38
    2   75
   45   46
   73   84
   87  130
  126   82
  111   90
  145   84
  175  106
   78   51
  141   74
  154   96
   74   79
   37   84
  138  103
  117   67
   72   40
  171   81
   56   52
  146  139
  125  183
  120  133
   79  106
   97  108
  136  158
  104  186
  113  118
  123  180
   99  155
   60  142
   71  100
  110  172
  159  151
  127  189
  133  120
  121  136
  111  180
   83  122
   92   96
  165  125
   20  183
  114  133
   82  108
  144  113
  118  161
   93  137
   12  121
  147  103
  114  108
   86   86
  146  137
  170   76
  114  115
   88  118
  120  156
   67  168
   34  154
   63  169
   81  129
  143   76
   59  112
   77  170
  141   95
  161  169
   97   95
  148   99
  142  129
   12   87
  123  123
  108   82
  159  118
  110  123
  167  162
   44  132
  122  157
   79  168
  101  165
   91  157
  157   90
  162  125
  106  148
   93  104
   38  145
   44   93
  111   97
  134  106
   79   97
   60  147
  179  147
  136  102
  168  131
  124  174
  134  139
   80  180
   56  137
  138  129
   68  132
   87  179
  161  168
   65  170
   48  116
  119  181
  122  125
  141  153
   96  184
  108  138
   95  127
   80  144
  117  177
  118  193
  135  162
   81  131
   87  127
  163  151
  130  121
  115  139
   97  186
  157  148
   37  130
   93  125
  112  155
  100  155
   78  158
  163  159
   70  154
   84   98
   93   84
  110   16
  169   75
  148   73
  152   47
   29   93
   46   48
  110   59
  139   39
   71   24
   68   18
  148  101
  117   63
   82  113
  148  113
  137   39
   49  110
   65   38
  145   63
  164   77
   35   37
   97   20
   84   36
  106   96
  178  101
  130  125
  133   67
   78   87
   99  140
   72  125
  102  118
  171   71
   34   96
   69  128
  168  128
  111  113
   89  117
   70   83
  113  124
   89  130
   57   96
   80  151
   72   76
   99   94
  167  138
   28   72
   99  132
  142  115
  147  124
  129   94
   95   86
  132  159
   62  127
   88  152
   57  162
   56  134
  151  156
  177  154
   79  124
  105   81
  134  168
   67  153
   62  132
  139  164
   86  124
   66   81
  111  145
   59  111
   97  158
  149  179
  155  168
   46  178
   85  120
  143  145
   87  119
   79  178
   80   86
  144  147
  165   89
  170  136
  106  148
  181  146
   18  169
   55  132
  153  130
   83   93
  110  151
  100  112
   67  107
  120  161
  139  121
   35  139
   53   96
   89  177
  161  146
  101  107
   54  158
  144  152
  174  138
   98  119
  103  142
  185   88
   71  142
   70  157
  101  180
  147  118
  115  142
  138   86
    4  156
  144  140
   75   89
   62   91
   89   85
   92   75
   71   81
   63  108
  151  156
  170  143
  121   82
  155   89
  152  140
  104  156
  128  161
  115  120
  113   78
   48   85
  136  160
   91   73
   18   75
  133   70
   93   97
  132  152
   43   75
   61  100
  188  157
  185  145
  145   68
   96   66
  122   83
   20  158
   98  130
  120  102
   78  113
   65  156
  126  101
   23   74
  123   82
  138   59
  126   74
   63   91
   59   15
  137   15
  155   35
  139   18
  137    7
  177   88
   71   86
  111   91
  142   97
  161   53
   43   43
   93   99
   14   83
  126   45
  168   91
  104  136
  136   78
  160   95
  183  118
  125   50
  147  137
  145   78
   98  104
   65   61
  150   66
   94   74
  119   74
  146   99
   28  115
  156  133
   65  155
   89  108
  145   60
  142  134
  150   65
  123   87
  103  154
   75   61
   71  147
  103  121
  113   61
  119   65
  173   79
   18  157
  114  147
   82  137
  134  146
  103  138
   82  143
  104  128
  190   93
   20  105
  121  147
  163  105
  162   85
   91  157
  121  182
   88  107
   61   91
   96  121
  176   36
  166   55
  128  111
  165   49
   18  116
   57   70
   82   96
   87   53
  127  103
  160   93
   72   37
  155   68
  122  112
   79   62
  149  108
  155  145
   92  151
  121  119
   88  138
   89   56
   55   67
  115  145
   52  100
  177  174
  141  138
  148  186
  153  143
  102  100
  118  117
  142  116
  155  167
   75  102
  183  170
   20  188
   86  104
  141  122
  104  164
   85  191
   47  175
  146  186
  164  142
  107  119
  160  156
   76  113
   74  118
  161  119
   88  157
   35   86
  113  108
  130   92
  106   86
  161  119
   13  113
  169  137
  100  109
   87   99
  124   83
   80  120
  108  103
   91  115
   31   94
   96  166
  112  193
  148  139
  139  141
   99  179
  118  109
   23  140
   47   84
  136   27
  157  105
   92   68
  178   92
    9   51
  109  114
   82  102
   54   86
  167   55
   35  107
  149  158
   85   73
  135   78
   50  100
   62  107
  166  105
   51  161
  106   81
   55  107
   84  121
     0.542