    1   31    4    0    1  463
  127  126
  129  119
   67  190
  148  133
  156   97
   85  125
  156  119
   57  183
   85  113
  142  133
   46  158
  103  167
   79  189
   75  170
  185  156
  115  137
  115  154
   96  138
   65  162
  157  149
   74  174
   45  160
   89  109
  110  114
   52  121
   57  155
  112   99
  105  155
   47  105
   60  106
   84   86
   70   74
  125  117
  113   45
  108   83
  120   99
   90   49
  102   82
  128  123
   94  129
  163   46
  142   52
  135   48
  129   98
   81   47
   85   45
   63  131
   64   55
  151  132
   17  109
   76   96
   99   59
   72   41
   44  128
  122  110
  115   97
   35   64
   46  120
   27  109
   39   93
  189   55
  140   95
   57   58
  157  129
   40  136
   49  129
   89   58
   54   63
   83  120
  110   65
  137   55
  148   77
  152  103
  131   84
   69   55
   61  135
  148   78
   64  132
   63  125
   38   59
  113   60
  111  135
   73   66
  180   63
   80   93
  120   68
   61   74
  121   79
   96   66
  117   40
  153   28
   92   45
   45   32
   77   68
   53   66
   96   98
  127    8
  120   66
  114   27
   80   10
   54   92
   89   24
   20   32
  134   77
  100  101
  116   47
  101   16
   89   63
   88   73
   94   83
  114   11
   55   67
   88   95
   12   44
  185  157
  115  170
  159  179
   70  171
   41  148
   81  136
   65  105
   88  149
   87  166
  122  195
  126  126
  148  159
   76  106
  114  170
  110  154
  116  134
   93  135
   59  174
   31  108
   84  176
   69  182
   53  137
  162  163
   99  185
   98  174
   34  108
   41   97
   84  168
   38  150
   45  129
  158  170
   94  183
  145  187
  131  110
  157  131
  112  158
  162  155
   75  122
   71  183
   95  176
  116  135
   68  137
   58  114
   89  137
   72  180
  103  166
  102  139
  162  156
   84  187
  123  125
   19   97
  104   89
   68   71
   54   63
   76   66
  125   70
  160   27
   65   81
  135   38
   96  108
   84   76
   88   65
   60   60
   40   43
  109   60
   60   52
   86  108
   75   59
  117   49
   36   42
   91   64
  104   85
   74   88
   75   67
   98   34
  106   79
   62  115
  152   79
   61  156
  154  155
   83  138
  124  137
   95   85
   82  114
   59   89
   92  100
   49  108
  159  104
   49  152
   91  162
   22  119
  105  158
   74   76
   81  151
  128  122
   58   83
  114   73
   41   80
   62   82
  124   90
   90   38
  140   60
   82  109
  116   45
   93  101
  155   58
  134   99
  140   24
   66   76
  177   48
   46   21
   59   30
   87   97
  111   72
  114   35
   51   33
  155   26
  109   86
  122   23
   78   66
   93  124
   87   48
  120  113
   98   79
   99   71
  147   83
  146  123
  134   37
   91   66
   62  132
  104   95
   58  101
   56   94
   80  130
  157   97
  100   64
   61   70
  182   91
   90  126
   48  120
   76  109
  123   72
   90   74
  118  114
  137   82
  118  163
   75  143
  108   90
  130  131
   90  104
  148  102
   16  127
   30  159
   60   70
   76  151
  118  104
   68   88
  173  143
   38  141
  112  111
   37  120
  155   60
   76   70
   91  121
  121  102
  157  139
   84  117
  122   71
  115  106
  178   63
   73  110
   24   52
   52  132
  109   52
   55  118
  115   41
  185  133
   84  126
   56  138
    7   51
  141  121
  132  168
   99  129
  147   92
  146  146
  110   79
   81  159
  103  170
  106   82
   96  129
   34   80
  157  102
  123  166
  132  108
  173   85
   68  155
  128   77
   23  105
  102   92
  103   59
  103   97
  128   73
  117   68
   83   52
  134  109
   24  125
   69  149
   42   69
   91   70
   48  128
   59   74
  119  107
   53   51
   92  141
   36  129
  166   76
  166  114
  104  155
  142  159
   41   90
  109   93
   20   79
   65   74
   67  168
  128   94
   39  161
   57   80
  125  146
   21  155
  133  102
   74  119
  170  187
   90  172
  101  144
   28  140
  136  149
    9  138
   63  146
   47   93
   92  107
  127  138
   69  174
  101  116
   45  107
   77  152
   46  162
   86  147
   49  142
   52  158
  173  148
   74  147
   83  126
   15  165
  116  146
   89   89
   72  114
  147  165
   81  164
  106  139
   88  126
  103   51
   43  113
  102  133
  106   89
   20  122
    9   99
  137  125
   61   99
   75   64
  114   55
   52  113
   81  133
   29  134
   59  133
  145  100
   86  136
  108   90
   33  100
   70   68
   75   82
   95   97
  156   68
   38  114
  140   76
   46  128
  150  111
   20   52
   97   59
    4   24
  157   75
   41   90
   96   82
  124  101
   86  118
   93  106
   40  114
   73  129
   30  155
   52  124
  120  166
   86  106
  118  116
  150  160
   89  109
   77  100
   40  104
   55   58
   59   71
  100   35
  119   13
   59   90
  153   66
   96   53
  129   16
   36   36
   65   45
  143   40
   59   19
  141   76
  100   19
   70   76
   84   62
    4   94
   73   21
   62   49
  126   14
  124   45
   27   32
  105   41
   47   23
   58   97
  136  162
  172  148
   40   97
  104  141
   88   98
   67   98
  128  116
   73   48
   43   81
   76   50
  156  103
   73   50
   57   50
   35   57
   14  191
  125  186
   15  106
   77   43
   14   36
   92  132
     0.149