    1   41    3    0    1  925
  132  133
  133  110
   75   93
   72   97
  129  146
  145  158
  117  102
   81  126
   59   89
   77  153
  155  110
  123  100
  176  152
  118  115
   83  132
  173  101
  100  151
   51  145
  103   71
   23   67
  132  123
   80  132
   79  115
  151  152
   34  140
   64   67
   52  122
   17   81
  131   81
  101   95
  122   60
  153  127
  128  113
   98   84
  117   99
  172  116
   58   95
  195  140
   99   60
    1   88
  125  174
   41  127
   59  147
  116  166
  103   97
   70  141
   94  122
   46   77
  133  123
  116  134
  154  130
  166  167
   92  170
  119  154
   87  133
  152  147
   71  165
  123  109
   20  109
  126   91
   63  149
   67   84
  102   91
   72   85
  107  151
  105   95
   40  143
  112   91
  183   83
  168  153
  126  115
  126  143
  183   91
  110  115
  121  146
   48  102
  130  123
  135  168
   93  148
   51   81
   86  140
  108   75
  137  153
   98   64
   75   79
  104   83
   63  137
  106   73
   92  119
  187  136
  146  113
  104   90
   86  131
  118   88
   66   96
  154   85
   82   58
  120   95
   42   88
  101  139
  174   72
   15  152
  144  117
  139  124
   92   86
   63   58
  182   63
  117  102
  191  148
  116  127
  163   57
   69   92
  188  103
   50  115
  105   65
  118  105
   93   77
  141   98
   81  137
  146   47
  122  136
  133  100
  110   65
  128   77
  152   45
  159   76
  176  121
  112  114
  133  103
  138   65
  129   80
   49   52
  145  123
   34  127
  133  101
   83   86
  144   72
  106   71
   27   73
   85   42
  110  101
   70   78
   99   61
  176   71
  180  126
  177  115
   78   64
  151   62
  102   55
  181  128
   35  108
  111   63
  126  104
   69  100
  123   66
  120   98
   35   63
   71   98
   55   63
   71   82
  118  137
  124  136
  100   64
   70  152
  147   56
  105  104
  138   91
   64   86
  120   76
  100  104
   97   63
   97   73
  147   65
  162  138
   38   61
   96   57
   68   79
  101   96
  101  140
  165  100
  143  147
  160  125
   82  118
  148  106
  130  148
   92  140
  101  125
  169   76
  133  130
   59  131
  165  140
   36  120
  133  111
   56   82
  113  100
  117   90
  113   79
  117   67
   80  136
  128   90
   85   84
  125   84
   38  159
  148   90
   43  140
  114  108
   46  100
   87   76
  106   70
   68  127
   91  101
   75   62
   38  116
   97   85
  172  102
  165  144
  173   68
  110  131
  165  118
  121  145
  111  154
   51  127
  194  132
  168   94
   52  126
   88  143
   67  110
   63  128
   58  143
  168   94
  102  170
  195  136
   71  136
  133  103
  137  100
   98  124
   93  152
  109  164
   45  153
   86  111
   46  117
  105   94
  174  116
   74  181
  101   93
   57  148
   91  100
  141  184
  122   92
   98  117
  138  129
  161  167
  138  135
   75  155
  162   94
  131  125
  143  140
  113  166
   35   87
  142   28
   46   49
  119   38
  115   30
   90   46
  136  105
  157   38
   89   57
  107   78
  139  110
   97   80
   86   73
   18   88
  162   99
  126   98
  135   53
  120   79
   35   65
  146   34
  128   88
   15   53
  138   88
  117   66
  181   53
  119  124
  124   48
  175   52
   77   32
   97  114
  130   28
  141   40
  147  104
   87   56
   44   85
  104  112
  101   81
  167  134
  134  154
   99  115
   96   95
  118   98
  169  143
   56  153
  102  145
  112  120
  156   83
   92  106
   86  157
  153  102
   22   86
  144  132
  122   73
   87   60
  113  118
  185   87
  151  128
  180  117
  124   65
  115   60
   80   67
  182  148
  129  120
  159  125
  117  138
    4  111
  117  108
  104   92
  115   93
  153   50
   92  109
  149  129
  152   49
  194  120
   24   46
  103  117
   37   50
  156   86
  120   44
   87   63
  102   52
  108   41
  133   56
  122  102
   34   88
   70   97
  140   91
  142   64
  149  129
   77  100
  154   96
  111   84
  128  133
   59   65
  105  105
   74   81
   93   59
  148   53
  152  142
  160  147
  118  123
  134  138
  136  116
  182  130
   67  128
  120   67
   40  108
  141  140
   58   87
   66   86
   99  116
   38  114
   73   82
  125  135
   66   73
   80  110
  132   53
  183  121
  144   83
  164  143
  101   86
  101  131
  150  144
  123  139
  159  144
  168  105
   40   57
  167   86
  180  114
  108   87
  142  113
  118  180
  142  156
   28  140
  157   96
   26  176
  141  119
  118  133
  113   95
   97  100
   71  147
  100  101
   89  106
   37  175
  117  161
   99  111
  172  129
  131  125
   84  129
  101  119
   81  132
  139  131
   81  109
  138  105
  128  136
   34  122
  153  142
   61   99
  111  111
  144  122
   97  124
   37  147
  138  168
   44  155
  105  100
   41  153
  118  117
  130   82
  102   85
  141   77
   65  167
   26  153
  106  171
  145  132
  103   95
  198   91
  153  123
  167  158
  113  146
  157  128
  123  138
  112  150
  137  111
   30  130
  133  172
   85  104
  124  183
  168  184
   68  125
   91  174
   61  181
  124  129
  112  184
  148  109
  113  143
   23   98
  109  105
   73  116
   21  104
   58  163
  122  103
  134  156
  181  129
  116  164
  124  164
  115  152
  134  135
   48  142
  167  135
   99  127
   12  139
  168  129
  153   86
  173  124
   59   73
  168  113
  100  111
  163   99
   52   68
   96   71
  182  137
   37  136
   72  156
  115   70
   86  138
   77  150
   99   95
  162   66
  109   79
  138  152
  127   80
  116  102
  142   89
   37   80
  102   63
  171   63
   70  131
  109  170
  193   76
   37  107
  167  127
   33  163
  114  125
   57  101
   96  149
  106  103
   31   78
  103  164
  102  112
   56   93
  151  123
  168  117
  179  155
  103   75
  129  161
  107  140
   64  157
  142  165
   86   81
  100  159
  169  122
   92  166
  122  142
    6  113
   80  113
   63   89
  119   87
  123   94
   74  113
  120  102
   40  103
  140  130
  146   98
  101  103
  127   97
  174  120
  113  146
  100  134
   85  112
  189   93
   65   85
  174  160
  127  135
  182  122
   91   90
   50  113
   34  178
  133   99
   64  147
  108  188
   92  157
   80  172
  178  136
   38  148
  100  152
  102  125
   18  102
   66  133
  129   97
  143   97
  121   99
  162  135
  134  152
   88  128
  162  166
  107  193
  121  153
   97  104
   19  157
  105   34
   19   56
  168   22
   96   81
   73    4
   98   51
   87   93
  120   35
   95   87
   95    3
  128   77
  131   99
  105   83
  173   96
  112    8
  121   48
  140   76
  148   61
  106   32
  113   93
  137   92
   78   90
   69  159
  114   97
   85  158
  122  120
  111  155
   82  170
   82  117
   87  158
    8  131
  141   95
  109  133
  151  152
  113  101
   97  105
  152   96
  143  164
  133  129
  104  160
  154   92
  103  173
   39   89
   84   74
   61   98
  137   52
  136   14
   31   99
   99   95
   71   43
   15   95
  139   93
  135   74
  137   55
  159   55
  148   39
  154   96
  117   85
  168  102
  130  106
  167   97
  145   46
   37  102
   58  155
   91   87
   88   89
   50   77
  107  109
   66  111
   44  134
   68   96
  136   98
  167  120
  189   77
   95  146
  178   91
  116  137
  121  131
  112   87
  114   79
  135   90
   33  165
  115   28
  143   56
   85   72
  142  113
  130   45
  101   81
  132  107
   97   76
  103   37
  184   48
   92   63
  133   97
  125   72
  121   41
  127   58
  134  103
  139   60
   25   53
  145   95
   57   92
  127   67
   55   85
   64   84
   80  146
  114  144
  121   97
  129   96
   72  107
  149  107
  134  144
  145   65
   44   94
  163  137
  142   63
    4   78
   72  149
   95  163
   54  167
   56   85
  118  137
  108  137
   97  138
  147  166
  129  172
  173   99
  140   87
  169  110
   54  142
  115  179
   80   89
   35  102
  101   19
   63  103
   23   33
  129   46
  110   13
  122   13
  118   91
   71  101
  189   43
   66   88
  119   13
  122   31
  123   21
  161   29
   61   31
  112  112
   12  101
  120  116
  180  101
  101   92
  104   77
  119   60
   96  102
  140   82
  184  135
   42  141
  143   96
   99   85
    4   91
   39  132
  136  129
  172  112
  135   84
  104   67
  130  133
  129  109
  124  137
  132   75
   72   82
  183   87
  130   98
   37  102
  142  105
  151   53
  142   92
  182   95
  139   27
  142   15
   64   24
  184   36
  114   50
  101   74
   92    7
   82   45
  108   84
  114   76
  176  106
  120  108
  150  109
   68  121
  102  101
   76   69
  102  146
  108   69
   18  105
  182  175
  150  101
  121  153
  168  185
   78  120
  146  167
   62  162
  170  115
   94   97
   81  123
  169  131
  107  100
  133   93
  128  179
  182  133
  108   92
  122  117
  112   99
   79  110
  102  113
  118  155
  156  184
  182  119
   67  174
  105  184
  157  180
   55  164
  119   80
  145   81
  154  114
  109   79
  133   80
  101   91
   94  108
   67  159
  165  181
   75   92
  180  155
  123  127
   52  133
  175   59
   68   70
  145  132
  154  133
   28   75
   35  179
  192  123
  159  152
   16   97
  178   73
  132  122
    7  126
   85  175
   23  109
   50  155
     0.614