    1   41    5    0    1  514
   41   62
  153   42
  185   64
  127  111
   64   80
   52  109
  106   59
  114   91
  108   34
  136   52
  101   89
   44   79
   64   40
   37  128
  108   61
   37   39
  168   72
  174   42
   99   46
   46  123
  109   90
   97   83
   88  103
  149   82
   55   73
   73   95
   94   64
  111  127
   95   66
  138  114
   57   39
  121  115
  151   36
   40  131
   92   71
   25  108
   76  102
  151   55
   85   97
    1   82
  117   50
  166   81
  154   43
  115   51
   35   84
  183  114
  104   83
   55   94
  151   45
  174   31
   81   81
   96  104
   61   52
  140  107
   86  111
  146   95
  102  102
  134   81
  119   31
   61   97
  108   67
  105   65
   71  104
  104   67
   97  107
   62   78
  149  116
  179  106
  134   41
   96   66
  170   34
   72  119
  137   30
   97   61
   69   33
   52   98
  149   25
   59   81
   47   83
  113  113
  186   72
   97  102
  101   91
  136  121
  171  148
  100  156
  122  103
  141  165
   44  140
   35  144
   22  123
  143  116
  105   72
  184   83
  146  135
  142  141
  107  163
   71  121
  145   89
   94  106
  109  123
   83  124
  113   87
   66  163
  133  110
  171  156
  139  148
   57   93
  125  123
  113  162
   49  109
   64   73
   65  106
   96  101
   63  169
   45   75
   66  109
  174  157
  100  124
   40  187
  144  155
  166  118
   92  156
  121  137
  111  118
  131  103
   19  112
   41  133
  172  148
  118  112
  149  131
  167  107
  109  156
  108  104
  117  191
  110  185
   99  175
  112  149
  105  109
   53  126
  134  130
  142  173
  139  168
  157  140
   59  105
  150  177
   69  113
   87  139
  127  116
   58  110
   67  143
  151  136
   73  145
   86  102
   85   94
   91  124
  132   96
  149  179
   53  132
  104  124
  156  135
   55  143
   97  105
   81  122
  166  162
   33  143
  108  178
  176  127
  153  110
   83  128
  133  161
   97  185
  143  118
  156  164
   41  166
   29   94
   55  170
  160  134
  125  115
  182  118
   84  157
  112   94
   80   94
   58  100
   88  105
  108  160
   54  159
  132  170
   53  161
   26  159
   87   94
  133   34
  138   82
   18   82
  188   40
  127   66
  107   69
   19   77
   87   62
   90  107
   90  107
  128   59
   97  121
  112  106
  102   38
   79   54
  133  107
  147   36
  127  101
   83   52
   34   67
   97   43
  106   43
   92  126
  167   73
   44  107
  137   94
   95   33
   61  131
  146   69
  110   73
   57  107
   88  104
   55   42
   52   59
  120   95
  150   78
   84   62
  188  114
  128   85
   45   78
   42   68
   92   86
  132   30
   72   18
  187   58
  123   23
   93   43
   75   92
   83   20
  135   41
   88   22
   83   68
  110  107
   39   68
   92   34
  156   89
  127   30
  137   94
   95   90
   92   41
  140   93
  128  101
   67  105
   79   56
   62   33
   90   38
   71   19
   10   30
  157  106
   55  110
  127  160
   93  142
  107  100
   52  112
   41  133
  172  133
   67  114
  115  145
  182  114
  110  117
  106  114
  121  179
  123  179
   96  124
  121  112
   87  155
   45  167
  127  153
  149  165
  127  125
  154  115
   58  131
  112  131
  146  131
  136  166
  121  178
  114  169
   30  173
   85  159
   68  184
   10  123
   15  175
  151  143
  165  155
   94  150
   35  107
   47  119
  131  170
   47  153
  178  139
  102  182
  130   94
   91  166
  129  145
   52   97
  119  183
  122  122
   29  140
   93  184
   46  172
  151  122
  147  178
  104  139
  124  136
  160  185
  103  123
  113  169
  130   97
   66  183
   28  129
  115  165
  105  140
   45  169
  157   29
  101   45
  132   25
   56   64
   74   70
  139   83
   38   18
  184   48
  182   66
  159   76
   94   93
  106   65
   58   19
  114   21
  132  110
   52   65
   69  104
   70   64
   97   21
  169   59
  106   32
  110   37
  173  108
  129   79
  122   25
   97   17
   58  111
   34   28
  131   86
   71   74
   37  111
  160  152
   77  138
   62  108
   47  168
  165  106
   52  117
  102  177
  122  162
   70  145
   48  130
  133  187
   89  113
  144  175
  142  100
   37  111
   79  180
   87  179
   75  176
  106   94
  147  183
   80  141
  135  163
  153  154
  130  186
   98   95
   42   99
   58  165
  110   98
   83  103
   61   94
   46  132
   63  173
   74  168
  176  176
   43   90
  161   90
  151  180
  126  182
  119  123
  114   92
  136  169
  127  109
  142  183
  113   98
   80  131
   45  183
  123   86
  115   95
  171  154
   68   95
  110  124
   98   96
   62  113
  118  180
   56  143
   74  163
  148  107
   61  137
   44  134
   59  110
   65  138
  176   98
   80   59
  166   95
  114   76
  134   65
  124   59
   75  106
  120  110
  103  131
  153  120
   30   99
   40   67
   77   81
  120   46
  155  134
  151   70
   88  104
  171   45
  163   62
  118   64
  132  129
   42   70
   89  122
  102   73
   95   42
   15   61
  106   47
  131   20
  110   32
  142   74
  125   64
  148   83
  135   28
  134   81
   87    8
  121   96
  144   52
   76   32
  104  102
   81   23
  130   83
  155   19
  101   71
   56   42
  136   53
  136  105
   73   54
  143   43
   50    7
  114   83
   71   17
   15   98
   29   23
  176  116
   80  104
  138   73
  169   79
  141   67
   79  110
   55   77
   83   86
  105  116
  154  110
  117   69
   65  100
   87   63
  115   89
  104   56
  161  102
  115   89
  109  115
  110   95
   84   41
  103   81
   95   67
   32   50
   66   52
   97   87
   94   94
   45  122
  180  106
  175  168
  144  145
   87   94
  138  167
   62  146
  135  164
   96  167
   50  151
   90  134
   65  184
  139  148
   94  130
  173  178
   88  102
  117  108
  151  182
   72  157
   60  128
   43  119
   67   95
   80  174
   87  121
   78  108
   93   93
   86   54
  144  111
  101  105
  110   71
   72   56
   80  104
  153   37
   50   71
   55   73
  108  116
  105   49
  144  102
  187  106
  129   93
   92  114
  162   52
  106   95
  127   83
   56  115
   78   84
   91   40
  101   62
   62   99
  156  185
   92  159
   78   92
   80  154
   73  104
  160  110
  137  173
  109  121
   70  119
   73  178
  167  187
  105  107
  142  107
   98  103
  113  112
  102  122
   65  133
  143  127
  109  101
   87  156
   93  125
   58  183
   79   92
  143  119
   56  117
   80  165
  116  133
  107  148
  127  155
  103  177
   64  127
  116  168
  133  117
  160   93
  165   98
   61  146
  130   96
   99  130
   89  147
  150  119
   31  181
   87   97
   79  128
   32  181
   69  161
  114  110
   75  150
  130  102
   80   96
   77  138
   70   83
   41  142
   72  118
   76  139
  106  137
  127  115
   87  157
  172  147
  103  105
  131   81
   61   72
  103   98
  112  114
   73   81
   95   96
   95  154
  118   51
   57  109
  157   43
  157  135
  117  129
   56   56
   49  107
   85  123
  155   48
  191  126
  118   61
  123  116
  123   75
   93  134
   94   54
   35   92
   66  108
   73   68
   62  123
   65   79
  127   82
   84   53
  133  143
   59   61
   30  121
   93   62
   99  122
  164  136
  135  125
   54  143
  170   65
   97  122
  119   57
  125   71
   99   60
  112   82
  139   69
   61   56
   28   62
  111  115
  118  147
   26  142
   64   62
   88  121
  165  141
  170  113
  127  102
  127  138
  151  133
   90  127
  105   74
  103  128
   95  100
   81   56
  123  141
   29   80
   61   97
  141   67
   29  139
   55  119
   96   77
  122   97
  120  123
   99  138
  126  122
  161  136
   99  114
   76  114
   88  136
   74  148
   42   85
  153   67
   47  142
   63  138
  101   65
  114   68
   86  124
  131  144
  105  126
  183  109
   75  117
  178   66
  137   79
   41  102
   74  156
   57  112
   78  116
   82   84
   67  161
    1   66
  119  121
  122   72
  141   51
  175  104
  177   75
   61   95
   82   89
  120   73
   70  118
   89  108
  108   74
   29   26
   85  102
   42  121
   10   64
   79  103
   95   99
  180   64
  111   79
  112   98
  141  109
  114   96
   65  104
  101   29
   59   91
   67   60
  136  107
   40   44
   79   83
  115   71
  102   96
  155  133
  127  117
  175   83
  112   90
  124   61
  117   72
   76   74
   64   97
   90  139
   18  124
   72   60
  138   94
  178   77
  128   78
   84  146
  142   87
   64   76
   67   73
   88   78
   82  129
   89  125
   24  110
   55   92
  185  124
   62  119
  140  156
   78  173
  127  123
  107  137
   56  126
   61  158
  138  142
   84  150
   28  115
   58  170
  163  145
  138  159
   74  161
   84  139
   32  149
   83  140
   80  105
  108  118
   72  105
  110   77
  131   93
   83  125
  120  104
   20   90
   42   43
   74  131
   20   94
   81  127
  100  117
  133  145
   77  130
  106  148
   69   92
  145  141
   38  102
   59  159
  101  158
   92  162
   90  100
   18  151
   73   90
   55  140
   48  130
  110   84
   79  131
   62   71
  120  120
   65   64
   87   52
   66   54
   64  111
  152   63
   52   98
   82  115
  110  117
  122   50
   22  104
   34  115
  148  101
   55   77
   16   48
   63  114
   53   70
   85   70
     0.299