    1   31    5    0    1  415
  165   40
  138   45
   92   43
   18   71
   80  118
  106  113
  123  105
   49   32
   60   81
  128   36
  146  109
   77   83
  140  108
   59   83
   36   79
   78   26
  171   83
  144  113
  144   99
   82   29
   94   26
   40  101
   99   54
   95  117
   36   68
  136  106
   41   70
  167   72
  121  105
   51  114
   91  114
  129  151
   74  102
  162  125
  144  139
  167   83
   75  169
   21  137
   51  143
  157  150
   48  120
  152  163
   71  161
   62  154
   92  156
  137   87
   87  169
  158   78
  141  115
   86  112
   78  152
  132  138
   66  150
   61  146
  147  168
   48  124
  155  144
  112  107
   70   92
  129  158
   87  128
  150  126
  132  178
  121   95
   71  151
   59  133
   51  165
   93  135
   55  137
   82  105
   66  162
   59  136
   91  162
  169  165
  137  184
  117  137
  138  116
  133  145
  109  141
   47  108
   39  177
   23  100
  141   99
   75  157
  143   93
  157   92
   29  119
   21   84
   80  122
  100   88
  149   54
   47   89
   68   53
   52  135
  132   54
   95   69
   94   90
   84   49
   96  127
   85  134
  104   62
   76   56
  109   99
  138  101
  103   86
   90  130
   62   85
   75  115
   45   50
   96  106
   71   57
  108  128
   99  130
   12   94
  162   78
  124   45
  175   68
   80   40
   43   94
   44   47
  106   29
   96   65
  125   54
  110   84
  114   98
   88  104
  181   88
  135   76
   89   82
  178   23
   99   44
   54   22
  116   48
   29   85
  106   82
  109   49
   85   69
  177   68
  120   35
   44   89
   86  104
  106  166
   64  107
   36   82
  101  102
  127  159
  111   84
  128  114
   80   83
   98   96
   97  106
  165  130
  128  128
  181  154
   83  169
  135  169
   50  103
   44  150
  101  101
   82  129
  166   99
   71  120
  152  132
  105  116
   88  171
  140  102
   44  110
   17  137
  129  145
  136   91
   69  138
  155  135
   79   78
   23  138
  115   69
  102   81
  104   64
   96   70
  148  139
   83  148
   89  111
   80  123
   59  158
   19   84
  155   97
  105  153
  139  160
  149  115
   59   89
   87  150
   93   83
  122   88
  118  174
   96  154
   97  134
   73  155
   91  127
   69  114
  158  102
  153  168
  179   84
  170   88
   65  128
   83  105
   65  101
   44  164
  111  111
  147   97
  106  112
  161   87
  123  127
   31  179
   93   88
  116   92
  129   30
  122   92
  162   77
  120   71
   85   65
   52   38
  177   72
  117   48
  172   36
   90   35
   75   72
   79   82
   51   64
  114   63
   87  123
  103   32
   52  111
  139  112
  141   29
   33   30
   87    7
  156   98
   52   31
  151    6
  107   17
   33   62
   71   48
  131   57
  157   72
  169   64
  141   37
   99   74
  129   71
   92   52
  101   17
   80   14
   98   85
  103   68
  130   84
  112   16
   17   78
  108  134
   91  135
   97   64
  144  117
   85  100
   88  113
  117   97
  158  135
   93  114
   94   71
   74   85
   97   96
   88  115
   54   93
   59  104
  160  116
   57   74
  124  103
  110  108
    6   47
  111  166
   72  177
  145  115
   54  130
  125   91
  126  121
  130  104
  140  101
   86  178
   60  149
   72  122
   71  169
   54   91
   38  102
   98   98
  127   91
  162  181
  142  120
   60  177
   71   90
   83   69
   43   87
   71   66
  143   80
  111  112
  173   54
  131   82
   87   41
   39   93
  115   77
  113  130
   70  123
   99   89
   48  121
  133  131
  138   57
   87   67
  104  117
   93  129
   36   91
  146  140
  111  100
  155  128
  103   72
   72  146
   58  109
   43  139
   51  147
   81  104
  187  121
  108   87
  147   87
  101   82
   47  129
   34  128
   63   87
  148  140
   80   91
  126   94
  115   88
  108   68
   56   57
  126  103
  117  109
   55  138
  170   59
  135  129
  114   66
   97  107
   10  138
  121   76
  171   30
  103   67
  103  100
  147   22
   85   48
  114   61
   63   98
   85   39
   41   44
  117  102
   82  109
  138   63
  153   67
   90   63
  128  106
  157  122
  108   77
   82   32
   57  115
   59   35
  100   95
  120  110
   60   80
  169   66
   83   94
  129   82
  147   44
   80   85
  126  175
  165  171
  109  127
   81   98
   89  140
   95  135
   27  113
   70  154
  137  140
   84   97
  170   91
  114  150
   40  177
  149  162
  107   98
   82  156
   87   88
   41   95
   40  148
   78  126
  165  142
   50  141
  115  118
  124  106
   41  121
  149  143
   97  185
   42  132
   52   97
   82  148
  107  146
   92  139
  114   89
  149  120
  163  184
   62  182
   97  167
   66  172
  130  154
  106  148
   87  155
  184   90
   88   88
  188  142
   97  135
   13  121
  107   83
   39   57
  117  118
   60   73
  185   54
  125   45
  168   82
  133   53
   50   76
  133  108
  113  131
   65   85
  114   82
  133   67
  128   76
  189  133
   55   51
   59  111
   30  129
  185   88
  105   89
  116   73
  144  126
   51   79
   72   39
   94   69
   78   80
  149  109
  179   76
   49  109
  128   52
   49   89
  194   68
  144   63
   86   18
  101  143
  185  130
  101  110
   74  152
  170  109
  130  104
   60   70
  173  109
   79  150
   45  137
     0.236