    1   31    5    0    1  371
   62  172
  121  195
   91  106
   33  165
  106  190
   85  112
   25  114
  193  191
  117  163
   32  162
   73  131
  102  110
   77  158
   78  190
  182  178
  142  103
   87  166
  174  116
   49  124
   96  157
  115  183
   37  171
   95  185
  126  180
  116  165
  101  115
  112  190
  102  170
   24  121
   57  177
  126   79
  120   78
  102   59
   83   90
   68   42
   91   55
  116  116
  117  115
   67   43
  127  118
   24   36
   84   94
  126   99
  164   78
  151   24
   72   57
  141   75
   22   77
   89   94
   82   62
  105   98
   83   70
  163   49
  172   27
  165   55
   83   29
   93  112
  106   37
   40   83
   96   44
   38   88
   46   39
  145   89
   23   99
  194   86
   71  115
   86   98
   37   36
   98   49
   68  110
  149   92
  102   49
  132   52
   58   81
  151   72
    3   79
   83   70
   68  109
   47  106
  121   85
  181   45
  128   70
  108  110
   25  127
  106  102
  120  114
   99   52
   29   91
   42  119
  134   79
   53  113
  118  106
   74   39
   56   47
   75  130
   57   78
   57   93
  145   77
  113   81
  112   88
   13  105
  172  117
   98   76
   86   91
   89   84
   33   89
  124  102
  170   76
  161   99
   96   53
   50  109
   99  112
   97   38
    1   35
   71   34
   98   95
  103   80
  111   14
  124  102
   70   44
  112   97
  108   31
  117   66
  112   93
  120   82
  163   30
   50  103
  152   60
   22   29
   79   80
  110   47
   89   28
  101  102
  115   92
   92   42
  172   18
  102   78
   86   80
  113   23
   27   45
  133  108
   52   89
  176   22
   93   22
   60  109
  113   54
   73   54
  108  103
   78   93
  140   98
  153   85
   35   98
  122   35
   28   34
   65   49
  127   69
  103   78
  105   63
  122   56
  181   39
  104   25
   88   64
  109   39
   74   61
   28   48
   36   63
  188   93
   60  114
  106  114
  110  155
   80  133
   70  113
  106  146
  121  107
  151  110
   35  106
  176   85
   93  134
   75  138
  152   89
   39  115
  164   79
  187  151
  132   64
  111   89
   51   70
  120   68
  100  121
   51   86
  120   96
   92   92
  107   55
   86   84
   33   82
   78   16
  130  103
  154   82
  110   22
   46   67
  169   32
   81   59
   34   99
   97   46
   72   33
  165    9
  153   53
  133  104
  185   76
   93   23
   35    6
   95   28
   67   79
  115  188
   46  187
  113  175
   99  163
   30  193
   79  166
  191  103
  144  147
  111  157
  178  159
   54  178
   79  129
   72  183
   82  112
  118  149
  126  153
  135  128
   96  156
   27  196
   49  127
   79  197
   11  134
   68   93
  112   74
   95   82
   86   73
   96   41
  150   81
  143   56
   65   32
  168   43
   39   76
   32   79
   98   47
   94   97
   88   54
  180   43
  167   98
  106  110
   75   71
   61   89
   32   47
   72  117
  116  116
   62  116
  121   84
  145   36
  149   94
   92   31
   76   95
  185   53
   13  118
  110   41
  152   37
   97   87
  123  113
  169   65
  169  115
  192  107
   69  113
   65  122
   44   73
   61   89
   69  126
   61   81
   91  125
  171  131
  137  104
  106  114
  124   69
   92  115
   41   71
   85   38
  107   36
  112   67
  124   72
  128   93
  169   48
   69  115
   45  129
  112   72
   96   65
  108   65
   88   22
  102  110
   99   47
   13   59
  105   64
   41   98
   69   49
   74   79
  105  117
  139   24
  133   69
  152   53
  185   93
   30   34
   23   43
   51  115
   38   93
  139   52
  173  104
  108   29
   87  109
  116   41
   77   76
   97   29
  118  120
   97  107
  100   39
   99   44
  113   61
  149   63
   52  124
   59  118
   41   44
   94   65
  140  148
  163   93
   36  101
  135   91
   61   96
   71   80
   70  136
   72   96
   76  102
  106  154
  178   64
  183  152
   50   80
   40   83
   34   64
   75  143
  104  118
   61  161
  122  127
   48  166
   72  180
   64  153
   93  166
  150  101
  124  103
  111  106
  172  101
   75  130
   55  179
   76  144
   51  120
   81  111
  182  101
   53  138
   41  124
   65  112
   60  168
  110   93
  178   92
  162  176
  133   99
   39  153
   75   94
   70  107
   17   82
  156   46
   98   57
   30   53
  121  110
  111   28
  142   67
  162   49
  181   69
  179   48
   27   87
  104   21
  101   46
   57  103
   54  166
   27  154
  132  128
  101   99
  165   95
  129  104
   96  137
  140  147
   99  113
  103  103
  106  157
   69  129
  108   19
   95   48
   63   20
  152   53
   97   86
  132   32
  157   19
   99   32
   81   58
   78   93
   56   78
  109   33
  122   34
   92  109
  149   26
   99  103
  145   31
   59   78
   49   52
   42   85
   33   30
   46  126
  147  149
  101   71
  156  130
  138  129
   82  127
   70  125
   45   78
   60  137
   84   54
  193   97
  103   79
  176   96
  103   52
  105   53
   79   83
   84  110
  177  104
  121  172
  150   86
   56  118
   89  120
   34  111
   90  135
  165   97
  121  190
   24  134
   51  138
  103  154
   30  116
  171  156
   73   95
   57  129
   25  119
   71  106
   45  182
   50  192
  103  176
   54  122
   66  106
  116   28
   57   45
   92   32
   47   64
   86   40
     0.196