    1   51    4    0    1  745
  128   99
   90   56
  107   79
  138  117
   99   52
  152   76
   90  105
   84   42
  170   58
  137  100
   43   73
   64  116
  108  119
   84   89
  166   83
   96  119
  157  115
  151   70
  145   52
  161   91
   62   70
  177   49
   55   76
   77  108
   68   91
   40   29
   79   93
  134  120
   86   83
   59   38
  101   84
   84   64
   87   51
  117   53
   99  118
   70  101
   65   54
  149   74
  104   75
   18   87
  145   41
  151   78
  111   57
   55   32
   69   73
   63   79
  102   83
   89   32
  111   42
    7   40
  114  116
   82   81
   81   59
  168  116
  175  108
   59   76
   82  114
  107  113
  136  155
   75   83
   90  130
  147  137
   58   86
  187   98
  177  105
  170  105
  106  130
  131   83
  184  114
   39   98
  164   63
  133  122
   97  146
   89  115
   91  157
  119  104
  141   65
   67   81
   36   79
   37   77
   64  112
   82  103
  114  130
   78   81
  122   98
   67  133
  144  153
  107  123
   41   82
   93   62
  161   67
   70   74
   90   65
  143  125
   76  147
   68  153
  105   99
   98   77
   90  106
   74   67
   71   95
  135   78
  146   93
  122   72
  143   55
  118   81
  168   54
  106  141
  127   91
   60  120
  141  120
  131  117
  105   91
  121  133
  117   84
   71   71
  183   56
   56  110
  135  113
   96   78
   78   84
  113   81
   57   53
   84  134
   92  116
  154  124
   84  130
   51  128
   39  110
   27   73
   95   91
   92  128
  161  130
   22   99
  164   61
  189  133
  105  104
   64   76
  119  141
  111  140
   79   86
   87   89
   72   57
  109   97
   63   80
   76  129
   20   72
   86  141
  184   99
  101  128
   41   85
  153   89
  186   96
  147   99
   41  134
  119  155
   90  144
   59   67
  107  128
  159  110
  147  105
   83  101
  123  116
  142  110
   94  115
  182  103
  109  115
   95   93
   65  148
   60  116
  106  143
   69  110
   86  147
   62  101
   50  114
  106   93
   71   95
  103  134
   81  159
  147   96
   30   94
  105   76
  168  162
   93  102
  130   83
  151   92
  106  130
   64  118
   58   73
  128   78
  114   99
   88  111
  127   92
   21  105
  174  111
  175   84
  134   67
  149  115
  109   84
  151   79
   84  104
   53   97
   92  153
   68  108
  120   96
  101  105
  107  116
  111  122
   63   83
   99  121
   88  104
  134  160
  106  116
   17   96
   68  145
   36   99
  103   93
  122  150
  130  135
   50  150
   43  127
   36   91
   65  129
   96  154
  149  127
  154  105
   88  110
  153  126
  182  140
   35   70
   99   79
  167  148
  117   72
   57  124
   67  145
  112   66
  121  149
   14   90
   49  131
   57  102
  131  110
  102  122
  116  171
  111  103
  174   90
   14  150
   50  129
   66  112
  110  116
  113   87
  105  124
  159  154
  150   91
  144  174
  156  105
   72   96
  150  158
   74  103
   35   95
   47   96
   20  131
  125  130
  109  139
  148  144
  104   92
   20   93
   77   98
   33   92
   53  134
  119  138
   69  104
  110  102
  126  159
  163  177
   46  177
  111  136
  175   95
  114  143
   38  167
  142  126
  104  127
   87  173
   14  134
   47  140
   40  145
  125  143
  113  113
  118  168
   77  119
   69  158
  130  114
  102  128
  106   86
  185  131
  184  148
  173  116
  133  134
  125  165
  188  140
   97  121
  117  105
   67  176
   50   97
   29   84
   66  156
  147  112
   97  166
  100  111
   63  178
   55  127
  104  170
   55  156
  116  100
  143  130
  159   90
   54  158
  131  140
  182  111
  101   92
  118  145
  179  142
  144   87
   70  149
   51  138
   49  127
  106   86
   70  172
   54  154
   38   92
  141   58
  149   90
  173   71
   51   62
  134   57
   71   38
  107   56
  130   88
  147  127
  117  120
   96  130
  134  133
  114   96
   95  113
  145   72
   97   92
   67  111
   25   78
   18  128
   99   47
  142   99
  140   75
   70  132
   62   65
  117   97
   41   47
   56  114
  165   42
  152   86
   75   89
   76  126
  112  102
   64   93
   75   85
  145  132
   81   48
   92  115
   76  107
  131   37
  136   83
   32  115
   98   65
    8  110
  152  112
  134  149
   16  131
  123  107
  131  114
  111   78
  143  128
  156   93
  179  147
   81   81
  160   97
  154   61
   46  108
  156  154
   65  142
   61  145
  107  132
   15   61
  104   88
  136   73
   61  119
   88   78
   69   76
  102  131
   56  157
   94   68
   98   76
  163   62
   64   76
   98  115
  188  126
   43  144
   90  113
  164  150
  145  123
   46   74
   49   86
   73   60
  117  137
   82  141
  128   87
   95   67
  164  188
  102  154
   75  106
  127   97
  112  122
  102  124
  186  180
  188  131
  103  139
   91  130
  105  130
   98  135
  113  161
   94  155
   61  141
   75  127
   49  143
  126  178
   86  131
  132  184
   73  188
   91  150
   96  183
  119  127
  108  111
  164  136
  151  121
   66  126
   78  194
  139  166
   65  167
  122  176
  106  159
  145  178
   40  122
  142  141
  102  118
  116  181
   89  159
   64  122
   95  142
   18   84
  101  134
  105  161
   73  120
  188   88
  124  106
  190   89
   91  129
   78  173
  119  170
   60  152
  122  127
  131   95
   46  117
   49  173
   95  165
   70   84
  117  141
  115  137
   93  131
   99  131
   81  153
   26   97
   70  131
   78  106
   79  123
   77  101
  121   91
  178  101
   35   77
  126  158
  107  144
  163  135
   98  174
   83  124
   95  113
  102   91
  101  171
  103   82
   34   77
   68   29
   81   55
  106   35
  186   98
  179   57
  172   28
  124   71
   86   74
  140   19
   22   83
  128   54
   83   40
   71   84
   74   31
  107   86
  163   42
   52   75
   67  106
   59   82
   34   57
   99   47
   99   81
   89   66
   93  100
  104   24
   78   89
  169   33
  127   58
  100   90
  137   34
  158   49
  160   87
   39   44
   83   11
   50   44
   83   46
   95   93
   68   11
   15   23
   52  104
  142   75
  148  135
  180   57
  193  120
   54  133
  142   86
  164   52
   68   93
  105   44
  106  130
  100   72
   95  120
   64   89
  164  111
  105   49
  137   57
  126   68
   19   39
  109  113
   52   63
   55  113
  121   42
   67  130
   97  116
  140   74
  105   75
   49   67
   86  107
   91  126
   78  126
  125  116
   53   77
   96  134
   62   83
   49   67
   64  110
   55   79
   78  104
  156  109
  105   76
  179   62
   56   85
  158   80
  103   88
   60  146
  163   80
  112   68
   79  106
   80   76
  102   62
  100   59
   99  133
  117   76
   42  141
   22  105
  112   96
  121   56
   80  145
  150   73
  145  116
  103   55
  142  126
  116  109
   48   50
  146   73
   89   63
   95  137
   56   82
   55  103
   84   63
   60  118
   74  118
   62  140
   92   68
  169  123
   96   92
  168   54
  111  130
  142   57
  187  140
  111  109
  184   71
  128  115
   91  100
   46   82
   46  107
  112  146
  146   69
  129   68
   46   85
    9   81
   47   81
  101   56
   41  137
  165  140
  158   82
   13  132
  141   63
  141   62
  111   90
  136   77
   91   88
  137  121
   74  107
   68  108
   72   84
   76   68
   87  134
   47   86
   63  138
   95  116
  181  172
  125   96
  132  107
  160   92
  106  142
  176  114
   64  140
   93  125
  117  189
   13  145
  153  157
   80  113
   71  142
  116  113
   21  176
  117  158
   74  187
   88  186
   79  119
  161  124
   18  122
  139  130
   98  174
  105   91
  111  153
  109  104
  120  165
  133  139
   66  171
   98  186
   81  184
   18  175
   88  122
   50  172
  158  130
   79  136
  142  138
  160  111
   61  183
  103  157
   68  124
  100  122
  103  160
   39  134
   77  117
  121  134
   68  173
   40  181
   31  103
   95  154
   81  121
   46  121
  131   93
  126  167
   53  131
   88  181
  111  110
   89  125
  106  178
  115  190
  125  116
  128  111
   79  168
   49  109
   86  119
   30  145
   42  153
    4  120
  122  128
  106  154
  172  128
   96  185
  106  195
  121  152
   22  119
   34  130
   19  100
  146  111
   55  176
  108  106
  105  190
   79  172
   76  161
   61  136
  117  177
   80  113
  113  192
   18  150
  107  112
  189  163
   50  124
  100  179
   97  108
  113  122
   65  131
   71  121
   58  140
   90  174
   92  101
  117  172
   98  196
   80   75
  189   63
   18  120
  182   92
  123   59
   41   75
   99  111
   34   96
  126  133
   92  147
  126   93
   45  128
   53  109
   94   67
   48   64
  134  136
   81  127
  147  113
   38  145
  154  125
  134   78
   75   99
   92  132
   93  107
  142   98
   98   54
   50   58
   85  100
   58   97
   85  123
   83  133
   11  107
  160  141
   39   84
  155  131
   89   80
   98  148
  111  108
   80  158
   83  115
  106  144
   75  145
   85   66
   83   69
   74   74
   87   95
  107  136
   74  112
  121  109
   86  123
  144  143
  176  115
   25  158
  141  124
  144  142
  104  121
   66   82
   57   66
   53   87
  107  159
   91   67
   45   84
   22   85
   83  127
  121  174
  131  168
   52  117
   75  100
   38  104
  129  133
  126  113
   84  137
   66  160
   30  162
   84  194
   36  162
   42  142
   96  147
  143  106
   32  195
  122  165
  114  110
  100  122
  100  139
  144  117
  158  129
   89  138
   82  142
  124  136
  115  152
   11  128
   87  149
   25  136
  135   87
   82   67
   46   95
   53   99
   90   32
  146   81
   79   81
   98   50
   57   41
   77   73
   76   22
   92   18
   39   24
   91   63
  139   42
  104  109
   81   27
  112   53
   48   74
  130   40
  113  106
  146   85
   54   41
   85   55
  120  101
  112   98
   35   43
   97   98
    5   18
   98  181
   38  158
  116  153
   58  152
   85  104
  134  104
   96  114
   75  174
   95  151
  112  110
   75  138
   97  114
  133  148
  156  124
   26  156
  120  163
  119  193
  102  148
  114  194
  141  184
  151  132
   52  122
  127  148
   96  132
  114  108
  103  160
   93  128
    8  133
   21   79
   97  129
   34  134
  159   73
   88  106
   63   40
  115   84
    6   66
   32  101
  115  107
   38  129
   80   73
  102   94
   48  105
  158   41
  174   90
   34   40
   66   57
  169  108
  147   39
   39   60
  111  119
   89   97
  101  101
   66   56
  125   74
   45   57
   70   40
   65   16
   78   68
  122   81
  142   53
   57   41
   54   89
   32   97
   51   43
   88   21
  149   91
  123   73
  103   96
  110   63
  162  112
   68  110
  115   97
  120   37
   93   30
   49   78
  108  100
   41   47
   73   32
   45  105
   42   32
   76   49
  107  120
  134   58
   70  104
  113  105
  108   92
   43   64
   34   74
   60   81
   64   29
  136   80
  151   42
   70   68
  146   70
  163   75
   71   86
   75   79
  131   39
  146   57
  105   76
   55   30
   76   35
  140   89
   84   26
   94  106
   50   40
   87   33
   67   51
  154   43
  129   29
   67  105
   58   34
   58   29
  122   86
  151   84
  110   30
   62   29
  157   22
   93   42
  112   49
   88   85
  174  105
  136   72
   96   26
  122   51
   48   28
   59   79
   91   57
   56   67
   94   80
  102  111
  153  136
   79  163
   16  110
   82   73
  116   78
   56   73
  108  137
   68  157
   84  128
   94  160
   94  131
  113  148
  106   83
   94  163
  141   74
   72  162
  128  120
   76  147
   96   71
   16   99
   45  147
   12   73
   99  102
   41   62
   64   67
   29   63
   32   65
   60  122
  110   68
  110   60
   65  116
  107  104
  109   92
   34   70
   63  144
  101  122
  161  133
  128   63
   58   68
   50  141
   90   79
  100   89
   42  140
   85   59
   56  145
   72  115
   61   68
   72  105
   91   84
   99  103
  137  130
  104   66
   80  132
  100   63
   51  145
   72   66
  166  125
   75  121
   74   93
   80   90
   87   88
  112  147
  104  143
  100  140
   20  112
   52   82
   98  100
   98   42
  135   96
   95  115
   99   37
   65   71
   99   74
  185  128
   90   66
  146   35
  103   65
   97   72
   80  120
   93  117
   76   51
   62  129
   57   92
   98   73
   63  129
   87   15
  107   91
  104   45
  152   35
  103   45
   30   61
  144   42
  133    9
   45   95
   79   32
  117   35
  162   97
  102   80
  111   76
   42   10
   69  104
   47   54
   73   78
   32   29
   25  103
  127  112
  101  112
  110   61
   43  104
  116  112
  161   39
   39  120
  107  116
   89  106
  144   45
   81   87
   62  109
   36  103
  106   93
   42  122
   72   34
   63   37
   50   98
  123   90
  148   84
   30   51
   78   81
  155  107
  104   57
  104   68
  104   65
  136   26
   52   79
  129   34
  130   62
  137  100
   39   72
   77   65
   14   99
  134   42
  126   47
   89   76
  163  130
  176  133
   85   85
   62   91
  110   49
  110   39
  104   88
   64  113
   89  124
  142   45
   54  104
  101  102
   54  112
  140  135
   43   99
  148  156
  155   74
   41   91
   89   93
   99   74
   86  117
  134  128
  141  119
   98  104
  118  169
  107  163
  128   77
   77   72
   55   81
  106  118
  163  109
   67  147
   92   92
  166   81
  151  164
  134  138
  110  100
   94  100
  119  104
   47  119
   87   89
   50   69
   81   53
  139   84
  102   32
  117   69
  160   73
  139   51
  114   38
   52   99
   77   22
   88   39
   35   76
   47   78
   61   57
  141  168
   50  132
  106   72
  137  166
  145  103
   62   71
  101  143
  127   74
   90  145
   29  120
   49  143
   31  116
   32  150
   95  167
  112  163
  147   95
   64  134
   49  112
  102  178
  133  186
   70  172
   85  133
   41  148
  145   36
  178   42
  111   97
   59   38
   71   25
  124   83
   97  108
   43  109
  128   99
   42   63
  180  113
   78   74
  131  101
  128  123
  115  102
   99   67
   62  130
  120   63
   34  122
  113  141
  123  166
   87  142
  123  144
  129  154
   72  136
   71  178
   54  113
  109  128
  134  143
   56  114
   98  160
   30  108
  104   78
   58   82
  118   60
   72   81
  150   41
   40   67
  121   91
   59  106
   38   90
  112  140
   30  114
   71  121
   54  117
   69   77
  106  101
   69   75
   50  102
   82   60
   82   89
    5   98
   93   98
   40   42
   81   91
     0.646