    1   51    5    0    1  578
   71    6
  154   17
   54   98
  147   17
  172   75
   68   10
    6   65
   36   11
   17   46
  128   22
   86    7
  129   19
   63  100
   58   67
  141   36
   72   55
  154   46
  102   89
   71   21
   66   73
   87   14
   98   50
  150   77
  112   21
   57   26
  139   33
  123   59
  128   57
   60   41
   63   50
  122  100
   95   45
  112   90
   21   47
   69   78
  171   79
  130   63
  101   59
  103   75
   64   26
  145   69
  158   47
  121   27
  132   70
  187   98
  173   37
  111   33
  148   30
   93   65
   98   16
  158  105
   86   23
  134   81
  164   18
   85   45
   10  102
   49   53
   45   31
  182   25
   92   56
  132   36
   98   75
   24   75
  163   42
  114   22
  147   77
   69   30
   20   32
   58   46
  104  101
  121   24
  110   23
   27   85
   87   91
   46   98
   94   81
  156   80
   94   46
   60   92
  110   29
   51   35
   83   37
  104  110
   90  110
  113  107
  155  103
   55  114
  168   62
   80   34
  156   63
  169   64
   90   77
  175   66
  104   77
  103   34
  101  104
   78   78
   91  107
   93   41
   65  111
  169  150
  160  146
  119  130
   96   91
   50  154
  102   98
  132  165
  131  183
  100  182
  137   92
   65  134
   77  145
   72  126
   83  100
   99  116
   82  175
   51  147
   32  158
   58  173
  107  179
   40  100
   71  154
  130  115
  110  166
  171  175
  120  184
   66  116
  128  127
  123  170
  110  125
   26  129
   20  108
   98  173
  149  162
  140  176
  168  153
  100   94
   69  137
  105  146
   61   91
  110  145
  106   88
  100  141
  133  113
   78   88
   92  120
   91  131
  103   98
  167   58
   75   35
   91   37
   72  107
   30   58
  127   33
  104   20
   44   25
  114   35
   57   75
  129   99
   85  104
  120   53
  121   45
   51   45
  103  116
   90   57
  129   69
  181   49
   66   58
   83   31
   47   37
   52   45
  174   25
   83   95
   32   48
  118   30
   36   23
   91   87
   66   79
   21   61
   97   76
   95   92
   60   77
  130   21
   97   88
  114   72
  109   78
   66   57
  141   21
  105   34
  149   33
   88   73
  104   27
   19   80
   39   72
  127   92
  111  122
   98  127
   19  157
   75  159
  147  140
  122  162
   89  125
  127  148
   60  120
  120  143
  131  150
  113  159
  114  125
   64  120
   53   99
  100  157
   66  161
  126   86
   89  175
   65  160
  122  147
   89   93
  155  115
  103  177
   61   96
  165  148
  115  167
   91   94
   29  138
   23   93
   94  176
  135  106
   79  103
  127  158
   63  145
   80  133
  102   82
   96  150
  100  128
  109  160
  142  139
  132  142
  153  144
   76  172
   97  113
   31  131
   43  160
   68  116
   77  172
  138  102
  121  131
  126  103
   61  107
   94   94
  115   98
  151  104
  154  156
  103   84
   81  164
   24   95
   83  112
   83  102
  187   95
   67  145
  131   89
   65  158
   81   90
   87   88
   59  151
  106  121
  159  129
   82   96
   72   93
   89   88
   44  165
  166  106
  171  131
  137   84
  109  144
   48  116
  121  130
  145  170
   74  172
  158   86
  181  115
  128  127
  165  168
  157  116
   63  166
   71  161
   23  120
   86   83
  111   84
  159  112
  125   25
   88  119
   95   80
   60   38
  100  110
   93   29
   91   38
  119   65
   95   59
   69   62
   94   33
   65   77
  119   33
   58   48
   69   75
   54  116
   72   38
  125   26
   58   44
   78   99
  169   48
   60   32
   86   96
   91   74
   46   84
  123   62
  101   90
   96   72
  112  101
   55   60
   77   52
  105   74
  143   75
  177   47
  115   32
  140   58
  100   80
  150   41
   58   33
   77   87
   60   37
  111   77
  116   42
   99   51
  117   52
   92   92
   93   94
   93   66
  149   90
   98   53
   99    7
   45   75
   75   34
   97   60
  122   16
  134   15
   69   44
   83   44
  119   44
  107   78
  160   81
  134   27
   43   57
  171   72
   85   90
  127   58
   94   79
   97   33
  145   28
  159   69
   79   72
  177   92
  114   70
  136  100
   85   70
  138   34
  141   55
  180   11
  146   26
  162   21
  116   30
   22   98
   67   15
   24   62
  100  101
  148   38
  123   36
   95  115
   61   99
   97   89
  137   61
  111   51
  119   73
   45  104
  119   61
   46   35
  130   65
  103   81
  101   49
   92   30
   62   65
  130   38
  117   70
   95   69
   96   36
   98   82
   31   75
   85   65
  104  114
   40   43
  176   71
  156   99
  145  102
  111  101
   81   90
  141   61
  171   34
  104  114
  137   28
  102   64
  100   68
   81   96
  156   53
   78   59
   79  112
  189   39
  149   52
   75   17
   60   53
   72   71
  145   35
  103   43
  115  101
  116   49
   24   17
  116   32
   66   83
  104   19
  178   78
   55   65
   62   34
   83   83
   91   15
   94   56
   99  106
   89   75
  136   78
  100   49
   88  107
   37   35
   63   39
  102   95
  147   45
   92  105
  165   58
   54   57
  117   67
  167   52
  105   41
  146   93
  119   91
  148   45
  130  109
   72   22
   72   18
   12   19
  126  141
  135  137
  118  121
   57  123
  116  125
  140  145
   94  160
  101  187
  107  121
   59  189
   88   94
  123  178
  177  182
   54  113
   56  137
  106  167
   45  130
  120   96
  137  172
   95   97
   88   96
   42  180
   90  120
   68  184
   24  185
  153  181
   96  163
  111  122
  114  154
   44  182
   82  138
  158  127
  129  177
  164  102
  187  173
  157  167
  152  139
  170  122
   94  160
   19  102
   92  127
  109   88
  102  120
  156  117
  145  140
  149   77
  144  163
  109  145
   91   91
   37  162
  119  150
  142  152
   59  131
   53  157
  106  124
   48   86
  172  147
   74   98
  115  126
  107  120
   72  141
  127  132
   58   98
   20   83
   97  143
  131  141
  139   72
  140   92
  123  103
   69   79
  140  126
   53  104
  152  169
  175  152
   90   79
  118  148
   75  111
   97  109
   97  155
   53   56
   39   65
  101   59
   65  135
   90   75
   60   43
   26  116
   51   45
   64   44
   47  116
  114   62
   31   53
   62   56
  124  137
   79   70
  163  122
   75   88
  103   44
  127   59
   30   69
  101   64
   23  100
   55   88
  171  105
  145   83
  123  105
  157   88
  105   64
   98   81
  156  112
  150  117
  145   41
  115  132
   97  123
  165   53
  125  108
  100  106
   69   51
   91  130
   86   85
   99   65
   83   56
   61  111
   68  139
   36   73
   38   49
   56   86
  108   50
   38   65
   87   45
   77  119
   81   55
  173  129
   65  123
   59   69
   96   57
   87   52
   77   49
   27   88
   93   95
  163   71
  162   46
  105   84
  159   77
   71   92
  110   60
  127   93
  122  139
   85   53
  171  110
  161   58
  168   85
  139   80
   90  116
   11   57
  124   97
   86   68
  175   69
   95   75
   14   66
   67   27
   14   59
   40    7
  135   85
  108   61
  107    5
   96   18
   92   26
  182    8
   62   47
   24   81
  155   47
   88   72
  154   70
   64   31
   53   75
  101   34
  144   90
  122   46
  163   72
   89   91
  106   94
  177   68
   85   53
   86  100
  149   61
   83   58
   90   47
   89   22
   77   85
   66   46
  109  163
   84   78
   60  158
  101   88
   60  145
   85  131
   57   99
  112  154
  108  124
   64  141
   57  117
   76   89
   93  149
  149  148
   25  162
  117   95
   98  102
   81  156
   22  117
  113   69
  168   69
  138  161
   94  115
  121   90
   93  150
  150  163
  113  147
   99  137
   88  145
  160   86
  134   80
   88  159
  115   70
   81  111
   33  114
  160   88
  105  142
   22   63
   53   83
   98  118
  132   95
  125  142
   92  105
   71   67
   64  113
   86   85
  103   99
   66   88
  102  145
  146  133
   40   61
  129  139
   36  133
   66   67
  136   97
  177   64
   89   88
  170  104
   60   68
  129  118
  152  136
  148  144
  147   82
  149  138
  146  111
   93  106
   73   80
   34   67
   42  127
   69  113
   22  166
   56  101
   49  120
   59  178
  153  128
   69  148
  112   83
  111  154
  117   96
  164  168
  144   92
   82  133
  159  154
  101   99
   69  109
   96   89
   72  121
  149  115
   95  131
  109  154
  105  143
   50   83
   90  175
  159  118
  125   87
   93   91
   92  144
   78   94
   82  143
   74  124
   19  148
    3  139
   36  142
   86   53
   54   76
   36  115
  125  106
   75  130
   92  134
  135  121
   87  141
  141   51
  150  122
   89  134
  151   62
   66  125
  131  113
  110  109
   88  100
  103  119
  143  103
  143  113
  183  121
   53  141
  122  101
  152   74
  150  114
   94   60
  138  144
  132   67
  129   77
   95  124
   39   51
   38   53
   47   83
   26   27
   55   69
  153   28
   77   65
   98   96
  111   54
   54   88
   88   65
   95   56
   30   66
  150   43
   74   95
  117   84
   20   15
  106   76
   97   43
  159   15
   48   14
  115  105
   50  102
  147   43
  168   68
  131   40
  131   26
  132   20
  168   29
  122  102
   90   11
   83   63
   74   56
   17  105
   55   27
  126   52
   56   65
   78  100
   98   31
  126   90
  168   27
  138   30
   92   35
  145   88
  108   26
  148   85
   39   37
   84   42
  134   65
  120   86
  110   78
  141   83
   80   36
  106   96
  134   68
   68  116
  120  113
  116   38
  132   46
  102   36
   93   98
   15  105
   37   50
  131   46
  194   96
   73   70
   48   60
  130   47
  115   34
   90   67
  111   19
   85   49
  142   90
   45   17
  124  102
   66   97
   52   49
  152   19
  142   80
  113   53
  158   94
   77   17
  108   76
   98   77
  136   50
  118   81
  146   79
   91   38
  168   80
  157   62
   98   61
   89   16
  133   36
   62   47
   63   70
   67   75
  116  101
  100   97
  104  107
   47   62
  141   84
   54  100
  102   68
   21   54
   42   54
  173   84
   97   84
   56  117
  170  106
   87  123
  112  123
  138   43
  136   75
  135  107
  103   56
  167   63
  142   49
  136  116
   62   58
   20   43
   72  180
  117  191
   92  184
   83  121
  182  176
   90  100
   82  168
   88  151
   91  162
  144  139
   21  193
   62  104
  106  129
  154   98
   90  161
   96  135
   53  115
  116  163
  127  187
  145  112
  134  187
  170  154
   88  104
  164  130
  169  161
   14  147
   19  117
  106   74
   61   57
   85   26
  111  102
   94   75
   72   67
  160   67
   61   93
   88   93
   37   93
   98  113
  167   43
  157   68
  111  117
  119   36
  107   99
  149   41
  131   87
   57   65
  130   27
  157  102
   78   89
  139  111
  139   59
   59   25
   73   30
   87  101
   82  110
  180   80
  130  109
   71  130
   77  119
   28   78
  150  136
   68  136
   74   79
  130   94
   86   50
   78  136
  171  111
  123   47
  118   55
   84  120
   85   85
  125   82
  184  107
  166   55
   89  122
  143   66
    8   87
   32   59
   59  143
  150  103
  117  110
   30  105
   84   46
   71  126
  120  131
   96   97
   21  104
  170   65
  151  131
   68   62
  156   48
   78  124
  147   50
  113   59
   93  106
  126  131
  133  104
   93   55
  148  141
  100  107
   23  124
   20  113
  144   78
   58   54
   53  123
  170   78
  108   51
  164   89
   69   71
   34   80
   86   60
  126   59
  119  105
  186   80
   46   68
  114  126
  152  129
  133   97
   95   82
   99   48
  151   96
  164   82
   75  127
   54  118
   61  112
   85   98
   87  161
  122  119
  118  175
   85   93
   88  147
  101   87
   84  157
   94  179
  137  167
  179  178
  119  130
   81  173
  166  107
   83  108
  120  172
  181   87
  117  183
  121  101
   99  111
   15  120
   13   87
   81  117
  150  151
   55  121
  137  133
  104  122
   26   68
   93  152
  178  143
  114   68
  137   61
   68  124
  114   71
  159   84
  113  120
   95   85
  138   97
  120  145
  176  131
   90  125
   41  149
   87  134
  108   49
   72   52
  123   65
   75   37
   41   80
  107   65
  161   55
  139   81
   91   83
   96   31
   92  116
  115   25
   74   86
  146  101
   94  103
   93  113
  170  108
  161   92
  102   76
   20   42
  110  156
  148  157
   39  154
   71   85
  102  150
   94  155
  127   85
  125  153
  127   79
  153   79
  110   84
  133  158
  115  109
  184  114
  115  129
  109  115
  133  103
   42  128
   35  154
  125  105
   29   60
   79   61
  142   51
  151   92
  124   75
  101   27
   61   59
   82   73
  135  122
   62   63
  128   74
  188  123
  163   51
  166   47
  128   63
   50   90
   26   78
   15   71
   24  146
  122   96
  146   97
   79  153
  173  126
   48   72
  127   72
  130   71
  104   80
  178   97
  189  139
  168  116
  132   99
   92  163
    5   79
   58   77
   67   72
  178   15
  105   59
   90   90
   92   93
  132   33
   70   29
   99   52
  135   86
  111   28
  164   82
  172   63
  156   51
  120   38
   20   39
   65   29
  126  108
  125   35
   61   36
  133   81
  126  106
   92   50
  111   88
  142   45
  150   62
  174   98
  116   45
  158   81
   77   53
   45  102
   61   45
  161  179
   91  137
  174  159
  139  174
  153  169
  142  117
   65  161
  137  100
  175  162
   84  103
  122  163
  109  149
   79   90
   78  164
  122  180
  176  146
   80   88
  104  132
   87  161
  126  102
  146  142
  185  142
  159  145
   96  134
   84  150
   35  114
    4   99
  102   91
   54  119
  144  127
  105  111
   66   94
  140   83
  144  111
  159   97
  146   87
  150   81
  100   88
   95  134
   77  110
  150  161
  159  124
  143  118
  116   89
  186  141
  108  167
  173  158
  157  110
   30  113
   48  165
   71   94
  118  128
  117   90
  161  136
  139  137
  157  101
  172   62
   91  109
   22  103
   92   42
  120   75
  108  110
   97  137
   91  109
   99  142
  140   72
  112   68
   83   89
   56   82
   54   85
  159   94
  140  128
   97  149
  145  128
  133  139
   24  108
   39  138
  143  148
  188   81
  165   86
  108  107
  170  118
   57   54
   45  126
  165  114
  116  123
  112   84
  103  143
   97  111
    6  115
   89  153
   99   92
  101  155
   82  166
   68  107
  143  101
  127   91
   58  128
   71  133
  141  136
   31  123
   33  159
   67   73
   98  152
   70   60
     0.592