    1   51    2    0    1 1289
  116  151
  139  117
  118   88
   38  139
   99  101
   66  139
   92  134
  142  109
  124  154
  140  142
   92  179
   88  119
   59  152
  140  120
  153  168
   71  170
  101  113
   37  127
   52  160
   72  116
  101  136
   32  110
  113  100
   39  119
  175  113
   51   95
  144  127
   44  139
   94  170
  111  127
  128   92
   86  131
   73  163
    5  164
  115  144
  130  132
  126  146
   80  171
  134  168
   78  115
   29   94
  119  138
  137  151
  129  101
   95  156
   79  153
   84  172
  148  174
  143  149
   69   95
  172  136
   66  110
  112  120
   70  116
   45  150
  165  132
  101  120
   37   92
  102  151
   34  138
  120   94
  105   77
  151  101
  134  112
   33   82
   68  154
   52  122
   13  139
   80  149
  136  133
   25  101
  107  138
   46   89
  148  157
  118  159
  121  144
  115   97
  117   96
   66  115
  117   95
   48  133
  104  147
   52  123
   82  113
  101   81
   84   86
  131  156
  118  158
   12  117
   94   78
   39  138
  177  142
   83   69
   97   93
  102  116
   39  117
  106  159
  132  146
   99  116
   77  138
  102  132
  104  183
   77  144
  166  104
  147  114
   38  147
  174  193
   89  167
  152  112
  107  163
  161  173
   78  142
   15  127
  103  178
   70  127
   58  170
   75  165
  118  132
   57  114
   64  116
   83  121
  139  151
   73  123
  162  157
   75  161
  102  128
  113  149
  119  171
   85  121
   91  168
   12  137
   48  119
   97  188
  121  188
  120  190
  102  101
   13  148
   67  150
  104  166
  132  132
  126  139
   47  107
  128  149
  107  164
  118  176
   88  159
   69  128
   75  125
  104   86
   60  141
  115  140
  139   84
   76   58
   94   44
   73  104
   94  124
  117  115
  111  140
  154   73
   77   93
  108   76
   74  139
   72  118
  101  139
  105  124
   12   77
   32   43
   80  131
  108  121
  100   90
  100  140
  130   99
   70  127
   16   85
   55  126
   33  101
  111   81
    6  102
   86   85
  127  104
   77   74
  146   58
  174  105
   62  135
   89  127
   85  122
  148   83
  117   54
   73  113
  136  104
   99  102
  144  133
  112   68
   35   71
   35   56
   29   67
  157   45
  161   87
   54   21
  172  112
   24   51
  165   87
  137   91
  144   92
  114  113
   99   98
   49  115
   32   96
   93   22
  136   41
  157   27
   31   87
   89   76
   43   73
  121  101
   99   79
  122   35
   74   66
   86   37
  101  114
   83  107
   75   47
  126   72
   67   52
  129   25
  181   20
  116   56
   94   54
  193   92
   20   47
   23  104
   64   26
  166   93
  133   64
  109   60
  110   55
   95  114
  121   53
  116   49
   19   43
   81   39
  129   75
   98   96
  126   76
  174   56
   39   60
  168   73
   88   58
  131  121
  115   88
   96  121
   34  100
   99   48
   94   51
  105  120
  181  107
  103   50
   63  115
   91   63
  106   86
  122   25
  167   39
  116   42
   95  106
   60  109
   83   66
   71   36
   90   77
   97  117
  135   34
  105   79
  117  119
  127   95
  103  114
   24   51
   76   34
   96   82
  119   97
   73   63
   49   80
   79   88
   89   45
   99   44
   89   98
    6   75
  165   84
  158   82
  111   93
  112   25
   88   43
  154   23
  105   18
   74   34
  101    6
   52   58
   64    7
   26   93
   66   67
  138   22
  119   76
   88   53
   83   80
   20   61
  150   91
   72   70
  178   25
  119   95
   54    7
  112   12
   59   98
  105   57
  108   86
   95   90
  143   59
  164   21
   71   43
   90   83
  171   88
   52   86
   72   77
   69   64
  105   61
   73   97
   42   22
   88   54
  137   27
  150   56
   72   96
   67   88
   84   98
  101  156
  159  167
   38  113
   71  152
  138  115
  148  132
  116  102
   65   93
   41  159
   20  150
   43  163
   92   98
  147  169
   48  124
  101   99
   33  151
  183  165
   61  115
   89  142
   60  161
  122   85
   43  136
   78  107
   84  149
  106  106
   99   85
   66  138
  100  157
   85  154
  161  141
  177  120
   25  117
   31  144
   73  170
  126  139
  100   87
   52  106
  141  169
  135  152
  123  146
   71   86
   11  143
  117  144
  152  162
  115  112
  113  126
  112   98
  138   94
   98  122
   22  158
   48  104
   28  109
   14   89
   78   93
  144   76
   10   71
  116   76
   70  144
  185   67
  134  146
  163   69
  137  144
  121  158
  102   78
  137  126
   65  100
   69  111
   23  141
  106   81
  166  165
   95  130
  113  143
  176   92
   11  101
   66  153
   57  100
  108  151
  148  114
   53  153
  102  164
   82  137
   56   83
   79   93
   93   99
   96   95
   97  118
   71   57
   68   53
  146  124
  143  101
   29   52
   40   48
   61   84
    5   76
  133   37
  179   95
  103   90
   31  108
   53   37
  156   59
  127   82
  177  129
  120   97
   55   55
   31   93
   85   46
   97   42
  163   91
   36  101
   61  121
  155  110
   78   99
  122  120
  137  121
   81   95
   93  109
   29  107
  162  129
   91   60
   53  112
   96  129
   62   34
   85   72
  110   41
   84   87
   76  178
  114  118
   77  186
  107  123
  115  177
   67   97
   27  170
   72  149
   55  165
  104  182
  183  165
  100  183
   25  106
   81   88
  145  160
   82  170
  154  103
  114  124
  111  159
   24  127
   79  171
  126  165
  144  174
   23  148
   66  135
  148  124
   95  175
  105  145
  167  137
   35  124
   43  135
   29  146
  187   99
   89  116
  110  103
   66  121
   67   89
   85  115
   60  133
   59  148
  111  111
  127   62
  128   66
  149   25
  102   76
   50   97
   59  111
   78  108
  146  115
  109   24
   31   44
   73   98
  116   23
  130   44
  145   71
  176  101
   81   24
  147   43
   91   79
  115   23
   87  113
  138   83
   49   39
  106  102
  141   96
   42   36
  108   45
  165  104
   66  101
   60  115
   93   75
  169   79
  103   61
   86   80
  104   94
  110   72
   86  114
  119  115
   22   38
   85   79
   80  139
  109   77
   39  128
  109  149
   30  107
   49  131
   72  158
  172  123
   98   81
   38   91
  107  162
  130   97
  137  126
  156  148
   92  165
  121  166
   64  131
   77   78
   42  138
  157  145
   84  115
   55  107
  167  144
   60  127
  167  159
  117  112
   13  164
   15   99
   60  152
  176  143
  113  159
  108  112
   73   74
   50  139
   84  140
  137   81
   69  131
   75   49
  153   62
   42   52
   48   56
   18  113
   71  116
   87   94
  104  127
  104   84
   90  117
  107  111
  126   77
   73  126
  131   55
   50   64
  128   66
   59   87
  134   99
   92   96
  142   73
   87   84
  130  106
  173   53
   71   74
  163  105
  112   93
   18   62
   82   94
   85   92
  115  125
  126  139
   68   49
   71  138
   66   82
   59  110
   65   99
   85   44
  129  109
   83  123
   97  133
   65  125
   51  127
  124  131
  121   99
   72   86
   63  141
  114  150
  125  102
   82   82
  148  158
  135  116
  142  120
  105  149
   61  135
  111   73
  164  136
   26  144
  105  128
  161  165
   79  147
  124  162
  146   84
   42  157
   50   83
  110   84
  129  152
  106   97
   57   99
  108  107
  129  158
  145  141
   85  104
   79  130
   61   87
  115  110
  102  141
   59  137
  136  139
   89  101
   83   87
   80   87
   48  112
  117   70
  121   96
  106  142
   96  109
  122  137
   62  138
  115  140
   63  105
  124  143
   63   79
  111  147
  163  140
  105   68
  128  157
  181  147
   82   64
   67  145
   39  159
  170  142
  140  161
   77  117
   52   92
   69  151
   82   77
   95   88
   98   88
   54   56
   37   20
   95   34
  123   80
  128  108
   48   50
   66   96
   55   85
  111  103
   59  109
  160  101
   49   49
   94   39
   43   53
  138   93
  109   51
  143   27
   18   37
  140  103
   95   54
   94   24
  139  105
  164   23
   78   76
   90   32
   28   92
  125   99
  115  101
   74   26
   70   37
  111   26
  150  108
  101   87
   60   73
  114   54
   55   38
  121   59
  180   60
   63   50
   83  108
   27   44
  135  123
   68   59
  146   30
  104   58
  128  101
   92   59
   55   54
   45   98
  114   29
   48  117
  109   57
  138   60
   38   62
  111   78
  168  120
   45   91
   44   56
  117   62
  161   52
   65   57
   15   74
   56   66
  107   82
  100   78
   81   89
   40   97
   15   48
  150   48
  181  102
   18  100
  108   86
   40   70
  116   79
   57   45
  187   27
  129  109
   57   98
   20  112
   65  101
  126   17
   68   33
   32   21
  109   33
  139  113
   65   54
   82   91
  122   76
   73   78
   17   55
  101   81
  154   68
   98   60
   53   28
  131   27
   76   79
  126   51
  130   95
   39  102
  118   47
  122   97
   21   58
   71   11
   27   92
  191   87
   70   16
  122   77
  112   78
   86   68
   25   82
  124    8
   51   89
   68    7
   15   68
  117   68
  128   76
  119   18
   81   98
  177   88
  102   20
   81   64
   97   28
   93   98
   82   75
   35   95
  101   65
   53   91
  128    8
  107   56
   90    7
   88  147
   96   67
   86  136
   55   76
   99  127
   59   71
  118   87
  105  148
   58  148
   55  135
   47   61
   40   62
  149   67
   26  114
   93   52
  127   96
   97   98
  111   98
  106   69
   65  120
  100   79
   80   98
  169   59
   71   62
   68  116
  128   82
   41   85
   55  127
  139  131
    1   77
   64  108
  114  117
   96  126
  146  150
  125   91
  150  104
   98   89
   69  179
   66  163
  128  174
   44  149
   93  102
   79  157
   87  130
  167  161
  107  143
  103  107
  125  168
   68  150
  105  103
   88   94
  113  121
   85  156
   56  164
  139  136
   76  136
   68  127
   64  170
    6  183
   99   33
   65   90
  116   32
   95   75
  117   64
   83   41
   85   72
   69   44
   83   10
  113   36
   89   87
   82   55
   58   34
  124   45
   29  102
  167   74
  135   33
   14   35
   20   23
   37   97
  137   66
  106   49
  113   27
   98   90
  128   85
  152   24
  122   38
   61   78
   28   58
   97   35
  126  114
  108   56
  113   32
   59   82
   28   48
   58   27
  112   42
  124   88
   52   45
   98   54
  104   62
  100   84
  167   44
  103   84
   13   29
  104   73
   79   51
  109   34
  117   39
   28   44
   61   90
  120   61
  134   83
   67   97
   13  108
  191   44
   61   76
  156  100
   47   52
  117   75
   20  102
   85   95
   81   92
   91   79
   80   40
  114   43
   87  108
   44   47
  123   19
  102   80
   21   35
   53   75
   40   67
  119   78
  139   56
  113   21
   79   74
   58   27
  113   46
  144   90
    3   26
  142  165
  136  170
  138  186
  119  161
   68  172
  127  136
   60  133
  137  123
   58  118
   71  158
  101  111
   81  100
  155  154
  113  167
   85  168
   97  160
   69  190
  128  128
  135  155
   48  146
   66  151
   84  101
  117  113
  148  149
   41  116
  174  103
  127  133
   60   75
  106   53
  123  134
   73  149
  127  129
   58   54
   58   54
   94  119
  125   84
   84  121
  188   86
   93  111
   91   93
  115   71
  138  141
  137  126
   87   57
   51   93
  104  131
  149  126
  140   96
   63   71
   69  152
  128  132
   41  119
  126  113
   99  131
  104  140
   93  139
  141  140
   97  152
   48  133
  136  154
   96  148
   17  167
   13  152
  110  157
   98  126
  115  165
   71  115
  124  171
  129  151
   64   95
  120  160
   93  105
  126  106
   76   75
  106  123
   71   67
  131   84
   71  100
   95   61
  174  136
   93   58
  137  114
  110   48
   54   69
   11  133
   70  138
  169   52
  111   85
   77   42
  106   62
  113   67
   83   93
   99  114
   82   61
  102   55
   87   90
  128  135
  106  127
   15  120
  120   62
   87   76
  105   64
  121   67
  114  146
   94   91
   68   91
  109  139
  111   64
   77  129
  105   64
  117  106
   44  145
  151   70
  130   73
   67  134
  104  109
   88   77
  158   26
    9   94
  127   92
  128   15
   32  113
  113   38
  177   25
   44   30
   26   51
   65   76
  145   61
   99   38
   57  103
  139   72
   44   49
   65   75
  155   85
   40   99
  128   51
   72   55
   19  113
   71  109
  181   52
   66  102
  100  101
  185  129
   47   78
   53   50
   24   74
  162   79
   74  106
   54  120
   67  116
   48  116
  142  100
   95   64
   70  101
  123   46
   26   54
   53   97
  111  109
  120  116
   82   98
  163   95
   60   56
   70  128
   96   95
  120   97
  143  122
  103  109
  103   55
   93  108
   72   98
  104  115
   73   79
   49   97
  145  157
  174   74
  103   69
  107  132
  110  123
   57  135
   48  151
   41  110
  148   89
  107  140
   23  138
  119   96
   97  108
   71   70
  106  110
   32  128
   76   71
  163   54
   29   56
  100   24
  127   82
   20   93
   55   90
  103   24
  155   69
   91   23
   43   84
   56   39
   51   28
   89   82
   86   70
   61   50
  131  137
   65   74
  131   95
  128   65
   41   93
   89   48
   26   67
   94  112
  138   98
   20   65
   62  106
  131   98
   75  115
  106  111
   92   49
   76  175
  155  113
  166  121
   42  134
   13  183
  107  117
  183  170
   80  153
   27  178
   84  150
   78  147
  145  113
   79   98
    8  140
  144  102
  146  120
   51   35
   42  114
  113  109
  158   60
   69   66
  105   68
  121  100
  117   36
  127   96
   80   38
   95   48
  108  144
   83  131
   91  117
   80   95
   98   75
  140  148
  103   82
   86  141
   59  154
  108   81
   88   78
   94  155
   74  150
   95   97
   76  108
  173  136
   93  173
   84  193
  106  185
  101  109
   60  157
   87  175
   26  174
   12   17
   84   85
   99   45
  116   79
   61   70
   80   77
   39   90
   65   28
  123   19
   19   45
   90   63
  190   22
  125   50
   56   63
   77   92
   55   13
  102   61
  116   41
   76  103
   98   52
  141   23
   79  107
   64  119
  130   46
  129  112
   96  110
   90   75
  127  157
   47  120
   56  122
   55  157
  129  119
   91  185
   33  122
  100   94
   80  113
   73  137
  129   66
  150  112
    8   58
   51   69
  101   66
   59   52
  102   97
   84   77
   87  116
  112   90
  120  100
   11  121
  136   81
  126   53
   75  122
   97  137
   69   97
   93  141
     2.247