    1   31    3    0    1  609
   73  110
   68  146
  138  128
  127  174
  110   94
   99  135
   94  160
   97  119
   82   93
   68  111
   28  173
  105  134
   27  120
   48  177
  179  131
  140  180
  102  177
  137  171
   92   99
   73  157
  119  100
  144  127
  162  159
  113   99
  108  165
   72  128
   98  187
  145  134
   74  152
   86  186
  127   28
   92   41
  166   25
   99   60
  163   56
   26   33
   32   65
  100   30
  108   35
   48   41
   61  108
  101   40
   92   29
  140   21
  146   48
  154  105
  110   31
   86   82
   91   51
   34   84
   77   39
  175   28
   92   99
  129   34
   61   97
   32  113
  116   80
  152  111
   92   96
  143   57
  146  115
   97  123
  156   93
   58   84
   76   62
  103   67
   49  120
   43   72
  102   63
   51  132
   94   67
  107   88
   65  102
  164   59
  127  130
  121   63
   70  110
  110  146
  116  130
   79  149
  101   92
  103   60
   66   68
   71   92
  148   54
  123  128
   69  119
  111   60
   60   48
  143   70
   67   64
   66  140
   64  116
   30   92
   26   59
  142   50
  111   64
  116   94
  109  101
   75  113
  145  108
   99  113
  172  139
   34  122
   77   84
  158   91
   85  122
   57  132
   89  125
   96  100
   87  134
  104   90
  123  136
   50   89
  101  120
  141  147
   58   91
   55  143
  101  148
  106  106
   71  166
   82   77
   34   87
  123   84
  154   83
   94   84
   97  167
  100  138
  120  131
   90  151
  122   98
  130   85
  158  165
  109  144
  176  131
   33  128
   31  174
  124  107
  159  131
   30  171
  129  107
   48  133
   39  123
  100  112
   42   51
   57   50
  119   56
   80   51
   85  101
  153   42
   90   73
  173   74
   97   57
  119  100
   15   38
  102  131
  104   69
  124  122
  119  100
  159   80
   93  104
   34   99
  140   62
   86   43
   84  100
   32  108
   57  159
   78  140
  109  137
   84  161
   81  102
  103  172
   64  173
  157  151
  111  126
  152  173
  155  162
  164  140
   20  113
   81  110
   95  114
  105  132
  133  165
   94  180
   69  146
   91  171
  111  171
  112  112
   34   99
   54   82
   84  115
   95  115
   47  121
   91   57
   97  111
   30   59
  105   74
  126   92
  188  119
  137  109
  158   71
   20   68
   55   77
   90   59
  125   76
   91   89
  126   54
   86   45
   81  114
  100   92
  116   65
   75   47
   91   57
   93   95
   29  100
  143   32
   60   92
   54   58
  178  125
  127  124
  179   90
   69   57
   85   54
    9   44
   54   45
  135  117
   92   70
   65   38
  159  111
   78   37
   88   60
  179  116
  169  112
   56   72
  113   62
   24   59
   95   51
   66  128
   86  114
  139   49
   82  104
  118  126
  160   91
   89   61
   46  111
   36  130
  150  109
  133   99
   99  112
  115  124
   76  111
   31   95
  135  117
  172  118
   81  127
  117   77
  117   91
   20   97
  101  110
  135  111
   78  122
  127   51
  151  127
  179   56
   23   39
   66  112
  102   64
  102  100
   53  122
   87   36
   64   54
   19  105
  125  119
   82   59
   74  106
  123   32
  108   33
  106   86
  148  109
   72   79
  188   92
  121  112
   93   74
   93   82
  112   66
   95   95
  131   85
   43  108
  130   41
   27   90
  106   75
  167   61
   91   67
   19   52
   24   60
   88  110
  149   67
  111   86
  136   88
  139  148
  139  144
    3   98
  111   77
  156   94
  147  101
   62   74
  144  123
   92  146
   45   87
  135   95
  144  133
   49   78
   30   57
  100  104
  156  104
  116   78
   69   34
  111   72
   90   19
   41   51
  108   74
  113   20
   80  106
  155   45
   57   92
  100   80
  194   98
   82   96
   24   29
  140   47
  101   99
  159   41
  158  124
  179   86
   61   77
   97   31
  143  108
  105  105
  102  115
  130   33
   77  117
   59   95
  187   32
  167   92
   10   77
  101  172
  105  117
   89  112
   92  182
   56  167
   47   92
  162   98
  158  132
   94  128
  176   93
   78  100
   87  136
  146  184
  153   96
   96  140
  165  141
  127   68
  125  117
    5  106
   64  109
  144  101
  111   90
   42  130
  118  116
   60   69
   71  100
  146   70
   87   97
   74   82
  123  138
   99  186
  100  133
   84  101
  137  150
  144  152
  109  122
  100  133
   97  175
  108  163
  120  142
  104  185
   16  113
  111  132
   29   72
   91   71
  100   89
  174   69
   80  110
   92   69
   78  155
  107  139
  182  163
  130  119
   97  150
   87  148
  107  167
  131   99
  127  102
  124  139
  180  128
   53  149
   28  124
  177  136
  116  152
   56  118
   51   23
   91   39
  125   67
  102   52
  114   21
   46   36
   43   58
  119   78
   96   22
   15   79
   97  123
   92  121
  115   71
  143   38
   26  117
   72   62
  134  103
  101   95
   76  131
  162   82
   59  126
  138  157
  104  165
   51   93
  142  116
  116  121
    8   78
   81  122
  181   99
   94   90
   27  121
  123  156
  137  139
   75  100
   93  110
   94  104
   81   71
  193   95
  122   38
   68   98
   55  151
   86  130
  158  131
   89  118
   92  176
   83   86
  105   90
  151   82
   91  102
  179   35
  149   83
   63  110
  159  183
   87  111
   11  149
     0.213