    1   31    5    0    1  306
  133   76
  101   17
   47   73
   62   45
   88   65
   32   67
   69   75
   93   69
  157   42
   65   92
   50   82
  137   37
   65   85
  141  109
  118   32
  107  105
  121   89
   40   55
  135   64
   85   29
  168   22
   47  109
   18   93
  140   50
   57   29
  109   80
   43   99
   48   27
  118   51
   82   94
  121   92
   59  162
   22  106
   96  102
   63  183
   86  132
   84  107
   81  167
   42  101
  112  117
  131  167
   46  110
  125  179
  148  175
   38  126
   68  144
   43  155
   94  130
   75   90
  101   89
   83  144
   63  130
   77  161
   67  166
   87  170
  126  114
   23  110
   82  156
   27  175
   46  163
   61  125
  119   86
   89  149
   65   85
   87  135
  163  103
   29  157
   41   92
  150  102
   34  143
   72  161
  153  149
   50  105
   60  166
   89   83
  123  145
   82   83
  163   78
   27  119
   42  141
   89  145
  101  162
  109  161
  107  115
   74  114
   89  116
   81  109
   43  110
  111   82
   31   19
   87   43
   49   30
   96  103
   87   48
  131   85
   77   85
   28   78
   67   98
  132   87
   42   97
  124   61
   37   89
   51   81
  120   86
  104   44
   91   78
   47   73
  144  102
  139   78
   98   93
   47   74
   39   35
  106   55
    2  102
   84   82
   66   63
   79   71
   21   28
  158  111
   52  105
   84   86
  153   35
   57   57
  153  101
  143   51
   25  111
   94   31
   75   30
  126   68
   83  117
  111   32
   31  100
   71   54
   79   59
  106   71
   87  108
   78   33
   98   26
   97   75
   54   42
   19   92
   94   42
   24   57
   83   44
   46   75
  123   32
  145   91
    5   51
  134   49
  147   89
   51   81
   75   95
  101   60
  124   30
  145   95
  116   72
   62   89
   31  109
  129  111
  133   49
  136  110
   62  119
  104  115
  119  110
   50   57
   58   41
   34   71
  113   68
   14   54
  124   64
  128  106
   10   67
  134   88
  123   47
   40   73
   38   44
   47   88
  109   96
  155   42
   89  104
   66   97
   36   28
  161   36
   74  104
  113   76
   96   46
  105   89
  122   46
   38   49
   23   89
   98   50
   24   56
  128   93
   69   58
   16   55
  118   90
   67  135
   29  138
  102   77
   94   51
  127  118
  151  102
  101   66
   22  109
   67   73
  109   57
  136  139
  165   72
   57   77
   57  122
   73   80
   52   83
  115   36
   64   62
   85   66
  152   92
   34   70
   64   90
  108   34
   81   55
   61   24
   51  109
  142   87
  131   56
  135   34
   18   77
   66   14
  126   99
   71   59
  132   96
   41   12
  106  108
  113   34
   10   12
   56  154
   56   84
   99  149
   36  120
  144   81
  116   97
   70   71
   62   95
   67  125
   82   74
   78   85
  103   70
   53  126
   12   94
  128   74
   74  117
  121  148
   55  106
   23   66
   98  103
   23   93
   81   48
   94  101
   17   91
   87   54
  154   20
   76  100
  115   51
   67   25
   79   51
   87   73
   97  103
   45   26
   70   73
  149   90
   72   17
  100   48
   67   86
   83   86
   47   84
   14   95
  107  106
   62   64
   85  126
   86  121
   88   93
   98   92
   49   76
  111   47
  145  103
  122   40
   47   77
   29   78
  159  106
  119  133
  149  122
  134   55
   23   64
  100   85
   32  122
   92  126
  112   81
  132  153
   27   83
   55  102
   35  128
  145   97
  149  146
  130  152
  100  109
   38  110
  144  143
  130   68
  148   70
   66  127
   23  142
   96   99
   62  123
   79   51
  109   21
   34   13
  103   55
   96   64
   81   66
   75   26
  161   90
   69   71
   96   95
   82   68
  119   10
  121   79
   59   59
   58   31
   64   71
   80    9
  108  107
   61   62
   95   75
   37  141
   56   84
  121  113
  142  126
   49   69
  108  103
  109  150
   70  149
   78  127
   41  151
   27  107
   74  158
   81  121
   82   77
  111   65
   40  149
   52  116
  163  111
  109  124
   86   86
   57  136
   98  110
   96  122
   75  104
  110  134
   80  148
   80  142
   76   59
   46   91
   21  100
  104   66
  127  110
   82   78
  104   67
   20   52
  166   80
  101   44
   99   50
   90   86
   20   96
   71   23
   53   47
   19   85
   57  126
   88   41
  138  105
  108   37
   31  126
  150   93
   81  103
  137  116
   38  132
  104   88
   64  118
   77   91
   87   99
  142  101
  105   57
   38   50
   57   95
   77   53
  115   85
  154   75
  128   39
   58   70
   91   30
   42   95
  145   86
  102  122
   68   79
  102  105
   85  117
  120   99
  113   69
   73  143
   88   91
  116  106
   84   51
  156   94
   16  109
   65  163
  156   84
   99  136
  121  102
   44  125
   32  163
   96  163
   94   96
   22  133
   10  133
   79   86
  124  121
  154   88
  129  153
   66  128
   96  161
   66  158
   60   97
  131   49
  133   55
  147   83
   93   17
   60   56
  130  106
   54   90
   95   38
   59   81
  113   48
   82   40
   62  108
  135   35
   12   36
   48   88
  147   94
   74  138
   46  109
  101  101
   68   85
   79   85
   67  119
   29   52
   68   68
   93  111
  101  156
   62  112
   47   77
   92  160
   37   74
  130  126
   19   59
  111   29
   94  107
   99  132
     0.124