    1   41    4    0    1  641
   76  124
   26  160
   47   97
  169  134
  155  141
  104  120
   64  107
  134  146
  103  173
   63  177
   75  188
   43   92
  118  116
   97  153
  123   96
  119  117
   75  115
  152  162
  130  123
   70  124
   80  143
   78  122
  100  136
  144  189
  175   96
  135  173
   56  179
  182  163
  124  135
  172  134
   41  145
   97  115
  123  153
   91  170
  101  101
   78  171
  155  155
   17  117
   74  152
   33  150
   88   76
   20  127
  151   67
   97  146
   67  133
   62  141
   80   91
   34   99
   76   70
   65  147
   74  100
   96  120
  136  112
  134  117
   76  119
   35  124
  136   77
  107  126
   94   92
  103  104
  119  150
  143   71
   99  121
  154  134
  160   85
   71  121
  140  141
  130   89
  155  124
  126   59
   35  116
  126  130
   73  100
   59  150
  110   92
   80   93
   36   78
  164  114
   41  124
   90   37
  141   67
   71   48
   72   38
  135   37
  107    7
  103   64
   48   47
  111   98
   81   26
  155   62
  187    6
  160   15
  135   34
  117   80
   69   25
  146   58
   89   74
   85   88
   92   96
  107   21
   76   88
  129   19
  157   75
   70   85
  185   71
  108   16
  165   57
   63   40
   49   99
  100   60
  135   11
   96  101
  137   44
  119   55
   71   50
  138   22
   95   44
  121   79
  102   52
  120   97
   97   10
  107   47
   29   44
   39    7
  119   52
  104   22
  111   11
  150   86
  197   82
  135   28
   31   56
  144   56
  114   76
   92   74
   69   75
  160   85
   78   50
   57   10
   93   47
  121   31
  123   64
  190   27
   98   84
  139   67
  114   34
   77   26
  121   91
  126   57
   53   59
  142   53
  161   69
   53   28
  107  103
   27   78
  166  123
  113  165
  134  110
  155  138
   61  109
   16  111
   71   85
   52  176
   72  101
  122   91
  153  135
   61   95
   58  160
  109  119
  186   81
   70  146
   58  126
  174  146
  126  140
  116  119
  164  144
  146  173
   87   97
  145  106
  168   85
   81  132
   62  141
   96  116
  154  129
   88   87
   54   84
   79   91
  120  123
   64  151
  168  149
   29  153
   82  155
  120  163
   92   96
   44  164
   34   89
  125  100
  111  152
  136  132
  152  111
  178  165
   68  137
   39  127
   73   78
  113   75
  168  162
  114  157
  104  139
  120  151
   85  105
  102  119
   87  110
  105   81
  176  111
  125  147
  133  104
  120  140
   92  159
   62   97
   57  128
   96   93
  126  148
  151  105
   24   72
  122  158
   38   91
   79   61
  116   33
   20   55
   69   61
  152   54
   70   57
  153   39
  118   59
  156   50
   81   47
   85   97
   92   49
  124   75
  152   55
   47  121
  117   90
   97  107
   67   81
  163   42
  150  126
  141   67
  158  106
  118   56
  149   68
   44  120
   35   55
   65  126
  138   50
  106  114
   83   62
   69   61
   91   74
  167  115
   98   38
  124  139
   22   70
   10  128
   92  141
   59   76
  169   47
  103  120
  122   71
   57   70
   87  132
  140  109
  171   49
   73   63
   59  110
   78   69
   80   83
   79   75
  128  112
  145  100
   75   83
  189  114
  120  111
   97   54
   64  123
   89  134
   88  127
   61  110
   69  120
  138  124
  122  120
   38  139
  150   95
   66   49
   17  131
   46   70
  137   84
   81   75
   91  124
  146  130
  135  119
  124  106
   25   79
   78  162
  156  142
  112  141
   54   95
  142  105
   71  111
   49  139
  143   95
  167   95
  103  163
  196  105
   99   86
  150  113
   48  151
   39   84
   65   73
   71  122
  102   93
  128   74
  135  112
   45  145
  169   75
    3  119
  102   38
  111   29
   91   81
  100   54
  117   83
  167   90
   68   40
  104   39
   65   76
  135   68
  142   95
   49   29
  105   60
   83   82
  121   33
  102   92
  169   11
   55   42
  152   94
  128   16
  129   66
   63   39
  123   82
  138   37
  117   56
   35   90
   99   22
   72   41
   54   78
  123   85
   36   92
   76   11
  104   47
  141   81
  143   21
  113   34
  112   21
  100   11
   69   47
  112   43
   87   36
   49    7
   98   26
  118   87
  109   28
  181    7
  111   46
  141   42
  147   60
  141   98
  115  103
   39   26
  118   77
  105   99
   70   42
  116   88
  122   47
   71   92
   92   10
  131  104
   59   38
   63  130
  132  118
  148   90
  111  106
   71  119
  116   99
  107  122
  172   97
  145   77
   74  104
  110   82
  108  104
   72  142
  172   72
  134  156
  134   74
  126   92
  158  110
  152  114
  125   82
  105   98
  146   94
  121  116
  119  104
  148  109
  100   82
   27  153
  169  111
   60  118
  121   50
  164   54
  188   72
   81   25
   63   55
  109   91
  129   35
   78  112
   39   77
  131   26
   51   79
   70   96
  146  114
  173  112
   80   58
  189   24
  101   96
  103   75
  131   55
   61   33
   98   84
  114   35
  103   70
  114   20
   69   44
   81   93
  148   66
   99   23
  145   77
  194   77
   47  124
   68  143
  112   86
  114  153
   99   83
   85   80
  152  157
   98  166
  103   77
  177  169
  151  133
   88  156
  115   79
  172   76
  132  106
  111  161
   81  150
   81  111
  101  153
   52  155
   90   88
   70   87
   89   97
  115   97
   90   94
  151  104
  100  190
   80  116
  150  123
  105  169
   83  140
   62  154
  105  161
   49  180
   76  108
   85  118
  109   95
   84  189
  113  192
  103  131
  124  132
  116  177
   82  183
  124  181
   75  108
   55  122
  107  137
   93  160
   51   95
  113  167
   81   95
  131  197
   57  133
  112  115
  166  135
   91  153
  110  176
  103  175
   64  183
  135  126
  175  111
  145  181
  116  176
  123  157
  166  136
   78  172
  100  120
   45  153
   59  159
   70  103
  101  106
   79  140
   86  142
   65  129
  108  162
   29  135
   92   49
  141   47
  133   73
   91  114
   73   89
  100  137
  143  111
  110   97
  131   53
  167  142
   57  114
  131   52
  153   57
  138   90
   64   99
  120  113
   99   61
  108  118
  113  100
  108   44
  106   86
   11  130
  154   54
   74   74
  123   61
  160  106
  145   27
   51   73
  137   84
  114  107
   96   57
  175   93
  143   31
   60   80
  169  106
  121   71
   93  115
   70   44
   48   54
  144   33
  151   88
   84   34
  163   23
  145  107
   15   49
  107   65
   28   59
  171  146
  157   72
   51   68
   95   99
  145  125
   68   90
  141  134
  162   90
   63  122
  190   68
  101  124
  158   73
   63  129
   46   74
  139  103
  147   94
   48  108
  129   82
   76  111
   89  142
  149  119
    8  114
  113  116
   40  114
  170  126
  111  143
   97  194
  180  138
  124  146
   74  165
  152  151
  194  151
  168  110
  101  157
   65  100
   81  115
   67  167
   51  180
  135  117
  105  152
   99  103
   90  186
    8  173
   36  133
  126  101
  110  114
   98  159
  183  134
   93  132
  116   93
  134  109
  171   72
   98   72
   61  123
   36  158
   76  108
  120   71
   39  156
  114  115
  105  137
   65  100
   87  117
   73  130
  115  120
  129  103
  138  115
   86   72
  114   84
  108   64
  136   59
  114  118
   82   80
  132   44
  101  109
  154   91
   77   81
  123   91
  155   66
   94   87
   24   62
   87   75
   89   68
   63  143
   96  167
  122  105
  173   83
   87  146
  150  136
  126  147
  155   79
  114  174
   78  170
   73  125
   95  110
   75   89
   86  171
  111  104
   82  132
  168   86
   79   89
  127  140
  126   93
  147   85
  139   65
  155  144
  151  110
  101   78
   75   83
   69  141
  128   79
   62  125
   74   87
  113  108
   89   62
   34  104
  141  133
   38   72
  158   74
  149  121
  110   79
  158   84
  146   61
   83  113
  114   55
   58   65
   62   57
  114  124
   48   89
  154  111
   83   80
   23   84
  138   57
   98  102
  100  133
  144  167
  128  155
  160  167
   88  113
   75  135
   87  129
   91  131
   67  148
  113  148
   75  131
  119  156
   11  104
  121  139
   90  170
  114  128
  173  165
  164  165
  155   96
   48  165
   87  105
  111  126
  150   89
   40  176
  110  100
  144  115
   80   91
   99   91
   97   90
  178  129
  130  134
   85  121
   47   87
   47   53
   73   65
   83   51
  108   64
  145  115
  147  105
   21   59
   84  126
   38  128
  141  189
  105  100
   67  154
   75  175
  131  129
   67  172
   85  157
  168  144
   71  137
   29  101
  136  174
   58  115
  170  174
   41  140
  107  111
   90  179
  145  103
   70  106
   98  124
  102   99
   22   97
   77  169
   81  148
  120   95
   63  136
  136   78
   85  144
  110   95
  160  100
   77  123
   60   82
  152  154
   49  141
  102   81
   68   51
   63   69
   65  107
  113   79
  135   92
   57   90
  169   87
   12   74
   95  104
  128   34
   87   68
  149  104
  160   40
   98   87
   78   79
    9   50
   84  127
   83  122
   90   67
  122   59
   31   81
   87  146
   35   71
  110   71
  158  149
  146  147
   84  124
  139   67
   98  125
  141   47
  117   49
   96   74
  151  115
   63  101
   88  115
   11  129
  146  100
   54  163
   36  125
   78  140
   30  163
   84   12
    1   67
   80   85
     0.389