    1   31    5    0    1  401
   81   42
   92   92
   96   55
   70   91
  102  100
   71   17
   20   79
  116   50
   87   33
  116   55
   63   44
  101  100
  133   60
  101   63
  191   81
   89   94
  128   32
   55    6
  136   27
  141   43
  129   51
  145   93
  114   59
    6   31
   97   77
  141   84
  128   10
   65   76
   20   59
   35   26
   88  123
  154   76
   86  134
  106  134
   75  134
   97   69
  154  130
   30  107
  100  150
  147  151
  119   75
  161   76
  103  148
  150   87
  116   59
  134   80
  120   58
   75   80
   98   80
   99   64
   97  117
   87  146
   76   61
  123  107
   96  114
  144  116
   42  143
   30  121
   62  121
  128  106
   37   55
   67   92
   95   54
   16   87
   99   53
  120   93
  145   74
   63  140
  123  107
  127   95
  113   76
  125  105
  169   99
  104  124
   96  126
   66  115
  103   60
  130   59
   96   52
   28   79
   11   79
  104   96
  142   67
  131   51
   56   68
   71  127
   17  125
   96   64
   93  130
   97  113
   38   73
  134  138
   50   96
  139  103
  103  123
  108  139
  109   80
   97   63
  140   65
  105   74
  178  131
   85   70
  144   69
   94  131
  147   92
   63  156
   78  131
   92  132
   98  102
   98   67
  135  100
   35   76
  106  108
   46   73
  138  110
  103   89
   92   28
  185  115
  100   66
  165   54
   88   22
  160   68
  152  113
  105   56
   96   44
  161   26
  176   40
   84   22
   93   42
   82   48
  166   34
  148  103
   63   82
   72   63
  149  101
  118   43
  136   38
   53   32
   44   70
   95   21
  142   94
   67  103
  129   65
   63   64
  125   80
   67   79
  127   76
   94   47
   83   55
  168   91
  128   71
  158  129
   49  112
  146  119
  135  134
  161   72
   89   78
   61  115
   40  138
   84  103
  154  123
  120   92
   83  118
  104   83
   70   45
   55  121
  107  161
   85  106
  102  137
  111   96
  134  153
  116  105
   98   72
  123  131
  107  143
  103  106
   84   99
  108   78
  168  140
  173  124
  140   99
   28  154
   76   82
  180  143
   91  121
  168  104
   97  142
   98   98
   84   97
  188   13
   97   54
  166   89
  113   48
  186   71
  155   94
   97   14
   99   62
  148   92
  195    9
  103   82
   78   56
   82   57
  167   74
  115   23
   67   76
   15  100
  147   35
  134   61
  149   82
   44   31
  109   30
   21   82
  126  186
  129  109
   77  189
  190  177
  166  128
   43  186
  161  152
  176  109
  176  116
   32  115
  132  108
  125  152
   84  139
   69  191
   50  106
   82  193
  145  111
  127  158
  128  154
  111  165
   33  118
   98  113
  146   48
   85   73
  121   76
  152  104
   40   44
  175  107
  155  125
  128   33
   23   61
   66   30
  172  107
  102   57
  135   91
  109   46
   67   38
  117   60
  174  111
   91   58
   39   69
   59  119
   51   63
   85  188
  179  191
  128  102
   39  162
  187  116
  176  159
  143  101
   80  183
  138  103
  144  158
  136  130
   96  121
   86  122
    8  176
  127  171
  165  143
  123  155
  104  146
   15  116
   41  117
  137   86
  106   66
  107   82
   95  122
   93  149
  186  139
   47  109
   88  154
  122  100
   85   84
   65   83
   49   77
   45  147
  164  129
   85  147
  106  117
  114  138
   36   62
   50  116
  161  164
   65  108
  162  115
   90  124
  138  142
   31  155
   78  120
  118  179
  124  123
  134  121
   49  134
   54  113
  122  133
  141  172
  106  183
   68  197
  102  178
   38  186
   96  118
  149  108
  119  180
  123  138
   98  182
   92   89
  121  104
  134  127
  138  120
   74  144
    7  164
   85  137
  102  100
   81  177
  113   96
   84  101
    5  126
  112   67
  161   65
  187   56
  114   91
  123   85
  148  109
  123   61
  107   39
   82  103
   54   73
  181   62
  133   75
   97   77
   40  115
   92   37
   14   25
  173  147
  105  130
   49  180
   74   99
  175  141
  148  127
   76  139
  100  187
   68  142
  131  153
  151  103
  106  145
   89  107
   91  131
    7  187
  171   93
   83   89
   77   96
  106  155
  135  126
  155  133
   74  100
   47  169
  152   92
   80  165
  117  115
   92  150
   83  153
   71   95
   34  168
   73  118
  147  152
  158  160
  120  179
   54  141
   20  109
  137  110
  109  119
  158  126
   72  102
   58  164
   86  103
  139   51
  151   30
  130   43
  144   56
   69   95
   72   81
  124   91
  141   28
  104   25
   52   63
   82   55
   56   99
  174  122
  101  103
   79   73
   52  132
   42  135
  133   92
   95  108
  164   65
   55  110
   24   60
   81   98
  162  175
   94   89
   46   91
   78  121
  154  110
  102  171
   79  120
  111  117
   69   88
   54  100
   91  154
  113  179
   70  161
  172  100
  130  126
  157   96
   67  149
  102  174
   21   90
   85   71
   72  131
  151  102
  128  139
  127  109
   99  144
   26   81
   68   71
    5   34
  154  102
   94   96
  156  103
   98   33
   80   76
   32  113
   94   67
  111    6
  146   17
   47   24
   14   41
    9   89
  100  137
   79  171
  110  181
  108   96
   35  155
  173  125
   94  142
   98  110
   33  145
   85  121
   74  137
   68  145
   22   41
   78  113
   20   34
     0.232