    1   41    4    0    1  590
  115   75
   63   57
   65   18
  104   44
   74   78
  162   60
  179   44
  158   72
  137   21
   37   29
   46  101
  158   51
  132   66
   47   91
  144   82
   95   89
   59   31
   65   97
   96   43
  151   76
   40   40
   90   13
   76   87
   72   82
   85   65
  112   15
   93   19
  131   11
   42   96
  103   86
  111   17
   15   70
  146    6
  125    5
   58   49
   86   33
   10  100
   57   52
  112  103
   84   27
  109  142
   70   92
   84  164
  101   96
  110  143
  113  166
  124  118
   66   83
   25  170
  124  107
  127  156
  142  118
   74  178
  112  152
  167  173
  128  134
  119  112
  114   89
   54  150
   56  164
   98  124
   99  167
  106  120
  127  136
  134  170
   33  134
  102  129
   67  142
  146  122
  134  110
   32  104
  104  177
  123  109
   85   96
  103  152
   84  126
   39  105
   60  136
   18   96
  112   32
  161   33
   80   94
  105  126
  138  120
  117   76
   88   84
   84   79
   37   99
   85   45
  117   86
  114   82
  132   57
  163   98
   63   60
   98   42
  190   92
   81   91
   75   60
   71  105
  117  116
   51   85
  101  119
  115   67
   38   70
  118   98
  112   39
  163   51
   70   53
   22   42
   92  108
  135  109
   56   48
  144   75
   26   74
   36   52
   75   83
   75  127
  135  105
  129  147
   93   63
  157  107
   97  150
   86   62
   83  125
   82  146
  168  118
  116   71
  131  125
  139  126
  162   87
  106  134
  151   79
  162  126
  104  123
   85  100
   59  133
   56   72
   91  127
  139   94
  176   76
   98  121
  138  101
  120   59
  108  115
   67  152
   44  144
  159   64
  112   71
   41  126
  117  108
   14  140
   41  155
  118   94
   18   59
  125  112
  126  135
  156  143
   94  122
   64  132
   45  146
   37  102
  137  171
  179  168
   51  100
   99   86
  120  115
   75  111
   81  153
  153  142
   84   91
   37  170
  109  119
   73  111
   94  178
  116  156
  146  139
   78  114
  168  109
   79   97
  195   98
  120  107
   85   96
  163  117
   58  126
   67  152
   74  141
   86  153
   45  100
   47  171
   51  157
  152  130
  147  139
  157   76
  115   51
   78  140
  126  118
   88   51
  177   51
   61  147
   88   74
  131  124
   97   55
  103   79
  183   92
   59   77
   58  145
  129  147
  103   61
  104  108
   49  104
  129  141
   14  108
  183  148
   93  144
  183   50
   74   92
   25   96
   99  129
   82  119
   35  134
  149   65
   55   67
   67  100
   70  102
   88  106
  164  140
  104  172
  141  173
   58  144
   78   99
  157   89
  188  155
   85  100
   80   83
  101  168
   56  142
   64   92
  182  160
  143  130
   92  117
   78  169
  124  159
   42  116
  113  144
  144  103
   36  131
   89   83
   55  175
  165   93
   82  107
   81   84
  137  176
  114  152
  100  172
   72  136
   63  137
   22  130
   42  106
    9  163
  130   97
  108  108
   28  177
   66  139
  123  160
  161  177
   79   86
   67  148
   70  152
  147  107
  149   97
  120   87
  125  180
   53  129
   38  101
   35  152
   78  154
   86   83
   90  176
   90  126
  149  117
   53  144
  121  133
   63  166
   55  108
  137  160
  145  168
   66   90
  127  121
   36  127
   65   97
   78  118
   97   98
   88  110
   84  103
   84  160
  115  161
  122  126
  121  156
  136  156
   98   96
   89  106
   67   98
  102  135
   88  179
  110  104
   70  177
   73  171
   42   97
   87  135
   99   87
   91   88
  123  132
   54  143
  185  128
   71  176
   29  173
   87   84
  147  134
  120  119
   92  103
   24  131
   70  128
   34  115
   10  147
  115   60
   57   52
  109   79
  145   69
   87   85
  141  131
   82  127
   69   73
   94  128
  126  100
  114  145
   82   64
   67   59
   60   78
   55   73
  100   75
  143   81
   51  111
  153  116
   38  106
  174   64
  105  139
   63  135
   94  124
   91   57
   97   83
  155   85
  103   91
   97  117
  109  118
   10   83
   43   79
   93   78
  149   77
  132   86
   68   76
  164   73
   82   29
  146   87
  105   99
  117   24
  106   70
   62   73
   99  106
   57   57
   54   61
   92   23
   68   23
  136   77
   62   62
  142   22
  129   70
   58   71
   92   95
  133   57
  125  104
  137   95
   59   30
  105   98
   37   63
   29   56
  128   86
  189   68
   40   53
  107  128
  134  125
  109  103
   94  107
  130   99
   87   39
   51  108
   86  117
  105  126
   74   39
   88   92
  114   60
    8   52
  106  114
   43  126
  108   90
  139   39
   78   48
  115  123
  108  102
   61  102
  134  135
    9  107
   19   88
   53   50
   82   65
  152  172
   86  162
   93  133
  138  137
  152  171
  107  131
  108  118
  101  175
   35  145
  127  165
   62  141
   49  112
   77   97
   89   88
   11  101
  164   88
   85   89
  186  125
  129  110
   40  163
   97  112
  122  119
   45  142
   74  157
   89   90
   16  165
  120   92
   50  167
  117  110
  154   95
   76  189
   60  184
  108  140
  175  110
  120   93
   90  178
   90  120
  102  133
   75  119
   71  151
  142  145
   85  189
  122  155
  102  111
  165  145
  108  125
   41  159
  107   96
  143  108
   48  107
  107  179
   26  175
  109  106
   26  114
   35   93
  137   77
  119  108
  112  123
   61   67
  121  103
   76  137
   25   57
  129   77
  115   92
   86  125
   98   64
  140  129
  102   86
  129   60
   82   73
  167   47
  105   76
   41  123
  155  102
   53   93
  107   76
  112   45
   47   91
  100   55
   56   70
   21   65
  118   93
   93  151
   76   98
  171  116
  102  101
   81  124
   89  123
   77  152
   24   98
   95   67
   96  110
   63   66
  151  124
  107  134
  171   68
  100  152
   41   85
  130  138
  142  138
   88   66
  127   99
   76  114
   38   86
   81  156
   79  152
  145  108
   87   73
  143  104
  148  160
   23   78
   73  159
   36  135
   54   87
   83  100
  129  134
  101  115
  153  106
  116   87
  140  132
   92  156
   94  125
  166  162
  101  154
   84   94
  136  154
   35  103
   60  157
   80   86
   46   79
   66  130
  152  146
  113  110
   89   78
  118  125
   57   85
   31  114
   91  119
   78   67
   25   90
  117   77
   44   64
  110  153
   59   83
   57   76
  100  154
   78  103
  126  117
  109  153
   14  111
   48  143
  113   85
   16   75
  143  131
  122  110
   92  145
  108   58
  123   64
   20  128
   92  116
   90  151
   46  114
  169  110
  110  112
  160   63
  108  148
   32   84
  117   86
  101   86
  120   67
  135   99
   36   79
   45   90
   54  140
   59  143
   99   94
   60  169
  122  149
  126  141
   92  176
  120  136
  116  147
   98  101
  104  124
   68  157
  142  188
   99  168
   85  176
   77  190
   78  178
  123  104
   73  188
   69  135
   93  153
   69  115
   49  106
   43   57
   98  111
  102  105
   85  127
  113   67
   99   98
   50  108
  175  102
   34  141
  169   65
  123  117
  110   85
  152  152
  128   71
   68  115
  109   90
   35  103
  113  130
  121  124
   82  114
   45   66
   70   99
   70   51
  134   25
   94   20
   16   42
  154   64
   88   68
  169   73
   60   60
   37   91
  111   59
   96  101
   74   17
  140   45
   87   72
   47   38
   27   43
    6   74
   36  130
   91   88
   67   49
   94   73
   17   78
  131   49
   84   34
  110   46
   89  108
  108  123
  106   83
   62   54
   75   75
   74   94
   51  130
  101  100
   36   93
   47  107
   29  116
  119   29
   84   85
   74   85
  174   83
   99   98
  106  127
   68   64
   41  107
  117   59
  135  103
   71  124
  124   58
   30  125
   75  109
   46  112
   51  116
   60   94
  122   75
   86   28
  138   61
  106   46
  190   99
  131   74
   14   41
  161   55
   82   64
   74   98
  133  103
   95   26
   65   85
   92   35
   59   21
  154   66
   13  102
  135   50
  111   75
  198   64
   80   63
   19  106
   89  115
   55  104
  101  122
   86   63
    7  126
   91  112
   53  145
   96   71
   18  132
  153  125
  130  109
  125  102
   58   93
   46  141
  141  104
   81  149
   55  140
   91  139
   31   82
   70  111
   43  148
   29  147
  178   28
  125   27
  133   27
   90   81
   79   27
   86   83
  114   88
   85   66
  160   50
   15   37
   72   38
  120   56
   44   22
   52  149
  136   94
   79  165
  103  121
  131  147
  102  170
  101  109
  103  155
   69  146
   70   98
   87  113
   73  141
  179  121
   59   54
   68   45
  139  120
   63   34
   65  130
   86   48
   48   80
   64   38
   48  125
   27   89
  130  198
   65  127
   76  109
  103  197
   53  162
  123  137
  100  100
   42  152
  118  132
   34  172
   97  125
  132  114
   66   97
  129  108
  100  151
  102   84
   69  154
   44   85
   33  111
  138   63
   64   97
  130   52
  122  100
   25   21
   73   47
   84   69
   63   29
  123  156
  123  154
  127   97
    9   97
   50  148
   83   78
   48  140
   41  116
   83  115
   25  111
   60  102
   74  124
   54   61
   98  128
   62  130
   52   32
   25  129
   47   99
   58  108
   53  151
   98  140
   57  104
   28   11
   55   75
   18   59
   53   67
   10   35
    5   80
     0.352