    1   31    3    0    1  584
   64   76
  131   49
   37   55
  159   63
   63   40
  156  133
   96   78
   88   41
   98   58
  175   65
   82  118
   56   90
   98  119
   86   92
   76  130
   67  135
  130   46
   98   77
   97   48
   99  114
  161  116
  140   66
   53  123
  173  124
   68   60
  101   44
  139  128
  115  132
   76   83
   97  114
   83   78
   53   32
  135   53
   82   12
  125   68
  125   61
  132   68
  146   73
  100   28
   81   95
   92    5
   76   73
  106   59
  130   79
  131   23
   68   51
   69   63
   22   21
  131   59
   74   82
   90   96
   99   27
  107   89
  107   95
  118   90
  175   73
   89   51
  105   18
   22   31
   99  128
   73   86
   31   85
  154   71
  153   52
  132   78
  154   90
  136  136
   85   78
   59  128
   50   93
  124  128
   57   85
   88  123
   71   66
   10   88
   82   84
  121   86
  170   74
   93  102
   97  131
  169   96
   84   84
   66   95
  115  144
  135   86
   39   65
   92  140
   76   94
   87  101
  151   84
  127   76
  112  102
  124  103
  112  105
   52   53
   73   33
   92   84
  130  128
  123   72
  117   36
  100   63
  100   33
   98   47
  100   79
  103   92
  101   97
  118  109
  159   56
   95   79
   35   80
   89   31
   52  105
   30   72
   93  111
   72  135
  175  125
  146  115
   84  135
  112  104
  146   75
   63   75
   66  160
   86   99
   95   88
  111  110
  102  134
   67   87
   28  133
   68  170
  119   84
  123  125
   96  105
   93  135
  109   97
  109  164
   40   99
  143  169
  103  124
   97  138
   16   84
  146  119
  113   62
  150   35
  118   28
  132  118
   11   53
   38   55
  117   56
   79   26
   66   68
   84   80
   74  116
    7   84
   10   78
  135   52
  127  119
  151  107
  132  100
  139  119
   48   83
  119   61
   87   33
  138   72
  108  100
   81   57
  129  143
  103  179
  172  169
  135   99
   34  159
  107  123
  105  172
   65  137
  118  106
   84  151
   55   98
   72  173
   30  160
  125  178
  160  163
   71  152
  139  162
  141  155
   52  134
  109   84
  111  110
  135  154
   77  162
   44  141
  104  115
  147   74
  152   78
   45  156
   24  166
  120  145
   70  142
   71  136
   68  153
  129  164
   40  130
   45  127
   95  159
  125  146
   90  150
  146   94
  144  121
  127   72
  107   99
   92   74
  141   87
   49   74
   60  160
  117  111
  113  118
   41  138
   97   89
  108  111
  149  137
  120  112
   89   85
  135  112
    5   96
   95  154
  147  144
  163  148
   69  135
  127  124
  124  129
  108  113
   83  126
  139  154
  121  159
   35  145
   51  161
  184  130
   98  178
   92  133
   98  115
   62  134
  112  107
  139  173
  150  104
   40   98
   87  108
   88  179
  148  159
  153  146
   63  108
   93  149
   84  170
   35  106
  136  138
   82   90
   55  168
    9  130
   92  127
   26  119
   53  159
  109  163
   99  147
   86  122
  141  109
   34   94
   20  172
   99  104
  128   94
   93  126
  144  119
  113  145
  120  112
   84  143
  164  157
  141  125
   91  141
   80  119
  107   99
  112   94
  109  100
  110   71
  127  102
   62   53
   71   47
   82   42
   77   12
  168   75
   76   18
   90   56
  156   57
   38   49
   86   95
  111   39
  124   16
   57   79
   45   62
   61   93
   67  102
   56   47
   76   80
   81   65
    3   48
   65  104
  120   99
  130   80
   84   51
  130   50
   94   72
  106   90
   95   81
  145   41
  115   67
  110   54
   68   46
  117   59
  122   81
  104   64
   98  117
   57   46
   24   41
  125  128
  139   74
   73   95
  137   86
  133   58
  116   41
  100  132
  123   90
  115   55
   32  136
   37   51
  122  130
   66   79
  116   56
   95   91
   54   95
   79  100
  125   69
   77   76
   89   54
   96   89
  108   68
   58   97
  149   89
   57  144
   75  138
    5   71
  108  113
   76  127
   39  114
   91   73
  143  117
   82   90
  122  130
   67   80
  177  130
   89  138
   51   68
  163   79
  111  135
   83  123
   42   74
   70   94
   87  140
   79   81
  165  130
  119   72
   84   76
   87   97
  102  116
  102   99
   34  114
  147   63
   59   89
  101  116
   43  113
   24   78
  103  113
   83   54
   99  121
  124   64
  149   89
  141   55
   54  137
  117  124
  165  105
   55  106
   82  108
   18  146
    9   61
  141   21
  144   68
  149   51
   98   93
  100   44
   63   77
   32   93
  149   41
   83   97
  102   27
   36   11
  125   70
   80   88
  154   45
  113   71
  140   70
   59   34
  101   86
  172   41
   67   28
   33   94
   77   49
  167  145
   88  128
  118  135
  163  150
  102   80
  110  147
  109  126
   96  132
  127   72
   98  116
  125  149
  140  125
   93   87
   80  164
   75  131
  168  110
  111   78
   63  100
   32  150
  124   81
  123  122
   42   67
   70  149
  179  128
  116   88
   54  158
    5  109
  143  145
  106   65
   90  129
   90  142
   83  137
   79  129
   52   87
   95   98
   43  134
  122  145
   54  153
   45   95
   40   94
   91   77
   87  122
   69  107
   40   99
   85   75
   94   70
   48  110
   47  117
   46   59
   76  118
   68  182
   35  105
   31   80
   11   63
   18   75
     0.244