    1   21    5    0    1  262
   38   46
  146   33
   51   41
   87   76
   70   72
  115   72
   65   69
  112   82
   53   44
  133   28
   76   15
  170   73
  103   80
   93   43
   92   55
   78   70
  128   71
   87  102
   43   88
   24   57
  101   11
   77   41
  106   16
   51   32
   98   71
   72   61
  111   27
   55   67
  102   89
   22   36
  105   87
   14   25
   94   44
  143   42
   92    4
  101   56
   86   87
   70   27
   83   57
  120  165
  107  121
   97  147
   91  127
   48  125
  133  104
   78  165
  145  134
   36  135
  133  136
   54  143
   99   89
  150  139
   94   85
   48   81
  132  162
   53  126
   57  145
   80  125
   68   57
  140   40
   62   39
   65   99
   76  102
  136  108
   77   98
  118   63
   43   60
   68   81
  119  114
   72   83
   47  132
  137   84
   41  106
   63  110
   80   54
   79   42
   69   77
  143   37
  138   77
  177  119
   32   80
  124   80
   59   75
   69  107
  189   36
   64   32
   71   30
  101   76
   64   90
   18   99
   61  132
   69   41
   85  132
  126  115
  156   75
   17   86
   84  133
  107   65
  136   45
  162   40
   90   38
   73   35
  143  107
   96   49
   75   89
   62  141
   68  152
  133   69
  138  153
   28   95
  178   80
   85  143
   51  109
  180   90
   39  122
  121  117
  133  148
  112  136
   31  139
   71   81
   58   33
  118  105
  111   27
  147   77
   53  114
   94  114
  114  117
   35   91
   43   41
  128   56
   86   67
   86  113
  148  143
  141   47
   60   66
  109  119
   91  145
  101  144
  113  126
   52  118
  121   56
  129  111
   99  122
   53   76
  151  121
   45  146
  170   88
   80  127
   53   58
  150   63
   21   55
  102  102
  128   77
   53   87
   24  108
   98   84
  137  151
   35   91
  118   97
  120  160
   97  143
   98  148
  128   92
   95  175
   96  110
   92   59
   34  103
  103   38
  134   81
   38  103
   68   39
  112   51
   49   33
   17   30
   65  129
   57  175
  107  158
   86  127
   63  142
   83  121
  116  162
   33  162
   76   12
  163   29
   63   33
   94   86
  122   89
   35   84
   72   34
  150  137
   90   46
  132   63
  168   55
   61   95
   31   97
   76  148
   85  162
  161  142
   59  139
   31  169
   41   33
  126   21
   67   28
   31   25
  122  119
   25  128
   34   92
   23   89
   59  172
   25   74
     0.084