    1   21    3    0    1  470
  110  104
  127  132
  180  152
  172   88
   98  164
   75  175
   93   94
   72   86
   68  100
  104  166
   69   86
   85  123
   81   87
  130  162
  116  165
   90  173
  167  158
  115  137
   40  128
   61  158
  148  135
  134  160
  149  116
  104   77
  123  147
   65  162
   82  161
   74  101
  125  135
   68  165
  145   93
  120  165
   70  120
  104  150
   91  149
  151  168
  130  150
   62  132
   37   81
  172   73
  103  142
  100   97
  114   77
   25   99
  145   94
  101   67
  137  136
   93  160
   94  161
   83  125
   73  113
   56  132
   74  111
  166   96
   80  147
   20  131
   30   82
  182  135
  125  170
   90  152
   15  167
  153   98
   87  168
   92  167
  102  101
  116  171
  124  186
   75  169
  108  102
  110  110
  140  138
   72  122
   27  134
   57  130
  123  105
   53  109
   92  148
   88  136
   94  164
  137  135
  105  136
  139  191
   94  161
  142  111
   45   99
  110  154
  150  146
  138  110
   10  148
   23  188
   46  117
   32  117
  138   86
   45  116
  157  133
   81   77
   76  158
  112  133
   69  122
   54   99
  110  139
   88  141
   82  107
   47  148
    1  168
  101   94
  141   80
   97  116
  127   31
   38   73
  149  126
  164   81
  123   72
  114  105
   95  123
  138   98
  113   50
   40   32
   90  115
  129   86
   59   99
  148    7
   82  105
   59   31
  109   62
  124   19
   93   74
   95   86
  185   75
  128   48
   43   28
   47   40
   96   66
  171   96
   68  153
  104  135
  164  134
  159  158
   91  110
  136   99
  165  103
  153  118
   12  117
   90  148
  153   48
   84   40
   78   31
  170   55
  149   53
   27  102
  130   85
  113  117
   89   93
   70   60
   57  110
   88  173
  135  131
  159   94
  103  112
   65  175
  139  144
  131  176
  136  176
   55   96
   67  151
  120   55
   85   47
  122   86
   50   68
   96   97
  109   69
  151   66
   60  105
   96   68
  170  104
   97  138
  108  148
  141  130
  154  138
   66  105
   25   77
   77  143
  113  123
  101  113
  137  120
  159  107
   61  166
   78  124
   31  137
   29  148
   87  141
  178  112
  116  113
   72   90
   31  118
   93  116
  149   84
  140   26
   64   41
   11   38
  153  112
  148  118
  103  130
    2  158
  137  131
   38   94
   15  163
   32  131
   68  128
   63   84
     0.085