    1   21    4    0    1  283
   33   88
  146   59
   92   83
   25   47
   35   89
   26   26
  120   91
  134   68
   90   12
   50   34
  120   28
  100   79
   74   72
   61   91
  157   25
   39   97
  107   28
  116   34
   48   67
   29   35
  175   92
   11   25
   76   53
  106   26
  102   76
  135   27
   97   38
  131   89
   55   96
   54   94
   47   42
   61   37
   98   47
  141   98
   81   37
  121   74
   61   51
   90   27
   80  112
   31   97
   53   97
  106  146
   92  142
  137  158
  100  174
  155  118
   48  166
  114  181
   61  102
   49  109
  146  185
  167  152
   99  117
  157   93
  104  148
   88  155
   51  140
   35   80
    9   79
   68   82
  134   64
  124   20
  121   77
   48   45
   44   26
  125   48
  127   13
  110   83
  155   90
    6   64
  145   58
  110   99
   89   46
   23   55
   57   96
  100   40
  182   49
  120   49
  135   80
   70   70
   96  103
   75   33
   65   46
  102   78
  180   96
   24   29
  125   84
   72   70
   84   36
   52  109
   89   34
  113   65
  123   28
   93  105
   63   24
   69   98
   85   80
   54   86
  106   37
  186   94
   33   34
  147   82
   66   42
   47   34
   73   16
  160   48
   79   42
  102   93
   34   99
   73  106
  134   67
  106   32
   58   54
  111   25
   88   28
  135   41
   50   91
   67   33
   89   25
  121  140
  107  104
   40  108
  118  155
   92  115
   73   93
  144  178
  160  183
   92  118
  120  154
   71   93
   94  183
   95   95
  118   77
   80  124
   65  124
  104   67
   69  152
   88  139
  168  120
   46  111
  118  102
   67   63
  105  106
   34  148
   42  127
   51   77
   51  135
   91  101
   89   69
  170   64
   89   68
   89  112
   76  155
  101  128
   24   62
   52   43
   86   92
   96   98
   92   68
  144   72
   54   96
   98   35
   63   64
  109   58
   49   71
   78   83
  117   64
  119   51
  120   38
   83  113
  145   50
   70   40
  102   62
   76   51
   99   49
  119   77
  105  107
   64  120
  121   39
   53   80
  115   46
   54   41
   62   96
  126  110
   61   91
  119   84
   98   36
   79   61
   28  102
  131   71
   11   94
  110   92
   72  118
  123  148
   86   57
   47  165
  168  132
   39  111
  137  175
   56  153
   88  100
   62   52
   43   79
   76   58
   80  113
   59  156
   68   89
   40  116
   19  108
   74   92
     0.070