    1   41    3    0    1  733
   33   86
  122   89
   69   92
  144   41
  114   30
   40   54
   93   83
  105   53
   30  121
  143  105
  108   67
  108   90
  145   96
  161  103
   93   62
   52   56
  116   29
  109  116
  131   65
   30   25
   32  104
  137   82
  160   69
   87  114
   78   83
   46   71
   41  117
   58  110
  117   84
   50   52
  179  112
   39  104
   47   70
  171   47
   98   37
  115  117
  128  119
   99  112
   87  110
   61   68
  135  119
   81   63
  150   75
   65   57
   82   50
   25   95
  117   50
   98  114
  150   47
   97   43
  164   32
  133   55
  141   64
   94   88
  101  112
  158  122
  113  117
   58   88
  101   25
   51   87
  147   56
   94   56
   91   80
   98   81
   52   62
   67   30
  110  110
   57   31
  100   54
  114   46
   79   74
   52   89
   96   32
  106   63
   75   79
   61  104
   91   89
   60  105
    9   60
   92  114
   68  169
  145  146
   85  179
   40   92
   51  124
  117  103
  197  183
  131  168
  123  180
  120  139
   91  109
  117  109
   28  116
  150  100
  131  116
   72  183
   90  143
   23  165
  155  175
  107   94
   17  113
   66  129
   86   97
   73  129
  135  143
  101  177
   12  100
  158  120
   80  116
  111   95
   94  166
   98  131
   57   99
  120  146
  127  117
   96  100
   71   88
   94   99
  118   19
  136   68
   75   68
   38   78
  110   88
  183   65
  130   62
  154   64
  145   19
  157   92
  168   91
   92   64
   91   75
  103   72
  119   23
   49   22
   69   17
  126   39
   96   18
   55   93
   53   16
   49   52
   48   90
  136   14
   67   91
   81   61
  177   96
   19   90
   66  105
   96   56
  153   46
   65   94
   82   79
   63  102
   97   81
   25   56
   71  107
  105   88
  105   73
  112   66
   43  108
  130  133
  126  105
  151  154
  119   79
   88  128
   97  140
   67   83
  159  133
  136  136
  115  132
   83  106
   48  115
  167  146
  119   75
   36   62
   89   85
   85  121
   75  131
  116   93
  132  102
   93  130
  121  139
   46  141
  108   79
   95  138
  148   80
   76  139
   92   67
   75   76
  125   74
   75   86
   49  139
   38  128
   54  151
   70   92
  112  148
  114   64
  155   54
  185   63
  168   63
  110  147
   28   71
   92   75
   98  147
  134   69
   97   77
   54  138
  125  134
   97   79
    8   54
  106   93
   48  135
  110  103
   82   63
   55   98
   15  129
  188  103
   45  102
   60  114
  108  101
   86   68
  132  110
  103  105
   64   89
   63  148
   10  131
   51   43
  110   87
  107   68
  134   98
  110   68
  109  133
  131  136
  172   41
  163  100
   58  117
  114   52
   89  115
   59   49
   74   59
   44   74
  187  132
   88  120
   97  133
  105  112
  120   73
  119  124
   68  102
   50   51
   92   69
  141  133
   32  110
  107   88
  130  119
  104   53
   84  119
  125   60
  104   85
   72  119
   26  104
   71   53
   45   70
  175   31
  159   99
  109   30
  139   52
  165   23
  171   47
   81   67
  157   53
  133   68
   81   94
   95   43
   68   26
  110   83
   78   66
   57   55
   35  102
  109   24
   57   78
   79   50
   43   44
   93  113
  161   48
  111   73
  115   31
  153   67
  158   45
  130   78
   39   26
   78   52
  115   69
   70   22
  121   39
  114  118
   84   40
  149  120
  185   74
  151   36
  162   67
   29   61
  113   38
  150  119
  116   34
  100   57
   66   92
  113   40
   92   48
   10   53
   72   25
  121  111
   64   41
   92   55
  127   65
   65   48
  156   31
   41  108
   91   69
  168   22
  167   86
  122   88
  124  110
   63   99
   85   67
   42   64
  126   68
  160   71
  154  115
  133   92
  174   40
   96  102
   17   91
  109   86
  125  122
   88  126
   88   63
   95   78
  114  117
  120   71
   83   59
   53   80
   62  125
   96   61
   61   46
   89   47
   74   64
  180   58
   39  104
   84  101
  125  104
  120   34
   84   79
  122   70
  108   58
   36   71
    2   59
  120  116
  134  162
  188  123
   91  132
  122  190
   37  141
  131  138
   75  150
   50  142
   48  127
   36  184
  173  140
  114  163
   39  142
  108  126
   91  143
   41  125
  139  171
   56  193
   79  186
  124  135
  101  118
  115  132
  105  129
  180  100
  118  123
   75  143
  101  125
   44  123
   62  142
  139  106
  112  130
  145  108
  177   94
   84  107
  138  140
  149  173
   77  129
   63  171
   47  127
  117   99
  154  171
    6  149
  113  162
   57  111
   61  136
   60   96
   75   88
   34  126
  163  139
   80  144
   46  107
  163  131
  102  116
   59  133
   92  128
   66   99
   34  148
   67  106
  102  102
  163  157
  171  150
   49  125
  150  165
  133   81
  122  152
  114  158
   66  145
  135  101
   82  100
    5  140
   67  101
  109  122
   63   81
  122  122
   56  157
   97  137
  132  111
  107  109
   42  168
  161  164
   88  162
   88  111
   69  152
   44  133
   58  130
   59  156
  143  152
  172  162
   92  126
  102  109
  101  185
  104  163
   75  115
  103  193
  179  118
  114  131
   60  178
  117  154
  113  194
   92  178
   48  190
   55  188
   17  109
  159  128
   33  108
   61  109
   84  155
  156  163
   98  167
   90  150
   71  145
  114  185
   13  102
  126  146
   65  121
  137   88
   84  114
   66  105
   67   89
   46   82
   97  131
  160  133
   94  144
   72  152
   74  112
   96  180
  113  131
   79  111
   82   83
  148  101
   19   95
  103  119
  154  167
  111  111
   46  164
   67  131
   77  148
   84   87
   41  104
   51  166
   76  135
  131   88
  116  112
   47  156
   65  139
  158  160
   76  175
   91  145
   39  163
   50  164
   79  151
   52  100
   87  144
   47  114
  182  131
   17  167
   52  176
  144  142
  129   98
  102  105
   45  118
   97  107
   46   84
   82  149
  100   99
   80   28
  110  106
   78   75
   36   63
  191   14
  163   13
   46   23
   33   19
   76   15
   51  103
   48   93
   64  106
   39  102
  111   54
   91   99
   27   10
  149   25
  173   43
  102   91
  124   79
  115   35
   94   10
   46   60
  127  133
   71  117
  110  148
   50  150
  100   93
  139   81
   75   94
   31   79
  109  169
   73  129
   96  135
   45  119
   14  108
  105  170
   99  159
   74   98
   79  105
  172  172
  109  166
  129  114
  104   79
   82  108
   20  144
   62   90
   76   76
  112  148
  191  114
  151   71
   56  121
   30   75
  124  121
  125  134
  120   95
   80  106
   82   95
  130  133
   58   68
  106   59
  112  143
  124  106
   47   86
   95  152
   58   86
   50   81
   72   82
  128   83
  106  122
  185  132
   83   48
   94  114
   87  138
   98  132
   82  130
   80   59
   99   73
   59  143
  131   55
   20   59
   85   63
  101  120
  131  128
   91  137
  104   95
  125   73
   68   68
   92   70
   91   31
  116   37
  118  100
   90   35
   54  112
   70   74
  105   84
  146   99
  106  122
   73  100
  114   56
  106  118
   40   46
  159   58
  168   84
   58   89
   42  113
   52   38
   45   84
   72   77
  176   42
  118   58
   44   82
  100   34
   81  113
  112  102
  111  113
   90   91
   65  100
  131   82
   27   29
  111   76
   78  113
  164   41
  115   90
  108   66
   70   48
   35   44
   51   55
   99  178
   58  153
   35  169
   65   98
  125  141
   97  190
   60  149
   97  143
  129  123
   33  147
  109  188
  142  158
  166  193
  101  188
   96  171
   44  148
   67  158
   64  113
   68   74
  115   93
   71  135
   98  124
  121  136
   72  135
   95  139
  183   97
   50  160
   84   73
  109  111
   99  144
  104   87
   93  148
   78  106
   79  111
   98  146
  116   87
  104   78
   49   76
  138   62
   83   30
   81   25
   93   47
   46   73
   40   75
  118   49
  176   42
   88   19
  102   76
   44   86
  115   86
   90   97
   54   42
  107   96
  128   56
   48   69
   45   33
  187   22
   31   86
  101   59
  172   77
  148   65
   95   29
   47   52
   49  110
   83   98
   99  111
   41  140
  109   95
   66   90
  106   60
  109   56
   76  108
   99   50
  172   84
  151  122
   95   88
   36   90
   55  112
   93  117
   29  109
  131   91
  126   75
   88   44
  172  108
   79   80
   91   40
  144   89
  110   66
  119   36
   74  129
   57  100
   42   87
   81  113
  102  139
   55   95
  115  145
   44   64
   48   78
  153  101
   94   76
  100   79
   69   86
   74   56
   42  138
   94   69
   48  109
  135   44
   38   74
   82   95
  106   96
  151  128
   76   70
  111  123
   59   40
   86  110
   50   70
  144   48
   32   72
  117   97
  112   13
  132   18
  140   31
   56   23
   62   45
   64   25
   67   41
   57  122
  110  171
  122  129
  125  174
   68  187
   99  179
   54  108
   54  122
   81  184
   86   49
  169   90
  181   94
   69   56
   66   54
   54   54
   44   17
    6   83
  113   86
  157   66
   67   42
  124  104
  136   80
   28  118
   19  101
  106  134
   78   87
   39   92
   54   82
   69  117
   32   81
  143  175
   76  182
   60  117
   71  128
   98  112
  124  140
   47  141
   30   99
   41  133
   43  125
   99   46
   87  128
   73  105
   51   83
   13   99
     0.484