    1   31    4    0    1  503
  121  159
  111   71
  165  154
  164  127
   82   71
   64  125
  157  129
  101  145
  142   96
   46  160
  172   81
  128   95
   17  140
   93   78
  133  156
   78  115
  129  138
  126  141
   67   88
   71   79
   95  134
   44  130
   84  141
  140   78
   33  118
  120  163
   83  119
   41  154
  146  121
   66  169
  168  131
  149  137
  121  142
   87  100
   83  146
  168  101
  163  120
   91  128
   82  100
  172  126
   70  111
  100  166
  116  176
  149  135
   57  168
  123  110
   87  100
  112  157
   35  130
   51   87
   45  144
   71  103
   58  170
   44  125
   63   89
  114   82
  107  165
   87   87
   93  137
  105  173
  138  143
   57  178
  108  116
  133  140
  127  145
  150  132
  118  190
   85  142
  116  150
   72  162
  112  164
  148  179
   73  132
  128  193
   80  142
   32  148
   78  164
   56  173
   67  177
   88  121
  131  123
   26  112
  147  132
   96  130
   66  104
  110  136
    1  182
  125  184
   86  145
  122  182
  187  133
  185  141
  104  122
  137  127
   91  182
   58  183
   14  118
  130  142
   72  135
   30  112
  132  120
  149  177
  109  184
   48  120
   99  162
   86  123
   52  105
  126  160
   15  130
  123  101
  122  170
  118  116
  110  141
    4   96
   60  184
   54  154
  184  183
  106  164
  129  105
  136  188
  111  118
  123  124
  105  176
  178  193
  164   96
   29  125
  134  119
  123  179
   52  139
   77  161
   53  151
   51  160
   87  155
  122  135
   37  185
  100  143
   97  119
   37  193
  134  135
   93  176
  122   98
  137   68
  119  103
  104   42
   71   83
   86   86
  147  109
   30  124
  102   71
  165   65
   54   49
   85   91
  107   73
   93   86
  116   37
   97  115
   91   81
  100   42
   78   59
   29   45
   77   38
  109  131
  132   98
   98   79
   42  105
  167   89
  181  102
  132   41
   95   78
   92   82
   80   83
   97   42
  117  120
   91   85
   28   46
  147   30
  109   55
  103  119
   58   29
  104  121
   67   50
  115   84
   46   71
   97  106
   88   63
  139   26
   55   93
  150  122
   54   26
  138  110
  108  146
  125  101
  137  166
   67  134
  100  183
  101  122
  128  131
  104  124
   92  154
  134  109
  116  135
  113  183
  116  100
   73  118
   50  126
  136  122
   50  138
   75  127
  143  132
   94  101
  138  100
    5  187
   86  142
   55  158
  176  186
   57  109
   79  110
  102  153
   99  176
  110  102
  160   99
  106  117
  117  121
  108  118
   71  136
   99  124
   56  133
  128  180
   96  119
   98  142
  110  166
   88  179
  126  132
   89   95
   62   98
  119   82
   86   78
   69   97
   89  125
  147  101
  101   96
   88  133
  126  137
   72  119
   51   71
   42  152
   22   61
   94  154
   74  116
  100   71
   70  144
  161   62
   71  137
  131   64
   55   82
  178  113
   73   55
   65   75
  155  143
   84   52
   77  139
  174  116
   83  134
  128   95
   35  108
   99  109
   13  141
   59   91
  139   69
   86   99
  127  106
   90  141
   70   59
  146  115
   20   91
   78   95
   72  142
  129  174
  122  104
   23  121
  117  144
   95  176
   89  110
   60  136
   33  130
   25  131
   66   92
  110  154
   66  129
   63  141
  134  146
   60  120
  158  102
   46  165
  107  154
  140   85
   89  155
   61   78
  129  106
   88   63
   34  148
   74   94
   59  102
   26   86
   96  129
   93   91
   76  142
  130   61
  144  108
   71  135
   96  155
   98   58
   89   98
  164   87
   97   18
  162   84
  117   55
   88   46
   34  101
   28   66
   12   58
  128  103
  138   26
   50   90
  106   44
  129   42
   83   26
  143   80
   49   98
  167   99
   62  161
  152  105
  135  104
  107   96
   99   84
   96  165
   46  154
  114  179
   49  178
  102  163
  128  139
  130  133
   74  164
   92  121
   27  126
   41  145
  159  106
  143  148
   51  104
   85  159
   76  128
   64  105
  110  108
   66   89
   12  158
  137  144
  169  116
   72  165
  136   90
   26  150
  145   86
  157   75
  121   38
   94   28
   46   24
   43   64
   44  101
  139  118
   72   82
   69  104
  127  116
   66   95
   85   26
   66   27
  128  109
   86  154
   61  106
  114  165
   22  136
  117   78
   95   86
   64   76
  137   77
  168   94
   98  104
  102   77
   65  111
  105  154
   92  159
  125  110
   88  105
   89  103
   74  145
   62  103
   63  122
  176   73
  100  111
  123  155
   56  147
   32  124
   54   57
   28   63
  131  120
  115  123
   48   55
  122   86
   97   94
  127   67
  161  111
   10  112
  121   53
   28  121
   67   76
  137  107
   72   95
  147  111
  115   43
   42  117
  167   77
   81   64
   56  103
   81   87
   67   39
   43  107
   69  114
  132   95
  109   31
  147   66
    1   84
   57   44
  100   88
   72   86
   61   85
  106   85
   58   55
  125   25
   85   49
   56   89
   59  122
   77  105
  179   44
  128   92
  115   82
   57  100
   85  114
   54   89
  166   95
  125   72
   89  136
   71   64
   78   30
  110   92
  129   45
  145   56
   22   83
   92  118
   57  101
  123   73
   42  140
   55  162
   75  121
   73  173
  104   54
   68  117
   30   89
     0.223