    1   21    5    0    1  288
  123  142
   67  137
  133  165
   87  106
  103  122
   42  137
  143  143
  103  163
   25  189
  114  163
   88  163
   99  176
  117  159
  115  133
   90  118
  144  130
   15  134
  183  176
   53  140
   60  106
  115  107
  173  152
   58   83
  151   80
   77  134
  135   92
  129  113
   60  159
   97  120
   81  126
   99  101
  114  166
  168   87
  121   78
   86  125
   59   87
  144   99
   43  153
   71   88
  135  117
  118   58
   68   59
   75   95
  131   98
   86  118
   46  102
  138   72
  126  141
   50   90
  140  136
  142   67
   56  115
  174  103
   73   83
  159  106
   66   72
   31  149
   85  165
   77  169
   16  155
  160  152
  128  101
   65   81
   84   85
   88  171
   83  151
  116  122
  150  168
   57  136
  177  160
   23  156
  133  170
   81  134
   10  176
   59   59
   51   97
   99   40
  116   93
   66   36
   99   49
  134   39
   35   58
  155  110
  159   47
   30   91
   92   37
    9  121
  163  100
  125   95
   77   99
   72   64
  179  154
   64   64
   90   93
  122  114
  110  139
  113   86
  176  112
  131  101
   89  104
  122   58
   69   59
  176   62
  115   83
   86   95
  157   98
  100   27
  112   83
  147   47
  100   97
   51   27
   97   23
  193   86
   70   97
   91   60
   64   23
  165   49
   99   22
   96   24
   79  151
   20  186
  168  141
  116  118
   34  141
  104  180
  123  105
  108  183
  114  183
   36  137
  152  124
   35  135
   68  169
   28   67
  106  114
   93   93
   68   92
  186  131
  145  114
   72   40
  166   69
   94  116
  132   83
   89   90
   57  131
   77   63
   48   76
   24   36
  133   96
  120   54
  104   18
  110   68
   33   46
  156   90
   78   17
   51  110
  105  116
   87  130
  112  115
  139  169
  123  148
   98  123
   70   73
  100  116
   95   87
   99  113
   61  133
   88  104
  136   57
   40   94
   87  122
   62   69
  100   76
   66   59
   62   51
  123   31
  149   59
   96   70
  122   61
    5   35
  152   40
   46   65
   27   69
  146  183
   58  154
   86  163
   40  108
  100  150
  112   98
   38  140
   56  156
  101  117
   62  168
  181  144
  116  113
    5  112
  166  117
   71   67
  123   85
   37   94
   15   41
   23  114
  170  159
   66  176
   75  154
  134   57
   93   79
   92   30
   68   98
   81  129
    3   40
     0.066