    1   41    4    0    1  593
  134  125
   77   43
   22   76
  108   69
  123   87
   39   76
  124   52
   33   47
  138   60
   56   79
  156  134
  109  124
   74  111
   93  104
  111  138
  121  101
  108   76
  100   99
   93   98
   96  130
  120  127
  124   81
  105  138
   53   59
  112   70
  140  136
  106  135
   76   48
   93   77
   92  140
   27  128
   65  135
   18   59
  129  101
  125   91
  111  112
   72  134
   79   55
  125   53
   41   54
   72  143
   22   89
  181  158
  111  147
   40   76
  162  143
   59  101
   61  137
   67   76
  104   88
   88  129
   78  114
   85   78
   50  159
  140  138
  109  165
   70  120
  136   78
   28  128
  116  148
  130  147
  167  160
   28  117
   48  141
  154  131
  121   75
   86   93
   76  105
  120  117
   60  164
  120   72
   35  122
   75  137
   61  135
   82  133
   97  125
   47   87
  140  103
   50  111
   80   16
  122   29
  105   32
  105   94
  145   74
   46   84
  141   43
   92   76
  111  102
  100  103
   97   58
   95   14
   51   85
   48   91
   99   99
   86   93
  125   95
   58   45
  143   73
  107   31
  148  103
   73   73
  117   23
   90   43
  143   23
  110   82
  122   11
  157   32
   95   94
  136   68
   67   53
  133  108
  133   87
   66   67
   42   32
  127   59
   81   67
   16   76
  176   85
  109   35
  110   58
  135  100
   65   61
  155  114
  113   84
   71   35
   63  112
  128   51
   74   43
   67   59
  141   67
  133   72
   76   48
  110   79
   40   71
  133   74
  150   79
   87   39
   93   81
   81   36
  141  115
  122   96
   79   24
   84   85
  115   61
   26  110
  146   99
   71   84
   71  114
  102   31
   40   74
   68   55
  102   41
  148   66
   91  100
   98  179
   65  146
  119  143
  106  172
   70  102
  131  152
  134  153
   96  159
  103  174
  135  131
  140  140
   98  175
  123  162
   94  158
  154  128
   27  125
  172  105
  111  138
  112  123
   30  157
   74   94
  147  138
  152  169
  136  119
  108  134
  141   98
   96  106
  151  136
   92  181
   66  146
  106  158
   57   95
   83  143
   83  146
   77  140
   19  171
   68  153
  126  163
   57  112
  129  105
  108   94
  127  169
  120  144
   99  102
   82  154
  118   95
  123  180
   71  134
   97  179
   96  141
   26  115
   90  105
  102  171
  150   88
   62  115
   91  159
  153  136
  138   88
  104  157
   96  133
  134  181
   37  144
  123  102
   10  122
   57   91
  145  156
  119  109
   65  150
   95  181
  111  131
   42  152
  121   81
   70   95
  106   33
  119   95
  154   36
  122   87
   95  106
   86  123
   52   80
   63   39
   69   78
   79  121
  158  119
   13   59
  129  103
  160  111
  106  119
   66  123
   63   55
  126   32
  118  123
   78  113
   64   35
  115   68
   99   68
  120   71
   56  128
  139   63
   80   50
  135   63
   44   71
  112  101
  159   79
   41   44
   50  170
   67  120
   78  122
   89  131
  117  112
  137  169
  106  180
  102  178
  107  100
  126  132
   76  158
  167  100
   81  134
  137  186
  113  193
   96  160
   74  190
   60  190
  122  105
  136  154
  126  124
   49  141
   93  170
   62  192
  151  126
   81  158
   98  144
   57   95
   93  109
   74  146
   46  168
  159  185
   89  145
   99   47
   96  101
  123   93
  118   24
  116   32
  144   37
  141   71
  119   66
   82   89
   34  104
  139  116
   17   96
  180   32
  148   93
   79   53
   21   71
  117   57
   94   64
  157   59
   98  116
  118   18
   91   72
   42   54
  100   46
   53   21
   79   73
   74   97
   84   93
   88   87
   45   76
  122   36
   31   34
   52  124
   92  118
   62   74
   79  112
   95   89
   66  154
  120   91
  160   74
   80   82
  100   93
   28   95
  183   67
  148  154
   90   62
   55   93
   98  119
  165   90
  141  118
   55   79
   62   78
  107  157
   33  138
   79   94
   62   88
  110  158
   83   60
  127   76
   95  141
  128  134
  163  118
   30  151
  143   86
   61   70
   72   63
   98   82
  131  103
  121  130
  129   82
   79  106
   85   70
    6   84
  178   58
  149  114
  140   59
   99  142
   71  122
  132   50
  147   65
  100  125
  122   54
  125   72
  104  100
   76   52
   50   81
  125  101
   51   51
   85  137
  121  138
   41   62
  148  136
   37  109
  128  151
   63  117
  112  141
   95   94
  125  143
   87  114
   54  162
  104  108
    9  124
  181  120
  110  123
   97   93
   81  128
   33  152
  152   71
  128   88
  141   81
   91   77
   74  119
   83  112
   97   97
   20  112
   69  160
   81   99
   91  115
   36   82
   91   93
   98  165
   49  106
  144  142
  147   90
  108  121
  109   79
  123  123
  102  153
  145   68
   68   67
  123  152
  114   89
   95  131
   85   62
   69  145
  135  117
  101  132
   87   84
  135   70
  137   78
   26   79
   74   61
   94   99
   46   75
   68   60
   52   72
   49  130
  118   85
  131   74
    5  102
  131  107
  132  146
   65   86
  135  108
   94  103
  160   77
   82  119
  106   73
   99  106
  113  133
   90  143
   53   98
  112   80
   76   88
  142   85
   88  115
  162   62
   99  112
  119   84
   83  146
   70   69
  134   60
   59   56
   92  140
   69  128
  153   65
   70   89
   98   93
   78  161
  109  145
   91   97
  167  104
   51  131
  115  162
  101  122
  117  124
   17   77
   40   99
  135  133
  158   72
   76  158
  117   97
   97   89
   72   72
  114  140
   50  164
   84  148
   63  138
  127  166
  108   83
   45  132
   84   76
   36   75
   75   79
  101  107
   67   48
   86   58
   34  146
   94   69
  144   66
  114   62
   88  116
   55  137
  146   99
  104  132
  135  127
  127  131
  155   53
  101   53
  128   79
   45   79
   62  146
   49  146
   70   76
   46  134
   55   58
   96  138
   34  106
  104   86
   26   52
  175   98
   23   98
  169  144
  188  127
  111  106
   82   54
   40  140
  113  108
  135  118
  117   67
  102   77
  144   60
   78  127
  112   61
   68   68
   83   63
   93   75
  121   87
  118   53
  104  139
  153   82
   60   93
   92  136
  131   68
   16  162
  104   93
  158  148
   83  117
   34   83
   39   98
   82   77
  119  117
   58   89
  106  139
  160   70
   26  101
   86  140
   65  123
   57  146
   54   69
   45  146
  115  124
   46  129
  128  143
   77  120
  157   84
   14   27
  118   79
  145   33
  157   79
   75   44
   45   60
  167   37
   95   88
  105   37
  137   77
  167   34
   48  107
   87  117
   51   32
   59   64
  137   43
   54   51
  112   83
  107   35
  163  105
   15   32
   56  130
  122  138
  172  118
  170  135
   77  123
   38  133
   92  149
  169  107
   58  144
   86   78
  160  127
   96  104
  145  108
   65  120
  113  112
  139  174
   85  106
   63   86
   72  106
  102  100
   74  103
  162   25
  109   41
   77   77
   48   31
  102   63
  116   91
  152   51
   98   76
  117   49
   84   42
  114   99
  134   62
   81   83
   55   68
   53   88
   94   12
  119   98
   55   18
  122   46
   10   67
  131  106
   93  185
   66  157
   82  183
  134  126
  139  175
  107  177
  107  117
  132  153
   43  109
  140  135
   81  164
   55  163
  125   94
   93  181
   69  128
  116  165
  141  147
   54   93
  154  187
   79  147
  103  175
  153  142
  106  171
   71  184
   57  188
   72  141
  116  107
   98  178
    4  151
   61  182
   74  132
   37  159
   69  108
   55  100
  135  112
   48  160
   30  145
  100  134
   92   85
   76  142
  130   99
   44  161
  119   74
   49  103
  157  102
   83   96
   56  135
   60  136
   58  105
   50  115
   99  122
  154  147
   90  149
   66   57
  139   35
  116   74
   76   92
   87  100
  112   57
   84   34
   83   68
   59   48
   86   81
   49   25
   73   78
   31   60
   89   88
  150   68
   41   77
  117   63
  117  107
   56  131
   61   98
  132  117
   97   47
  110   40
   83   71
  116   75
   64   45
  118   57
   68   37
  133   36
  147   65
   15   75
  126  142
   93  101
  124  138
  133  119
   89   74
  122  150
   29  138
   74  129
   99  130
  134  158
   88   83
  135   71
  171  123
   20  117
   77  122
  108  104
   76  144
   23  164
   77  150
   23  138
  108  103
  114  171
  104  153
  115  132
  125   76
  127  143
   63  102
   80  128
  128   76
  116   97
   87   55
   30  101
  108   63
  146   63
  105   87
   62   73
   91   85
  137  128
   18  118
  107   61
  115   92
  149   46
   86  139
  115  123
   49  100
   52  117
   85  120
   89   59
  157   91
   66  111
   63  111
   73   98
   94  101
   61  155
   80  167
  110  147
   70  129
   83  166
  114  162
   87  162
   80   60
   25  106
   75   85
  120  114
   61   71
  104   62
  103   51
  164   81
   96   25
   65  140
   72   86
   60  104
   42   86
  115   65
   93  124
   97  140
   29   63
  139   43
  140   51
   41   83
   66   11
  104   52
  168   73
   85   50
  131   53
   56  113
   60  102
   82  135
  173   96
   23   67
   68   72
   96   75
  115  101
  137   68
   95   91
   67   88
   81  118
  149   61
   67  125
  101   64
   83   78
   83   45
  156  128
   34  137
   77  161
     0.464