    1   41    2    0    1 1043
  147   95
   81  120
   73   66
   83  137
   56   80
  116   47
  106  122
  150  132
   21  121
  149   80
   71  132
  155  129
   60  126
   78  114
   42  139
  108  121
  172  125
  153  135
  165   86
    9   71
  123   68
   84   50
   45   49
  101   45
  171  100
   79  126
   88  115
   85  109
   95   71
   95  117
   49  107
   63  136
  147  133
   20   88
  138  124
   44  100
  145  137
  141   72
   64  115
   37  107
  110  100
  126  154
  114   82
  122  156
  120  148
   81  101
  147  145
   71  131
  178  109
   94  109
  106  113
   95  153
   51  152
   75  107
  131   96
  130   70
  128   70
  140  100
   60  162
   51  159
  118  121
   68  145
  181   87
  101   90
   65  140
  105   86
   18   86
  134   85
   48  131
   68   65
   16   68
  135  137
   40   72
   45   85
   98  115
   68  160
   79  154
   56  149
   44  103
   99  133
  139  117
   94  135
  140   68
   81   63
   71  128
   28   90
  114  122
   35   86
  129   92
   73   55
   59   82
   56   80
   58   74
  137  133
  123   51
  176   43
   62  135
   68  108
  136   45
   10  138
  182   61
  115  128
   96  122
   69   43
   57  109
   61  138
   59  121
  117   87
   84  102
  137  101
   72   82
  102  137
   54   91
   64   55
  105   89
   79   46
   96   61
   65  136
   76   70
  169   91
  133  149
  138   99
   53  117
  146  131
   65  109
  119  115
   93  124
  120   74
   30   68
   79  111
  103  138
  138   64
  143   57
   44  125
   42  119
  112   59
   94  108
  187   55
  182  151
   14  113
  102   88
   49   98
  127  131
   66   55
  105  133
   77  107
  126  101
   28   92
   63  123
  102   97
   93   60
   69  148
   79  125
   35   88
  143   43
  140   61
   50   99
   96  126
   30  133
  169   79
   87   93
   71  130
   56  103
   40  129
   36   66
   90   86
  126  124
  144  110
  127   79
   62   92
  106   96
  109   72
  103   78
  150   96
  126  119
   21  139
  110  106
   45  130
   58   98
   30  121
   58   51
   67  106
  104   48
   98  119
  127   63
  111   73
   83   61
  105   77
   93   52
   90   82
  165  137
  111  107
  102  142
   25  145
  161  126
  107  137
  163  130
   19  101
   51   69
   16   83
   51   96
  194   69
   64  150
  104   75
   97  153
   77  124
   83   99
  102  145
  145   90
  103   81
    7  151
   81  113
   17   79
   59  115
   86  109
   91  125
   68   59
  175   65
   46   89
   46  153
   75   64
  115   95
  138   81
   34   58
   18   87
   74  159
   81  193
   55  121
   99  173
  108  101
  102  163
   22  155
   57  142
   77  100
  100  136
  118  126
   95  150
  187  132
   65  108
   92  127
  119  189
   43  104
  177  140
  118  142
   48  117
   89  164
   59  195
   79  197
  100  174
  102  162
   82  114
  174  132
   96  134
   73  140
   61  122
  100  123
  134  117
   65  144
    7  155
   73   94
   68   62
  145  135
   36  109
  158  103
   19  140
   95   69
   49   64
   72  106
  129   53
  122  130
  119   78
   99  111
   36   54
   88   95
   89  125
  146  127
  117   97
   28  126
  127  106
   61   64
   61  117
   42   79
   40  102
   45  107
   89   60
   76   75
   66   69
   38   87
  123   73
  140  141
   89   63
   70   84
   93   85
  132  125
   99  129
  140  149
   40  142
   97   95
   20  143
   63   99
  119  156
  157  110
  169   83
  101  123
  110  150
  124  134
   19  154
  105  143
  127   65
   27  136
  155  105
   13  151
   94  158
   70  122
   94  138
   99  109
  150  143
   48  123
   92  145
   82  128
  152  124
  136  117
  120   89
   24  118
  144  104
   89   33
   87   91
   62   25
   87   20
   12  106
  114  101
  160   23
   68   81
  164   51
   49   74
   71   34
   82   91
   80   98
  108   90
  133   47
   76  106
  162   24
   90   93
  137   73
   34   76
  102   65
   70   58
  160   85
   55   33
   68   77
  108   94
  155   91
  112   48
   94   64
   49   57
   87  103
  113  107
    6  158
   55  119
   17   97
   80  180
  139  150
  115  151
  195  112
   91  120
   81  104
  116  171
  100   91
  113  103
  187   94
   77   95
   68  124
   50  160
   48  151
   80  108
   42   89
   50  102
  116  148
   80   98
  109  175
   32  113
  147  121
  155  155
   61   88
   75  149
  116   94
   15   88
   38   32
   91   69
   78   55
  111   94
  135  103
  104   15
   87   93
  114  109
   70   66
   16   98
  145   84
  127   92
   20   72
  163   64
   46   64
  110   64
   51   84
   54   24
  101  109
  155   79
   25   58
   47   32
  111   73
  146   94
  151   48
  103   88
   39   69
   17   97
  125  138
   96  154
  142   93
  165  150
  146  131
  178  152
   54  102
  123  140
   86  141
   45  148
  135  165
  141  115
   25  150
   86  157
   61  107
  118  155
   70  114
   69   76
   53  126
   87   84
   33   77
  107   71
   35   97
   94  129
  153   80
   56  127
   81  107
   46   75
   77   36
   88   73
  112   24
  135   94
  169   16
   52   43
   65   41
  157   10
   62   90
  134   57
  120   61
   25   50
  118   82
   61   50
   79   27
  104   86
   96   17
   18   58
   88   28
   63   10
  109   32
   70   83
  122   55
  119   23
   59  101
   38   49
   40  113
   55   59
  180   41
  118   31
  107   52
   48   58
  111   33
   93   28
   52  107
  131   65
  106   51
   50   40
  143   40
   11  113
   60  101
   83   71
  118   70
   30   86
  126   56
   60  123
   44   37
  106   42
  154  114
  145   28
   99   67
   93   90
  128   12
  105   28
  153   39
  159   62
   10  105
   59   17
   96   80
   48   48
   97   35
  170   54
  105   53
  130   92
   27   61
   49   66
   24   37
   58   39
   47  101
   84   77
   13   79
   88   90
  112   63
  111   24
  132   84
   67   78
   53   51
  164   56
  153   79
  133   58
   96  128
   65  109
  129  123
   38   96
  152  109
  131  134
   55  125
  131   53
   76  101
   65  109
   36   72
   68  104
   30   48
  165   65
   74  111
   93  136
   82   88
  161  131
   92   79
   33   76
   32   69
  157  155
  109  160
   49  170
  105  101
  131  163
   20  116
  185  108
  109  159
   18  125
   94  130
   28  169
  113  130
   33  158
   51  131
   61  181
  162  105
   98   96
   84  165
  106  143
  140  125
   79  181
  103  143
   64  151
  171   82
   89  125
   32   82
  130  147
   80  159
  142  108
  178  140
   77   73
  113  108
   67   61
  100   80
   88  151
   51   83
   71  144
  106  155
   13   69
  100  136
   84  119
   92  116
  136   66
   81  123
   79   69
   14  103
  102  117
   96  130
   63  108
  144  115
  138  100
   42  121
  114  164
  107  193
   88  184
  104  112
  114  168
   95  181
  151  114
   71  100
  111  155
   95  145
   67  133
  123  105
   85  108
   56  149
   74   50
   68   79
   80   78
  155   81
  171   41
   22   96
  145   25
   17   84
   51   75
  102  101
  114   98
   30   64
  112   77
   58   36
  104   88
  106   94
  100   48
  104   74
  105   80
   73  103
  127   99
   70  115
  174   32
  143   62
   27   52
   67   41
   65   91
  109   31
   37   72
   45   95
  108   94
  103   65
    4   43
  128   77
  106  125
  127   83
  116   31
   52   74
   27   29
   35   66
  179  148
  121  158
   23   67
  105  139
   42   90
  105   73
   47  155
   60   88
   56  153
  166  148
   45   75
  138  151
   93   83
   75   62
   75  146
   82   73
   62  140
  119  104
  192   97
   17   54
  117   21
   79   36
  108   18
   79   99
   87   91
  100   68
  161   65
   21   48
   51  102
   65   64
  109   15
  153   86
   50   16
   68   90
  119  140
   55   97
   90  100
   91  167
   58  164
   46  175
   86  170
   65  131
  128  150
   31  115
   97  188
   83  192
  106  136
   87  178
   41  191
   34  105
   87  181
   76  134
   43  128
  135  119
   70  153
   35  160
   36  144
  127  188
   91  185
  128  128
  107  103
  138  159
  133  137
   33  127
   95  178
   83   29
   85   86
  115  103
   29   76
   81   44
  109  100
  120  100
   92   12
  116   92
   91   68
   85   74
   76   88
   98   30
   55   67
   31  114
   49   78
   30  162
   94  104
   38  148
  114  140
   47   82
   53   92
   32  104
   81   70
   67  150
   73   73
   34  158
   62   22
   99   28
   39   90
   97   39
  112   66
   56   52
  129   48
   82  103
  115   23
  100   44
   65   28
   48   54
   86   94
   34   45
   47   42
  145  106
   58   65
   44   51
   67  124
   86   43
  112  105
   50  109
   21  115
   85   48
   29   74
  175  101
    3   41
   57   89
   50   45
   99   91
   84  118
   60   24
   61   44
   54   30
  143   63
  101  115
  109   79
   33   63
  149  110
  106   46
   89   61
   83   75
  178   49
   79   37
  103   35
   71   55
  144   86
   86  111
   86   63
   43   18
   77   87
   59  140
   78  147
  113  105
   68  160
   58  160
   93  121
   77   61
   98    4
  133   84
   68   64
   45   13
   82   51
   87   65
  127   48
   93   98
  105   65
   84  117
  151  114
   84   85
  111   51
   38   76
   84   91
   91   83
   40  139
   68  104
   26   94
   24   57
     0.823