    1   51    2    0    1 1337
  118  164
   67  108
  145   91
  116  112
  135  104
    8  131
  149  100
   93  100
   63  157
   95  129
  111  147
  145  142
  180  126
   67  170
  138  180
   39  141
   49  133
  119  133
  112   99
  117  164
   50  164
  110  123
  146  166
   98  104
  124  125
   38  159
   74  170
  145  151
   86  132
   99  108
   36  172
  156   91
  121  139
  176  165
  176  151
   78  181
   71  163
  134  148
   99  172
  136  106
   81  144
  113  109
  141  104
  150  170
  109  143
   95   98
   55  152
  111  123
   82  176
   74  150
   16  120
  114  148
   83  102
  136  102
   53  154
  166  104
  104  110
  128  185
   72  131
  103  131
   90  109
  167  170
   55  106
  116  114
   43  115
  100  140
   82  135
   75  150
   71  133
   84  108
  115  171
   80  119
   65  152
   98  174
   44  136
   95  117
   75  118
  125  156
  130  169
   37  178
  161  182
  138  141
   90  163
  144  114
  107  162
   81  167
  110  142
  100  191
  151   99
   20  196
   90  181
  122  109
  123  109
  124  158
   74  179
   10  117
   86  129
  117  141
   96  109
   89    6
   91   41
  116   19
   73   19
  110   25
   85  103
   40   96
  149  104
  126    6
   74   96
  184   58
   49   45
  105   88
   42   79
   35   98
   72   18
  152   35
   37   51
   90   65
  128   91
  119   10
   79   69
  111   53
  127   86
  136   68
  132   85
   64   66
  175   96
   25   34
  123   82
   74   63
  128   72
   96   80
   42  101
   81   56
  124   77
   39   76
  102   28
   17   22
   60   26
   58   57
  128   98
  159   59
   37   96
   43   40
  109   61
   46   29
   26   62
   90  112
  143  100
   17   85
   84   83
  126  154
  108   82
  144  166
  126  146
  124   85
  104  109
   34  126
   91  103
   84   72
   61  161
  106  125
  140  121
   24  139
   27   78
   53  159
   92  107
   59  130
  180  148
   50   70
   97  162
   78   96
   40  140
  145  158
   31  102
  135  101
  121  161
  100   95
  153  101
   74  150
   76  136
   89  101
   72  120
  180   84
   93   75
   26   79
   92  106
  120   92
   88   80
   30  129
   68  160
  123  139
  109  166
   15  124
   61   95
   94  106
  128  125
   69   70
   89   38
  117   78
  120   45
  124  109
  133   59
   69  116
  116   84
   89   41
   39   86
  134   93
   68  108
  116   58
   23  114
   92   66
  106  125
   58   32
  159  106
   64   46
  129   71
   93   64
  122  111
  137   70
   69   47
  104   40
  120   40
  146   85
  100   35
   62   31
   98   61
   65   29
   77   97
  171   76
   31  112
   63   58
   68  118
  168   89
  143  105
   85   86
   34   75
  153  126
   85  118
   44  109
   64   90
  124   59
  151  104
  107   62
   97  125
   78   71
   99  103
  189  142
   43   88
   79  136
   92  128
   24  149
   95   80
  148   86
  104   58
  103   86
   82   73
  163  133
  110  118
  189  113
  130   75
  127  133
   99   67
  110  148
  117   88
   25  117
  118   70
   92   95
  141  134
  159   53
   86   66
  128  144
   56  107
   81  118
  143  147
   56  103
   39  126
  143  136
   90  146
   91  104
   89  110
   94   71
  157  111
  116   76
   44  147
  148   16
  123   40
   87  104
  156   68
   77   63
  101   83
  171   52
   59   71
   63   89
   52   22
   49   75
   84   44
  101   38
   86   75
   86   35
  129   35
   83   75
   99   17
  134   30
   43   34
   97   60
   50   65
   90   31
  190   16
   21   18
  109   74
  115   94
  151   15
  115   85
   74   10
  105   97
   99   98
   14   67
  114   67
   35   65
   96   32
  120   91
  165   40
  150   17
   49   81
   54   94
  155   78
   83    7
   29   17
  121  104
  103  169
  120  112
   45  167
   82  118
  191  142
   61  165
  128  168
   48   95
  102  161
   68  124
  133  141
   23   84
   67   86
   78  136
  155  128
   38  153
  104  135
   45  127
  121   92
   69  159
   62  159
  180  125
  105  165
  104  169
   95  158
   86  143
  131   90
   26  124
   84  176
  101  123
   58  119
  153  140
   87  148
   76   78
  139   78
  152   94
  127  106
   89   80
   74  119
  120  165
  125   87
   62   91
  131  117
  162  129
   44   98
  146   70
  107  159
  102  135
   67   87
   22   99
   28   80
  125  126
  105  113
  116   92
   54  140
  112  122
  153  128
   41   73
  140  135
  116   99
   92  101
   81  104
   75  131
  136  149
   99  112
  160  138
   86  157
   96  143
  128   95
   21   93
  143  115
  135  109
   79  136
  181   87
   14  111
  102  116
   74  123
  144   91
   76  102
   68   86
  100  141
  128  137
   77   90
   52   67
  137   57
   45   75
   61  108
  147   94
   58  132
   78  109
   59  109
  100   60
   47   74
  107  115
   23  114
   51  111
   53   56
  162   76
  119  126
  100   37
   70   39
   81  116
  103   53
  104   53
  181  128
   81   61
  147   52
   65   87
  154  126
  154   55
   15   70
   59   50
   70  109
   57   54
  111   71
   29   61
   55   36
  144   85
  162   47
  147   48
   49  102
   16   78
   73   43
   84   71
    7   62
   99  105
   81   96
  119   64
  109  125
  150  149
   82   80
   71   83
  109  105
   75  140
   30   72
   29  108
   49  162
  155   64
  118  128
  187  108
   99  123
   51   68
  120  115
  120   65
  168  143
   21  122
  152  117
   93  149
  137  160
  133  115
   21  155
   59   73
   48   76
   84  155
  130  109
   57  122
   83   94
   71  125
  123   70
   84  127
   21  102
  102  142
  153  124
   51   84
   34   69
   87   58
  131   72
   54   93
  102  140
   81  112
  106   48
   73   96
   90   99
   98   69
  100  129
   76   73
   99   45
  121   55
  144   44
   66   71
   96   82
  132   79
   40  125
  132  114
   23   71
  121  115
  144  111
  131   52
  170   45
  102   81
   73   65
   45  141
   62  106
  168  102
   40  104
   86   51
  114   70
  111  131
  157   92
   18  104
   29   79
  140   97
  103  120
   86  116
  163   71
   54   62
  140   51
  120   70
   35   98
   62  139
   81   54
   48  128
   44   85
   85  135
   87   57
   29  103
   94  131
  129   52
   69  131
  127  149
   74  121
  181   78
   84   59
  134   61
  145   85
  132   97
  144   59
   74  106
  115  112
   59  109
   34  114
   97  144
   80  101
   61   67
   66   54
   98   88
   83   79
   82   59
   91  100
  107   61
  125  139
   70  136
  121  154
  123  147
   32  177
   80  164
  100  166
  135  135
   43  183
   95  167
  120  192
  154  114
   98  197
  187  195
   84  104
   83  115
  121  106
   87  100
  123  190
   53  176
   98  178
  147  114
  110  133
  110  190
   94  190
  127  189
   48  107
   13  123
  131  186
   82  184
  106  154
   66  142
  139  188
  139  152
   80  175
   47  133
  136  106
  123  134
   91  181
  155   30
  102   83
  105   98
   76   60
  138   76
   97  117
   59  115
  132   71
  162  108
   58   48
  142   66
  112   53
   72   71
   63  116
   46   82
  154  102
   64  111
  119   43
   75   68
  147   94
  121  114
   55   52
   53  107
  110   55
   10   90
  159   43
   54   73
   95   40
   92   88
  154   92
  110  115
   49  118
   13   51
   87   34
   47   85
   71   99
   84  157
   36  115
  134  100
  105  112
  101   72
   43  113
   48   98
  112  143
   47   86
  154  157
   70  146
   80   89
  122   74
  113  123
  133  110
   24  124
  159  142
  132  125
  133  105
  139  143
   23   65
  130  120
  107  123
   50  136
  136   69
   36  126
   47  143
   71   85
  162  112
  103  160
   64  155
   32  153
  147  139
   91   91
   33  103
   58   90
  118   38
   64   72
   51  114
   30   62
   40   44
  166  115
   89   53
  124   98
   43   44
   47   38
   82   88
   50   77
  184   49
   34   58
  127   86
  102   44
  171   32
  169   29
   55   28
   88   81
   54  105
   11   64
  137   69
   59   60
   77  113
  141   62
  111   53
  119  109
  110   47
  104   56
   96   27
  144   89
   77   24
  136   97
   62   54
   96   90
   18   48
   38   91
  133   45
   88   69
  113   95
   65   12
  119   95
  122   12
   46   32
  136   84
   19   92
  168   67
  123   90
  128  106
  135   85
   35   83
  117   69
   97   22
   73   25
  183   59
   72   50
  103   20
   99   18
  160   92
  154   59
   23   27
   42   74
   65   26
   79  100
   11   33
   84   87
  104  115
   55   58
   65   52
  150   84
  101   60
  102   91
   87  127
   55  119
  140   48
  125   54
  186   66
   23  112
  109  101
  116   58
  168  103
  128  124
   45  108
  131  137
   97  131
   41   95
  127   48
   58   63
   63   55
  147   83
  151   52
   78  118
  114   88
   50  115
   75  120
   90  120
   15   55
   49  153
   84  128
   89   94
  168  136
   85  130
  120  125
   71  101
   68   64
   85  114
   73  114
  193  137
   87  102
  118  134
  133  109
  159   84
  152  143
   69  128
   84  150
  127  130
   37  136
  183  155
   83   90
   22  131
  142  120
  167   74
  121  126
   29   69
   22   80
  142  132
   75  111
   37  139
   64   75
  121   35
  158  103
  115   33
  179   68
   72  104
   63   37
   93   31
   69   95
  138   34
   78   81
  115   29
  121   32
  145   38
  104   54
  108  118
   88  102
   72   90
   64   26
  158   24
   21   95
   31  106
  153   88
  169   67
  116   47
   66   61
   69   81
  139   82
  144   33
   79  102
   54   67
  146   20
   96   38
  160   14
   56   77
   73   73
   71   29
   73   73
  172   40
   77   17
  175  104
   61   72
  134   83
  184   45
   40   91
  140  105
   72   37
   89   89
  133   58
   27   34
  109   74
  115  105
  104   57
  110   37
   35   96
   78   92
  146   10
  127   30
   71   15
  109  124
   76   85
  170   74
  111   50
   94   45
   87   61
   42   55
  157  109
   76   88
  136   49
  129  126
  114  120
   96   72
   32   42
   76   41
   70  112
   11   74
  158  125
   84   89
   16   43
   98   62
  177  101
  101   77
   37   71
   93  110
   88   50
   95   94
   55   99
   98  165
   95  141
  114  107
   58  119
  123  123
   42  163
  147  166
   90  152
  189  102
   61  136
  136  149
  137  152
   14   94
  112  151
   88  133
   62   79
  133  154
   92   79
  105  162
   65  143
  123  149
  159  176
   91  142
    9  169
  137  126
  120  108
   37   90
  147  114
  115  123
   93   55
  137   66
   88   28
  124   71
   57   32
  121  100
   87  114
  152   81
  153  119
   25   71
   97  123
  102   65
   95  110
  154   50
   94  116
   17   96
   62   37
   95   98
   76   69
   43   67
   84  101
  129   95
   62  105
   80  118
   60  114
  110  153
   97  101
  113  176
  187  186
   53  155
  151  156
  133  143
  104  104
  109  136
   85  186
   89  132
  116  178
   81  168
  168  139
   14  130
  102  179
   93  169
  163  180
  148  108
   20  178
   46  115
   89  185
   88  143
   59   96
  124   38
   56   70
   44  119
  148  114
   87  116
  143   98
  145   69
  113  122
  137   88
   46   50
   90   89
  133   55
   87  105
  147   41
   45   54
   65   93
  146   82
  118   95
  162  131
   48  117
   15  115
   68  114
   70   63
   55   63
   78  116
  101  105
  127   82
   58   97
  132   89
   90   82
   95   45
   95  100
   55   56
  107  107
   39   61
   74   78
   92  117
   92   72
   39   74
  102   89
  132   56
   74   59
   81   47
   86  124
   70   89
  126   86
   24   52
   46  112
  109   71
   50  140
  189  131
  111   75
  138  135
   96  102
  106   93
   76  133
  129   80
   45  125
  154   97
   64  124
  106   84
  122   93
  109   76
  124  110
   93   74
   94   61
  123   50
   55  101
   58  136
   99   71
   73   80
  134  131
  141  114
  151  121
  153   68
   61  123
  102   58
  103   38
   34  134
  137   96
   25   65
   79  122
  131   87
   80   39
  114   45
   65   67
   43  105
  153  115
  142   45
   32  129
   23  132
  154  131
   80  151
  107  103
  103  196
   13  162
   71  176
  117  168
   88  178
  100  130
  105  195
   70  128
  118  124
  122  180
  147  157
   58  163
   41  175
  122  113
  107  189
   54  188
  117   53
   99   75
  124   55
  107   33
   57   71
  109   98
   92  104
   72   98
  182   57
   87   42
   51  110
  128   29
  125  100
  112  110
   58   40
   63   44
   74   22
  143   38
   83   84
   91  150
  176  170
  178  119
   71  170
   61  152
  105   98
   71  186
   89  137
   83  101
   89  161
  126  100
  137  128
  109  103
   39  100
   72   97
   88   95
   90  164
   31  111
   86   84
  167   82
   61   94
   77   78
   58   92
   38   92
  175  101
   60  119
   96  124
   83  108
  124  110
   81  139
   68  138
   73  131
  115  118
  131  100
   28   86
  169  111
   32  138
  134  118
   91  146
   95  142
  113   97
   93  107
   87  149
  129  178
  130  114
  113  111
   79   85
   44  147
  108   99
   99  179
   12  141
   27  112
   60  109
   40  133
   96  151
  111  147
   45   94
   81  168
  109   99
   84  190
   78  132
   65  103
   95  154
   69  162
   78  131
   74  152
   83   63
   49   78
   17   82
  101   65
   42   97
   26   97
  144   54
  100   28
  128   65
   50   79
   36   46
  115   32
   92   49
   63   80
  136   95
   45   73
   93  103
   91   81
   15  106
   90   58
  101   85
  114  102
   60   66
   58  112
  130   96
   85  137
   84  136
   94  134
  111   69
   90   54
  113   76
  113  117
   92   61
  145   60
   53   50
   44  102
  154   77
  137  119
   16  106
  112   23
   93   69
   66   74
   74   73
  109   37
   68    6
  103   33
   96   51
   71   71
   90   99
   87   79
   20  164
   65   97
  129  176
  175  173
  122  132
   96  127
   14  172
  141  117
  122  123
   43  170
   38   54
   94   72
  173  101
  148   75
   43   11
   89   49
  146   21
   48   50
    5  103
  127   54
  102   80
   89   81
  109   70
   31   47
  134   85
  144   54
   54   16
  123  116
  145  102
  100   77
   55   70
  154  138
   94   74
    3  117
  152  155
   82  161
   74  151
  100  152
   64  134
   22  161
   40   94
   22  139
  123  166
  138  100
   42   80
   96   19
  140   67
  116   38
   67   52
  100   57
   81   49
   74   62
   77   89
   12  126
   88   73
     1.640