2
40
63
75
43
83
33
10
28
35
74
51
70
48
84
64
10
76
42
73
33
69
24
96
99
73
37
17
43
31
62
32
92
67
35
68
14
95
85
6
5
99
0
0
500
14
42
44
47
19
28
15
54
60
51
40
39
50
24
51
21
53
31
38
28
36
32
30
67
19
8
68
40
38
41
49
34
31
56
38
40
27
44
42
34
34
101
500
65
66
36
41
7
8
71
80
43
25
22
65
32
48
23
73
23
60
49
46
39
48
87
22
18
90
34
25
60
69
42
19
78
40
41
47
47
41
24
24
49
79
500
54
25
35
35
23
49
81
26
53
51
41
7
73
6
55
12
55
36
62
58
28
68
8
19
74
15
53
65
71
15
17
69
62
64
31
69
65
16
16
52
23
44
500
67
49
29
34
88
69
75
18
22
84
57
17
50
84
54
60
59
24
16
64
98
49
38
96
65
15
47
60
67
50
78
10
10
61
17
10
55
55
87
15
10
51
500
54
45
38
58
100
8
65
61
49
25
89
24
69
18
73
54
80
75
44
79
26
38
88
6
65
85
90
24
22
86
78
80
48
86
81
18
18
95
20
10
60
53
500
86
74
46
25
98
93
94
53
66
88
72
30
83
21
37
60
66
47
37
70
64
25
88
90
36
24
67
86
4
74
77
42
76
81
87
87
33
87
109
55
53
27
500
28
51
47
63
47
48
50
32
51
32
46
43
26
22
29
29
30
61
31
21
60
51
45
29
36
41
44
45
37
39
25
42
43
47
47
26
50
72
15
18
25
34
500
43
33
75
66
67
45
42
65
46
32
58
7
17
39
43
29
46
45
37
42
64
64
23
23
47
60
25
51
53
23
54
58
62
62
32
48
70
19
14
18
39
34
500
67
73
99
98
17
49
107
58
15
68
44
34
83
85
30
14
58
60
27
66
98
67
62
43
73
40
93
95
32
97
99
72
72
50
60
81
45
33
13
64
45
66
500
81
18
23
93
65
12
58
92
60
68
68
30
22
73
107
57
47
105
72
15
54
67
76
56
86
14
13
70
17
8
61
61
52
44
65
35
20
21
53
29
62
68
500
59
56
43
16
82
15
61
13
64
44
72
67
35
72
17
29
80
7
60
75
80
17
18
77
71
72
39
78
74
15
15
40
65
81
34
50
65
27
60
14
21
48
500
35
76
53
25
48
72
55
46
49
11
4
56
86
47
35
83
66
29
32
45
63
53
64
10
13
51
16
17
57
57
41
57
73
28
43
61
18
52
18
26
39
82
500
62
67
77
71
41
83
19
39
49
56
51
50
70
62
39
89
82
24
11
70
84
16
64
66
46
65
71
87
87
54
61
73
39
54
75
24
59
29
36
44
88
102
500
63
65
66
45
77
17
37
38
45
49
57
64
55
47
84
72
13
2
67
78
24
53
55
43
54
60
81
81
77
6
24
42
34
60
43
15
72
81
22
22
43
84
500
78
65
32
77
13
31
50
56
43
41
63
57
32
82
81
28
17
62
79
9
65
67
37
67
72
81
81
78
39
42
47
55
83
29
47
59
68
31
65
88
55
87
500
22
43
29
52
31
70
68
19
53
23
31
62
26
69
68
70
3
34
62
74
76
25
80
78
32
32
24
59
81
26
25
15
46
44
40
44
48
71
67
66
61
31
500
68
58
41
46
6
6
55
83
49
37
79
69
35
26
39
64
57
59
15
17
50
18
21
61
61
34
58
76
25
41
56
21
52
12
21
41
83
92
26
88
18
24
500
54
21
26
24
27
36
61
41
31
57
62
50
18
26
50
54
39
36
38
31
39
42
57
57
44
78
99
54
46
17
73
62
66
68
71
81
67
94
60
57
49
111
500
87
85
49
41
88
124
67
59
123
79
21
73
86
87
63
105
33
31
85
35
27
67
67
49
52
67
30
44
65
14
50
26
34
35
79
93
26
89
32
38
59
68
500
14
63
64
6
34
34
36
41
46
74
54
52
23
50
40
71
73
10
77
77
50
50
74
46
62
54
38
41
68
36
83
90
52
35
17
105
11
77
71
82
37
41
500
35
32
30
67
20
8
68
40
38
41
49
34
31
56
38
40
27
44
42
34
34
46
57
72
31
46
65
18
53
22
30
39
83
95
22
92
29
35
63
72
65
58
500
15
44
75
39
27
72
59
35
27
38
53
48
54
22
25
39
27
29
52
52
40
49
71
28
17
13
48
34
52
58
42
57
51
77
45
44
38
82
51
50
20
36
500
57
82
55
43
76
75
42
20
33
68
64
55
20
22
52
20
27
68
68
69
64
82
59
45
32
77
51
84
90
66
56
34
109
28
76
70
100
57
61
46
61
74
500
21
49
48
25
62
84
50
45
39
65
27
76
78
20
80
82
65
65
48
55
69
31
46
66
16
52
24
33
38
81
94
24
91
31
37
61
70
63
59
59
68
29
500
49
44
113
57
13
72
84
69
41
98
38
37
72
43
34
45
45
10
66
87
27
37
37
39
55
19
22
51
85
86
47
81
9
2
89
76
72
25
20
83
27
56
500
7
71
40
36
42
51
35
30
58
37
38
30
43
41
33
33
88
52
64
66
51
54
79
45
96
104
62
34
6
117
3
90
85
86
39
45
66
83
57
107
33
76
500
36
52
75
49
46
29
54
34
70
72
9
75
75
54
54
7
72
93
33
43
41
44
61
19
18
57
91
92
46
87
10
6
94
82
78
29
20
89
25
62
54
53
500
82
91
42
32
61
82
6
78
80
37
80
84
83
83
100
32
17
64
64
93
53
47
86
96
40
48
75
86
77
88
90
8
41
35
95
105
23
93
59
42
73
74
500
60
58
61
9
30
56
63
65
18
70
68
30
30
39
51
72
29
19
11
49
35
51
57
44
58
52
76
46
44
37
84
53
52
19
34
66
61
28
53
13
48
31
500
52
48
33
60
32
75
77
16
80
81
60
60
41
69
85
38
54
67
31
64
15
19
52
95
105
14
101
24
32
77
84
77
57
53
83
13
72
41
69
100
33
82
500
43
62
54
61
12
15
50
17
19
58
58
46
53
74
37
24
12
56
38
60
65
49
57
46
85
40
52
45
88
52
53
24
40
67
70
28
59
12
42
40
11
57
500
74
88
18
66
68
49
67
73
90
90
51
80
94
51
67
80
41
76
26
26
63
106
117
3
114
36
43
84
95
88
70
64
93
20
85
51
82
113
46
95
28
31
500
21
90
78
80
51
85
80
16
16
67
64
82
58
44
30
76
50
83
88
65
57
36
107
29
74
68
100
57
61
44
59
74
92
37
78
27
33
62
12
79
76
18
500
60
57
58
23
63
61
24
24
44
50
66
25
40
60
12
47
23
32
33
76
89
29
85
29
33
60
65
59
54
55
64
30
56
22
56
85
22
72
15
20
66
61
500
54
56
49
54
61
85
85
36
78
95
44
59
68
41
72
13
11
61
103
110
18
106
22
29
88
92
86
56
49
93
4
78
51
73
106
38
84
20
20
81
88
61
500
49
49
47
54
82
82
70
7
29
36
28
55
39
9
66
75
18
26
44
79
43
64
62
43
15
10
60
72
22
76
19
32
34
41
41
51
57
59
41
11
47
7
500
67
41
50
94
94
87
58
71
68
52
52
83
49
97
104
66
41
14
119
10
91
85
93
46
52
64
80
64
108
37
81
37
13
73
33
92
90
30
50
53
46
53
500
27
29
54
54
36
77
94
42
57
67
39
70
12
11
59
101
109
18
105
21
29
87
90
84
56
48
91
5
76
50
72
105
37
83
18
19
80
86
60
80
76
93
500
10
57
57
57
23
45
26
13
39
37
8
57
66
21
35
42
75
39
53
50
58
27
25
44
57
38
67
9
35
19
38
32
37
50
50
27
25
31
16
19
27
19
500
84
84
25
54
76
21
20
18
40
40
37
42
42
68
65
63
60
29
22
83
60
58
13
24
70
47
37
47
26
61
21
34
35
31
32
58
11
49
50
50
44
46
500
500
25
54
76
21
20
18
40
40
37
42
42
68
65
63
60
29
22
83
60
58
13
24
70
47
37
47
26
61
21
34
35
31
32
58
11
49
50
50
44
46
500
500
