3
40
31
5
61
82
51
28
17
64
22
31
76
32
28
39
22
90
77
18
39
22
63
1
80
53
81
80
81
42
13
91
59
15
52
1
92
35
13
36
71
45
0
0
0
500
106
55
16
64
89
45
28
51
35
61
83
88
35
61
68
78
78
73
73
10
70
49
58
92
63
59
59
24
93
88
70
46
44
17
106
83
24
48
100
42
42
42
63
500
37
78
27
59
42
59
70
75
29
14
13
63
35
32
58
56
25
12
89
58
69
28
54
24
53
88
80
27
9
15
78
76
78
70
15
75
95
63
86
86
86
18
66
500
66
45
29
42
50
32
73
44
49
51
33
51
54
22
21
51
35
73
19
32
22
30
40
14
49
73
31
48
28
41
40
52
45
50
46
59
39
50
50
50
70
8
75
500
59
91
40
22
54
27
56
79
84
37
55
62
80
80
67
69
8
72
52
56
93
59
60
64
16
91
84
67
51
49
22
107
78
29
54
101
48
48
48
56
64
42
12
500
99
36
21
68
9
50
72
78
49
47
53
89
89
59
66
21
82
66
56
101
54
70
80
4
93
78
66
66
64
39
116
72
45
72
109
65
65
65
57
24
55
39
48
500
55
52
1
75
65
78
81
20
70
75
31
32
75
63
61
23
3
46
48
63
18
18
69
62
79
57
10
10
35
57
78
27
27
53
20
20
20
51
21
53
43
39
58
500
75
27
99
80
86
88
45
86
90
19
21
88
72
87
18
29
59
33
76
28
28
94
59
85
65
33
34
61
36
87
53
45
34
42
42
42
79
32
89
87
59
82
86
500
70
56
11
12
17
58
15
12
67
66
6
13
75
65
69
25
68
9
57
89
64
45
18
19
77
74
69
84
11
68
92
77
83
83
83
68
32
79
79
48
70
87
8
500
44
69
90
95
35
68
76
78
78
80
79
16
70
47
63
93
70
59
54
32
96
94
75
43
41
16
105
89
23
41
100
37
37
37
85
15
87
73
70
91
51
35
48
500
64
84
89
25
65
72
68
68
75
72
23
60
37
56
83
64
49
45
36
87
88
68
33
31
6
95
84
12
34
90
28
28
28
59
20
67
64
40
63
73
17
66
48
500
61
62
39
64
67
9
7
64
47
82
9
31
36
19
53
15
45
84
34
59
40
41
40
58
33
61
52
58
27
50
50
50
75
20
74
55
65
83
35
48
29
38
31
500
108
37
91
97
61
62
99
90
56
54
32
72
78
87
49
21
71
94
106
84
22
23
35
85
104
31
5
81
13
13
13
58
12
61
52
44
64
57
32
49
34
54
12
500
15
69
75
40
41
75
65
52
33
8
48
57
63
25
20
61
69
81
59
5
3
26
67
80
18
21
62
12
12
12
57
42
49
25
55
66
41
66
29
12
46
43
48
500
32
38
87
86
45
54
36
80
68
48
96
41
68
85
20
84
65
55
71
69
47
112
57
51
80
105
72
72
72
75
74
59
30
80
83
47
98
38
37
59
75
75
87
500
80
5
7
77
60
89
10
33
49
19
66
22
40
93
44
72
53
40
41
64
26
75
56
55
22
50
50
50
81
51
71
43
78
89
19
79
8
35
29
53
70
86
31
500
52
50
28
12
87
52
64
25
49
25
48
83
80
22
15
12
73
71
74
64
20
71
90
57
81
81
81
66
92
48
31
79
74
76
112
66
48
87
92
78
84
59
85
500
77
45
51
30
71
58
42
88
38
59
75
18
78
63
50
61
58
37
103
57
41
70
97
61
61
61
33
38
41
45
18
38
76
43
66
33
77
36
8
26
32
86
20
500
29
30
47
56
50
21
69
19
45
70
39
57
44
29
56
54
42
86
39
42
69
79
60
60
60
90
32
98
93
71
93
82
17
79
75
74
31
62
75
64
87
78
46
500
60
34
46
24
42
68
54
34
38
42
73
76
55
24
22
9
81
72
5
33
75
24
24
24
78
67
65
35
80
87
36
93
27
36
47
68
75
88
39
45
65
53
66
500
69
22
11
52
45
69
21
14
77
64
83
61
14
15
42
53
83
35
28
49
23
23
23
67
67
52
23
71
75
47
91
36
29
57
68
67
78
36
56
55
54
68
72
500
55
34
76
79
91
52
21
76
96
110
88
25
26
40
85
108
36
8
82
17
17
17
13
64
30
52
10
13
99
64
88
49
101
63
20
8
53
109
18
64
74
25
75
500
58
45
16
57
40
70
101
15
51
41
67
66
82
28
56
76
84
22
76
76
76
79
65
66
36
81
88
34
92
25
36
45
67
75
88
38
43
66
52
65
79
72
33
500
7
46
19
34
67
66
30
29
7
57
55
57
62
29
54
74
55
64
64
64
81
16
82
65
69
88
41
42
38
47
34
18
58
76
35
47
66
14
8
56
15
47
86
500
66
72
36
18
62
80
91
70
9
9
25
75
90
19
11
71
1
1
1
9
65
27
49
12
11
98
66
86
47
100
63
21
11
52
108
16
64
75
27
76
101
76
40
500
49
17
49
83
29
54
36
44
43
60
34
57
53
61
28
54
54
54
51
20
54
46
37
57
60
35
50
29
58
19
27
45
21
69
35
19
29
26
31
64
74
19
27
500
43
74
56
41
28
12
62
60
55
75
24
54
78
68
68
68
68
19
84
35
63
29
10
116
82
104
64
119
82
39
23
71
126
34
83
93
44
94
119
86
59
84
28
500
90
33
75
52
46
75
73
55
107
45
58
86
100
77
77
77
54
29
65
67
35
57
82
20
74
51
78
27
27
40
45
90
44
39
39
19
36
87
96
41
50
35
61
500
65
41
17
15
74
72
68
80
11
66
90
74
80
80
80
46
51
35
12
47
54
54
71
42
7
61
51
43
55
19
65
32
40
56
48
61
56
38
17
30
55
7
45
500
96
108
86
24
25
36
86
106
33
6
83
15
15
15
28
55
21
18
33
37
71
69
59
18
75
54
31
39
28
81
16
47
62
38
66
73
47
18
42
40
14
50
35
500
87
70
55
53
25
111
81
33
57
105
51
51
51
108
55
102
76
101
116
16
81
26
64
7
57
91
109
55
12
92
46
47
91
53
20
85
67
42
106
74
53
52
17
500
99
36
38
53
89
120
49
20
87
30
30
30
25
56
41
57
7
26
97
52
86
50
97
54
13
7
52
107
24
59
66
15
66
101
86
41
63
3
53
55
52
87
32
500
15
13
33
57
71
26
32
52
24
24
24
76
23
74
54
66
84
32
50
26
37
29
25
56
74
25
40
60
11
19
56
26
37
73
36
13
72
50
19
19
18
81
47
500
69
45
116
65
50
79
109
71
71
71
40
39
36
24
36
48
58
57
47
9
61
39
29
44
13
69
24
31
46
34
50
61
53
3
27
43
19
35
19
52
44
47
60
500
79
44
41
74
87
38
78
78
78
102
55
94
67
96
110
5
82
17
57
8
57
87
104
49
7
86
44
49
87
55
9
74
61
36
102
66
52
47
16
105
39
53
93
500
81
32
47
73
74
63
63
63
105
57
98
71
99
113
9
84
21
60
8
59
90
107
52
5
89
47
50
90
56
11
77
64
39
105
69
54
50
18
109
43
54
95
41
500
89
11
22
84
17
17
17
90
21
94
81
74
96
58
32
56
63
49
22
64
81
51
62
76
29
14
60
9
64
104
57
43
77
76
25
42
41
97
79
3
61
79
88
500
59
57
20
52
52
52
79
30
88
86
59
82
84
5
79
69
77
28
51
63
59
90
67
44
35
44
29
90
114
59
59
59
80
35
52
68
86
97
35
41
97
93
20
500
23
56
22
22
22
54
17
56
47
41
60
56
36
47
29
55
17
31
49
19
65
38
15
25
30
28
61
74
20
24
46
41
13
13
44
60
59
38
35
59
54
20
21
500
101
38
38
38
77
40
70
45
72
86
21
67
10
32
25
41
63
80
25
31
61
26
37
65
44
25
59
37
13
78
42
35
24
18
81
30
48
70
29
51
51
46
43
500
69
69
69
62
43
54
28
60
71
36
68
24
17
42
44
53
68
14
46
47
30
45
56
51
38
46
24
15
67
26
38
20
35
66
26
57
62
27
34
52
49
35
38
500
500
500
62
43
54
28
60
71
36
68
24
17
42
44
53
68
14
46
47
30
45
56
51
38
46
24
15
67
26
38
20
35
66
26
57
62
27
34
52
49
35
38
500
500
500
62
43
54
28
60
71
36
68
24
17
42
44
53
68
14
46
47
30
45
56
51
38
46
24
15
67
26
38
20
35
66
26
57
62
27
34
52
49
35
38
500
500
500
