3
50
90
69
50
51
37
1
72
32
37
94
66
40
68
56
64
8
77
69
12
73
59
70
10
7
76
41
6
76
40
26
60
25
13
91
68
92
88
65
53
67
30
25
75
69
2
44
2
85
96
60
0
0
0
500
88
60
40
51
100
81
72
71
89
51
78
53
54
44
48
63
42
49
61
9
81
27
95
96
43
72
54
70
15
52
97
64
22
82
76
84
85
60
65
25
78
88
34
83
45
54
38
57
71
75
75
75
49
500
41
70
34
20
38
28
30
85
44
29
35
54
50
33
25
76
36
50
80
26
70
19
16
44
30
29
36
94
31
17
78
99
27
37
68
74
29
37
57
11
72
54
9
37
50
69
49
63
55
55
55
51
40
500
25
16
69
64
52
36
92
41
58
36
51
38
26
41
57
14
28
39
60
41
67
66
31
53
32
55
50
30
64
72
57
60
60
80
84
25
51
11
51
85
5
50
13
22
49
24
42
42
42
42
43
11
73
500
67
114
89
82
88
88
60
88
64
59
51
61
75
40
65
78
15
92
30
107
110
54
82
66
79
5
64
111
62
5
92
85
86
86
77
74
42
91
89
51
98
61
72
40
75
89
92
92
92
53
27
50
28
500
60
71
58
17
108
56
63
49
68
56
38
48
78
17
8
63
63
64
62
58
48
60
41
64
73
40
53
91
80
64
68
94
99
15
61
34
49
99
24
40
23
7
70
6
24
20
20
20
20
67
96
83
64
500
62
60
87
51
37
64
45
30
30
50
56
5
65
86
32
68
17
88
93
38
58
52
53
40
51
98
26
38
68
58
51
50
74
49
49
73
54
60
87
59
80
12
82
100
100
100
100
33
71
110
95
77
70
500
37
82
25
27
39
35
16
28
45
40
30
66
90
60
43
41
65
72
36
35
43
29
72
43
80
15
72
43
31
17
18
72
27
62
54
21
71
73
61
85
29
87
106
102
102
102
80
66
20
17
36
51
84
500
80
88
55
83
58
56
47
55
69
40
57
70
8
86
27
101
103
48
77
60
74
6
58
104
62
13
87
80
84
85
69
69
34
84
88
43
90
53
64
38
67
81
84
84
84
49
58
29
19
9
16
58
46
500
18
39
39
44
30
42
56
46
46
76
101
76
42
57
63
71
48
38
52
31
88
53
80
27
88
41
30
1
8
80
32
76
56
6
84
76
72
96
46
97
116
112
112
112
65
15
90
68
64
77
47
27
95
500
38
15
32
46
46
35
20
71
46
64
81
11
68
13
18
42
18
29
25
95
31
27
68
100
12
24
54
61
42
27
62
7
58
62
25
45
62
64
62
78
70
70
70
66
93
42
51
45
32
83
81
30
55
500
69
55
73
62
44
55
83
23
2
64
70
67
68
64
53
66
48
70
74
46
58
96
81
70
75
100
105
21
67
37
56
105
26
45
28
5
75
2
17
16
16
16
63
16
93
71
65
78
44
29
94
65
14
500
31
46
33
20
36
53
12
31
39
54
38
62
62
26
47
26
49
51
24
61
67
58
55
55
75
79
23
45
12
46
79
11
47
8
25
45
27
46
45
45
45
44
87
121
107
89
80
49
86
72
55
76
75
500
32
21
8
24
44
19
43
40
43
32
54
55
12
35
14
35
54
12
57
55
59
43
41
61
65
28
31
20
37
66
24
44
13
37
35
39
58
56
56
56
60
85
37
44
37
24
77
73
27
49
93
85
56
500
47
26
33
71
12
24
63
46
59
46
43
38
44
28
48
75
27
39
80
82
47
53
80
85
2
46
35
33
85
30
25
17
23
63
22
39
33
33
33
21
32
70
51
35
39
16
27
52
21
32
25
51
30
500
40
29
45
61
84
70
26
51
47
54
35
20
36
14
83
37
63
34
85
25
13
18
25
63
16
64
39
23
70
58
56
80
42
81
100
95
95
95
29
77
70
64
47
30
50
68
15
24
76
70
15
38
72
500
46
52
22
35
31
65
36
74
73
32
57
36
58
42
34
72
69
49
65
64
81
84
33
54
4
57
86
7
58
20
28
45
31
48
49
49
49
77
76
2
21
34
42
85
64
60
66
89
82
86
92
65
27
500
17
47
68
22
59
3
77
80
23
49
37
46
35
36
84
36
37
59
52
55
56
57
41
31
60
59
42
72
41
61
10
64
82
82
82
82
35
81
68
64
48
29
57
72
10
29
82
76
19
45
76
74
56
500
65
76
18
96
36
110
112
57
86
69
83
4
67
113
70
9
96
89
93
93
77
78
42
93
96
50
99
61
70
46
73
85
89
89
89
68
19
94
72
67
82
50
31
99
70
21
24
99
71
28
67
62
92
500
59
95
35
85
17
8
58
41
44
48
108
46
4
90
114
35
47
77
84
40
50
71
23
82
67
13
51
59
83
58
70
60
60
60
32
85
92
84
66
51
51
79
36
35
80
76
7
31
83
92
43
87
96
500
24
59
24
71
72
23
50
31
50
37
28
73
57
44
59
56
70
73
38
45
8
54
74
19
59
22
39
33
41
59
59
59
59
50
84
49
51
40
21
69
73
13
40
89
82
42
63
77
62
72
44
67
60
500
35
87
15
6
61
42
47
49
112
49
6
92
117
36
48
77
84
44
51
74
24
82
71
18
55
64
86
62
74
64
64
64
41
84
118
104
86
77
46
83
70
52
73
72
43
28
86
110
32
113
113
55
98
500
42
52
52
23
39
19
42
60
17
51
66
66
46
47
70
75
17
39
21
36
75
19
37
2
27
47
28
48
44
44
44
55
49
29
9
11
30
59
37
52
44
61
54
71
69
39
16
70
26
20
46
12
51
500
72
75
18
46
32
43
37
30
79
40
40
56
49
56
58
51
38
26
56
60
36
66
35
55
15
58
76
76
76
76
63
89
38
46
41
28
80
77
29
52
96
89
58
77
80
57
85
34
62
70
58
88
64
500
106
50
78
63
76
6
61
108
60
8
88
82
84
83
73
71
39
87
87
48
94
57
69
37
72
86
89
89
89
62
14
70
49
47
64
50
15
84
60
30
26
91
70
11
43
64
69
41
43
33
19
31
11
500
49
76
56
76
31
53
92
79
39
85
82
96
98
52
71
22
77
100
24
78
40
40
53
43
55
59
59
59
57
56
22
7
13
28
64
43
50
47
68
61
71
72
46
18
75
19
23
51
18
57
24
59
62
500
40
26
38
43
24
72
40
46
50
44
53
56
46
33
25
49
58
34
60
30
52
18
55
74
72
72
72
18
68
93
81
62
52
31
65
47
28
61
58
25
10
68
87
22
88
90
36
75
63
82
76
41
19
500
71
93
87
69
75
118
95
93
98
123
128
44
91
56
77
128
45
64
51
27
96
25
6
16
16
16
49
98
81
80
64
45
70
89
23
45
97
91
22
55
93
90
67
76
94
66
83
94
91
105
11
30
50
500
30
57
8
55
51
61
38
36
56
60
30
26
25
34
61
30
43
17
42
34
43
63
59
59
59
41
20
60
39
30
43
34
9
62
37
30
23
68
51
13
39
48
57
39
23
25
20
29
26
69
58
77
74
500
95
35
41
57
98
3
12
40
47
53
20
66
20
44
68
39
52
72
59
73
90
83
83
83
63
106
71
76
64
45
84
95
25
56
108
102
42
73
99
86
84
66
91
78
83
103
91
112
25
47
72
51
91
500
33
61
78
64
62
63
85
89
20
54
18
50
90
8
47
13
14
56
17
35
35
35
35
63
73
16
23
25
26
74
60
43
51
83
76
69
78
63
33
83
11
38
62
36
73
41
76
56
64
95
79
53
42
500
48
65
68
43
44
68
73
16
36
24
33
73
23
35
6
29
47
30
49
46
46
46
41
94
90
85
67
50
62
86
31
41
91
86
11
44
90
94
56
84
98
61
86
90
94
101
18
21
35
14
85
86
11
500
76
41
80
77
92
94
47
67
16
72
96
19
72
35
36
51
39
52
56
56
56
62
75
21
27
27
24
75
63
39
50
85
78
66
77
66
38
83
15
43
62
40
76
46
79
52
62
92
76
56
46
75
68
500
16
82
74
73
73
74
64
42
83
76
52
93
58
73
27
76
92
94
94
94
35
56
43
32
15
7
47
44
28
23
62
55
46
50
48
41
55
38
46
36
34
55
42
62
39
39
68
55
40
36
56
42
53
500
59
60
81
85
21
50
14
48
86
7
47
10
19
51
21
40
39
39
39
8
61
79
67
48
39
29
56
36
14
57
53
23
16
60
74
26
74
77
28
62
57
70
69
33
12
32
26
56
61
28
6
68
67
500
86
90
90
74
75
39
90
93
47
96
58
67
43
70
83
87
87
87
29
63
53
45
28
11
46
53
18
17
66
60
33
43
57
54
50
48
59
37
46
61
54
70
26
27
57
43
49
48
43
33
63
43
59
500
81
81
70
67
35
83
84
45
90
54
66
34
69
83
86
86
86
25
48
53
39
20
18
35
37
33
14
52
45
43
39
42
46
43
48
49
24
35
46
43
54
40
34
60
51
34
35
52
34
48
40
48
33
500
95
22
60
23
54
96
12
48
19
9
62
12
29
30
30
30
7
51
71
56
38
32
24
44
36
6
49
44
32
21
48
63
28
66
66
19
51
47
58
59
38
21
43
37
45
49
39
17
56
57
38
48
33
500
46
35
23
51
61
33
61
30
51
19
54
72
71
71
71
56
93
56
60
49
30
76
82
16
47
97
90
43
68
85
70
78
51
75
68
68
91
75
99
25
44
73
53
77
71
51
56
90
53
89
69
72
61
500
31
31
25
69
30
29
13
34
48
35
54
49
49
49
33
68
52
46
29
11
51
57
14
22
71
64
33
46
61
56
54
47
60
41
49
65
57
74
24
28
59
43
53
51
43
36
67
43
64
48
54
35
54
500
57
17
45
60
36
43
65
51
65
83
76
76
76
70
55
25
9
27
44
72
44
66
60
69
63
87
83
45
3
84
25
8
59
16
58
15
56
78
79
106
96
35
23
96
80
42
16
79
22
96
47
23
70
500
75
98
22
75
38
39
52
42
53
57
57
57
60
71
19
23
23
23
72
59
40
48
81
74
66
75
62
34
80
14
39
59
36
72
42
75
53
61
92
76
51
42
76
67
63
15
83
39
85
48
22
77
29
500
74
24
66
29
45
29
48
65
66
66
66
36
37
97
77
63
67
15
41
75
44
23
24
64
32
43
79
20
93
80
25
65
31
69
43
75
55
56
64
48
59
68
42
51
82
2
59
42
37
97
13
99
23
500
44
30
37
26
84
23
28
19
19
19
52
85
48
51
40
22
70
74
15
41
90
83
43
65
77
62
74
43
67
61
59
83
67
91
27
43
73
54
68
63
52
53
82
45
84
60
71
54
51
82
60
74
82
500
50
19
11
61
14
31
31
31
31
62
83
31
39
34
25
77
71
32
50
91
84
60
76
74
49
83
26
54
66
50
83
57
88
45
58
88
71
64
56
70
66
77
31
90
53
84
56
34
85
42
76
94
58
500
55
79
37
80
99
95
95
95
56
9
86
64
58
70
39
21
87
58
11
12
87
60
20
61
51
84
60
37
49
9
49
11
92
76
86
90
29
42
93
67
24
72
32
43
72
39
85
22
84
20
64
48
121
500
39
34
42
59
60
60
60
64
69
13
17
22
29
73
56
47
52
80
73
73
79
59
27
83
8
32
61
31
70
36
72
61
67
97
82
48
37
82
72
59
8
84
35
89
48
15
77
22
66
96
37
66
98
500
29
62
82
77
77
77
16
40
65
48
31
31
22
33
42
13
41
34
43
29
37
54
31
61
56
11
41
37
48
48
47
33
53
49
33
38
51
28
45
51
34
37
42
10
66
31
69
25
45
48
77
49
37
500
32
50
50
50
50
17
64
94
80
61
54
26
61
50
28
56
53
30
5
65
86
16
89
88
32
73
59
80
71
45
23
22
28
64
70
32
11
73
81
36
69
10
42
95
44
100
46
19
80
80
18
45
55
500
50
44
44
44
55
86
45
49
39
23
73
74
19
44
91
84
48
68
77
60
77
40
65
63
58
84
65
91
31
47
77
58
68
62
57
57
82
42
86
60
74
55
48
83
56
75
86
66
32
84
89
31
86
500
76
76
76
47
7
75
53
45
58
32
10
75
46
15
10
77
53
10
51
46
72
50
27
38
5
40
14
80
66
80
81
18
31
83
58
18
60
31
32
66
26
74
20
73
12
61
38
108
70
25
89
10
54
500
500
500
47
7
75
53
45
58
32
10
75
46
15
10
77
53
10
51
46
72
50
27
38
5
40
14
80
66
80
81
18
31
83
58
18
60
31
32
66
26
74
20
73
12
61
38
108
70
25
89
10
54
500
500
500
47
7
75
53
45
58
32
10
75
46
15
10
77
53
10
51
46
72
50
27
38
5
40
14
80
66
80
81
18
31
83
58
18
60
31
32
66
26
74
20
73
12
61
38
108
70
25
89
10
54
500
500
500
