3
30
61
48
55
87
72
4
15
60
92
33
53
70
8
58
88
10
59
18
2
30
51
61
29
72
31
54
41
7
4
11
0
0
0
500
66
30
72
12
47
72
54
58
61
47
70
24
48
84
42
63
42
54
52
66
81
23
43
19
75
49
44
56
24
73
73
73
83
500
58
54
26
37
71
32
64
70
32
76
53
77
67
16
68
38
72
81
81
88
23
72
47
80
60
65
70
46
87
87
87
35
64
500
39
35
18
26
38
19
26
79
29
55
65
48
41
21
9
39
77
40
42
27
72
47
33
20
39
31
34
45
45
45
87
38
65
500
32
37
40
56
19
20
83
31
40
44
69
54
26
26
19
57
27
40
31
54
33
36
8
18
16
19
34
34
34
89
41
63
26
500
55
34
75
19
12
112
15
65
59
74
78
20
47
24
74
9
14
59
74
60
18
22
34
15
48
10
10
10
13
75
75
62
65
500
85
91
63
61
88
72
20
7
112
82
70
67
40
12
55
78
58
11
26
77
52
30
50
33
60
60
60
42
89
45
70
78
45
500
39
49
54
48
61
36
57
69
28
53
28
52
63
62
73
8
55
29
66
42
44
51
25
69
69
69
10
79
76
66
69
31
47
500
33
39
66
43
53
68
47
27
35
5
49
78
52
56
16
72
45
47
32
46
43
34
59
59
59
4
88
88
77
79
42
60
96
500
77
52
79
80
101
45
17
70
43
87
108
91
91
41
100
73
80
70
83
81
67
97
97
97
81
28
71
11
21
43
36
20
1
500
94
39
84
94
21
49
33
31
64
106
59
49
49
101
76
38
45
67
54
63
63
63
63
104
53
67
41
49
69
50
12
30
33
500
62
59
79
49
8
54
24
66
87
71
75
19
79
52
65
50
61
61
45
77
77
77
95
67
42
49
60
65
38
21
40
50
17
500
49
51
65
58
17
28
20
64
21
31
37
62
42
27
1
23
11
29
27
27
27
76
11
97
22
11
41
55
53
32
30
86
89
500
75
78
27
75
47
75
77
86
96
29
68
45
87
66
67
75
47
92
92
92
24
76
62
60
65
28
35
72
64
78
76
55
34
500
99
66
61
53
37
26
53
73
42
19
9
71
44
26
45
19
59
59
59
77
113
28
93
103
76
56
83
90
105
58
30
29
64
500
92
30
60
41
91
26
10
75
91
78
20
39
52
33
66
21
21
21
61
35
65
15
24
24
23
33
19
33
57
56
50
30
10
500
66
39
84
108
87
86
40
100
72
75
67
81
77
65
93
93
93
67
80
21
59
70
51
24
50
56
71
34
12
14
30
39
57
500
51
79
79
89
99
33
70
48
91
69
70
78
50
96
96
96
64
23
95
26
19
31
52
58
37
39
88
87
76
60
36
52
55
500
32
82
16
9
66
82
68
17
30
42
24
56
13
13
13
35
82
50
64
72
37
33
71
67
82
67
44
22
54
40
75
15
79
500
96
59
55
34
90
63
44
41
60
51
52
64
64
64
45
50
59
33
40
13
17
47
37
51
61
51
38
37
9
48
22
65
19
500
38
17
66
98
79
11
38
58
39
65
37
37
37
16
69
79
58
60
22
44
77
65
76
88
71
51
66
39
78
18
95
38
58
500
67
61
117
91
57
64
85
73
79
82
82
82
53
55
48
35
44
25
5
41
36
51
50
40
30
27
12
44
27
55
27
35
61
500
32
30
8
74
47
35
51
19
67
67
67
7
91
88
80
82
45
62
98
87
99
104
82
60
85
60
99
32
112
61
80
119
79
500
43
15
63
36
33
43
12
61
61
61
79
114
27
93
103
78
57
83
91
106
57
30
30
64
71
91
60
75
86
92
82
84
39
500
66
5
25
46
27
53
30
30
30
55
63
40
43
53
32
6
43
42
58
45
31
22
26
20
48
28
53
36
42
59
35
12
32
500
53
28
6
26
18
39
39
39
58
77
29
57
66
43
20
52
55
70
43
22
8
34
34
58
32
56
49
56
63
48
2
46
66
500
14
24
23
18
41
41
41
47
72
41
52
61
33
17
55
53
68
53
33
15
37
28
59
21
63
41
51
70
45
9
40
63
67
500
55
53
41
69
69
69
97
51
60
37
46
62
42
5
26
33
35
54
63
21
43
12
72
23
51
35
24
29
55
41
34
9
90
500
11
43
8
8
8
68
29
69
9
19
30
28
29
12
25
58
61
56
31
17
26
48
54
17
8
58
6
47
7
20
39
68
46
500
29
54
54
54
70
31
66
10
21
32
27
26
11
25
55
59
55
28
17
24
49
51
19
9
55
3
45
10
20
37
68
45
53
500
10
10
10
75
43
54
23
35
40
23
17
17
32
41
47
48
14
22
19
51
38
31
22
42
13
39
22
28
29
70
37
55
15
500
500
500
75
43
54
23
35
40
23
17
17
32
41
47
48
14
22
19
51
38
31
22
42
13
39
22
28
29
70
37
55
15
500
500
500
75
43
54
23
35
40
23
17
17
32
41
47
48
14
22
19
51
38
31
22
42
13
39
22
28
29
70
37
55
15
500
500
500
