4
40
37
23
58
41
71
81
57
7
6
25
12
50
51
72
66
92
90
69
17
57
54
75
24
77
16
30
13
25
28
60
94
24
17
67
61
91
13
88
63
42
0
0
0
0
500
33
91
85
67
26
88
21
44
35
32
23
58
43
23
63
27
48
80
76
38
39
46
30
19
72
26
55
39
29
70
43
48
53
92
77
83
20
38
66
76
76
76
76
82
500
59
70
63
31
78
33
43
46
49
38
41
38
54
37
33
43
62
61
16
37
61
38
40
40
28
55
24
15
38
18
53
54
60
67
52
26
14
46
56
56
56
56
53
43
500
53
27
19
50
61
10
7
17
19
36
79
47
51
66
16
51
46
64
77
17
71
61
74
21
15
30
58
73
42
6
12
92
40
80
26
62
43
51
51
51
51
61
47
22
500
21
47
20
86
33
48
57
55
18
97
85
31
89
27
11
5
73
95
56
94
90
58
47
30
36
73
58
42
37
31
70
12
56
53
72
15
15
15
15
15
81
30
13
53
500
28
59
65
24
13
13
22
50
85
42
65
71
30
64
58
73
82
3
75
62
88
31
24
43
66
86
55
16
22
106
50
93
33
71
57
65
65
65
65
48
43
72
49
26
500
18
95
42
57
67
64
25
104
95
35
97
36
6
6
80
103
65
103
99
60
56
38
44
81
60
49
47
40
70
15
56
62
78
20
14
14
14
14
79
17
28
35
33
40
500
13
73
68
65
56
79
13
49
76
8
75
100
99
31
8
80
4
19
73
54
85
60
25
71
57
80
84
89
103
86
48
32
85
95
95
95
95
54
13
42
36
7
55
64
500
19
18
23
13
33
59
41
42
47
22
54
50
42
56
34
52
44
59
1
31
16
37
57
26
26
30
78
50
67
7
41
40
51
51
51
51
34
62
52
92
62
53
69
26
500
38
47
50
37
106
78
54
94
28
37
31
86
104
38
99
91
82
48
17
46
83
81
57
25
19
96
17
82
54
84
39
42
42
42
42
24
60
56
89
57
58
59
33
60
500
18
21
65
68
14
75
52
48
84
79
64
64
29
54
40
91
33
49
50
54
90
59
40
47
111
74
100
30
62
73
82
82
82
82
48
59
42
91
64
40
82
12
72
34
500
53
11
79
82
9
75
31
21
22
55
79
64
80
79
36
42
41
26
57
35
25
46
42
49
34
35
47
53
7
14
14
14
14
51
35
22
66
42
27
78
20
54
11
42
500
74
15
46
72
3
70
96
94
27
10
75
4
16
70
49
80
55
20
68
52
74
79
87
98
83
43
28
80
90
90
90
90
88
52
19
77
67
10
114
37
82
43
23
58
500
49
21
62
33
43
76
73
43
45
40
37
25
74
22
50
37
34
72
43
42
48
93
72
84
16
42
63
73
73
73
73
49
20
28
51
25
39
70
37
38
6
42
31
59
500
103
42
72
75
69
72
45
67
103
75
84
15
71
88
58
55
16
46
89
88
16
85
22
72
45
58
61
61
61
61
46
28
55
43
12
67
50
62
10
34
65
33
48
71
500
7
73
30
23
24
53
77
63
78
77
35
40
41
24
55
34
23
46
42
49
35
35
45
51
9
16
16
16
16
93
36
65
5
37
78
94
90
44
61
60
25
95
58
26
500
6
73
99
97
32
13
76
2
14
75
51
83
59
25
73
56
76
81
92
101
88
46
33
84
94
94
94
94
55
78
58
109
82
54
90
27
89
52
78
89
71
89
108
97
500
49
44
46
41
66
79
70
74
12
49
62
34
47
11
23
64
62
30
59
19
52
39
32
36
36
36
36
61
27
59
30
11
72
61
73
10
43
65
26
61
69
17
46
51
500
57
57
19
44
69
48
52
28
36
59
26
24
26
15
58
58
47
66
40
36
18
42
50
50
50
50
65
43
15
74
54
13
93
17
68
25
35
53
79
45
80
56
34
40
500
31
85
103
37
99
90
82
48
16
46
82
81
57
24
18
96
18
82
53
84
40
42
42
42
42
8
57
64
82
50
70
39
50
48
40
82
67
22
92
71
84
23
84
80
500
44
68
63
70
70
29
37
44
20
46
28
15
47
45
46
43
33
41
42
17
25
25
25
25
40
73
61
103
74
59
75
31
78
48
81
84
56
92
99
95
32
85
96
99
500
79
77
82
84
24
52
56
35
58
24
29
60
56
35
47
21
56
52
21
23
23
23
23
58
48
24
79
57
22
89
8
68
25
44
58
73
55
83
64
29
49
67
83
71
500
27
67
52
103
43
51
60
67
101
69
43
49
122
77
111
41
75
80
89
89
89
89
23
60
57
89
58
60
57
35
60
37
77
71
39
87
82
85
18
80
83
82
44
87
500
40
29
73
19
46
35
35
71
41
38
44
92
68
82
13
43
60
70
70
70
70
70
5
33
29
21
46
83
57
37
29
35
9
77
39
39
22
47
31
19
39
63
23
60
500
39
58
5
37
18
32
56
25
32
35
77
55
67
4
36
44
54
54
54
54
28
63
57
92
62
58
63
32
65
39
77
74
44
87
87
87
20
80
86
86
50
89
66
28
500
25
55
57
38
62
26
32
62
58
35
47
21
59
55
22
22
22
22
22
12
55
61
80
48
67
42
46
47
37
79
65
25
89
70
81
20
81
78
70
28
83
44
49
48
500
31
3
31
66
70
42
11
5
87
24
73
37
68
32
39
39
39
39
86
55
22
82
70
9
114
33
85
44
29
63
100
38
94
59
55
37
66
93
95
61
102
49
46
36
500
70
48
22
70
48
63
68
90
89
84
33
32
74
85
85
85
85
57
8
33
38
15
46
71
49
31
19
42
19
64
49
41
35
35
40
31
40
52
36
51
66
62
42
48
500
36
52
79
47
24
30
99
58
88
20
58
57
66
66
66
66
86
28
23
46
45
33
104
54
61
38
11
30
96
15
62
20
57
7
29
62
84
23
84
74
70
9
36
19
500
39
82
54
53
59
103
84
95
29
49
75
86
86
86
86
59
15
47
30
3
60
65
62
18
32
53
18
62
58
27
38
43
50
30
26
47
38
41
78
74
52
63
33
25
500
44
38
74
76
62
89
60
45
9
66
75
75
75
75
49
39
26
70
45
29
77
16
56
14
46
50
63
56
72
59
18
49
60
72
59
61
68
33
29
50
30
27
36
53
500
10
48
47
45
48
33
38
36
23
31
31
31
31
57
45
23
77
54
23
87
9
66
23
44
56
71
54
81
62
27
48
65
81
69
64
78
29
25
49
22
30
40
63
72
500
8
15
99
43
86
30
68
49
57
57
57
57
75
46
13
74
59
4
102
25
73
32
28
54
88
39
84
53
44
35
60
84
83
56
90
44
40
35
4
27
38
69
84
79
500
75
51
84
49
48
11
60
68
68
68
68
34
41
64
57
27
74
36
64
19
40
77
47
33
84
42
67
36
75
60
42
17
68
19
73
71
77
76
53
49
22
13
56
30
500
83
48
72
11
47
42
52
52
52
52
74
21
54
14
18
67
77
75
27
45
55
13
77
57
19
31
59
49
20
19
60
30
51
92
88
52
71
40
29
22
52
15
14
60
500
22
47
57
70
12
4
4
4
4
31
51
45
81
51
49
64
25
57
27
65
62
47
76
77
75
10
68
74
77
48
77
62
30
27
70
48
45
51
56
54
83
58
14
59
500
88
38
35
79
90
90
90
90
76
48
15
76
61
4
104
25
75
34
29
56
90
40
86
55
45
36
61
86
85
57
92
43
39
36
3
29
40
71
86
81
68
33
28
36
500
17
24
41
52
52
52
52
49
20
29
51
25
39
69
37
37
7
43
32
58
52
52
45
22
44
43
52
49
46
53
53
49
46
41
19
21
34
48
54
32
22
35
17
56
500
50
73
83
83
83
83
48
71
54
102
74
51
83
23
80
45
74
82
64
85
100
91
33
79
93
100
70
93
85
8
10
80
49
59
68
80
77
104
81
29
70
64
66
100
500
13
13
13
13
13
77
41
7
68
55
6
102
31
70
31
21
49
89
32
79
47
45
28
53
79
83
49
88
50
46
28
10
21
32
66
83
73
62
34
20
29
88
82
14
500
29
29
29
29
72
10
28
34
27
41
87
53
43
28
29
14
80
34
45
21
47
25
21
45
67
22
65
72
68
28
44
14
4
37
63
38
30
43
22
8
76
49
22
20
500
500
500
500
72
10
28
34
27
41
87
53
43
28
29
14
80
34
45
21
47
25
21
45
67
22
65
72
68
28
44
14
4
37
63
38
30
43
22
8
76
49
22
20
500
500
500
500
72
10
28
34
27
41
87
53
43
28
29
14
80
34
45
21
47
25
21
45
67
22
65
72
68
28
44
14
4
37
63
38
30
43
22
8
76
49
22
20
500
500
500
500
72
10
28
34
27
41
87
53
43
28
29
14
80
34
45
21
47
25
21
45
67
22
65
72
68
28
44
14
4
37
63
38
30
43
22
8
76
49
22
20
500
500
500
500
306 99 465 113 205 560 272 448 423 295 463 0 498 64 343 0 99 439 159 561 536 365 279 247 366 32 231 71 0 130 151 261 530 187 465 0 199 373 553 401
