5
20
49
72
29
69
22
45
87
88
83
67
87
7
14
10
14
84
55
89
30
77
0
0
0
0
0
500
62
50
92
74
50
16
32
80
55
54
69
37
12
68
71
67
79
97
75
73
73
73
73
73
26
500
26
37
54
56
49
71
45
9
8
81
22
46
88
15
35
78
45
17
71
71
71
71
71
57
57
500
73
73
58
15
55
72
37
34
83
20
20
86
51
59
87
80
53
80
80
80
80
80
16
22
32
500
34
52
75
79
18
29
31
72
46
69
82
21
18
62
17
26
57
57
57
57
57
39
45
46
31
500
16
47
16
56
51
51
33
41
35
34
66
46
42
81
71
37
37
37
37
37
50
44
76
100
89
500
47
80
64
27
26
97
30
49
103
30
54
95
60
29
89
89
89
89
89
38
34
73
78
61
35
500
36
47
59
60
13
56
57
22
70
42
18
75
76
13
13
13
13
13
44
51
44
23
9
49
83
500
37
10
12
79
28
53
87
6
29
74
35
11
68
68
68
68
68
44
50
45
26
10
48
81
52
500
29
28
101
40
63
108
22
51
96
47
17
90
90
90
90
90
33
33
34
63
60
33
66
26
17
500
42
85
27
18
87
58
65
90
87
60
84
84
84
84
84
47
40
82
97
83
42
9
44
48
37
500
50
37
21
49
68
56
60
89
73
54
54
54
54
54
34
28
58
82
72
30
41
26
23
7
9
500
31
55
87
5
27
72
32
11
66
66
66
66
66
43
41
77
78
60
42
35
48
57
57
69
58
500
26
92
49
61
92
79
51
85
85
85
85
85
49
49
77
71
53
49
51
56
65
68
82
75
42
500
98
34
54
93
65
34
86
86
86
86
86
2
9
36
49
37
7
49
11
19
29
44
59
25
48
500
72
51
41
86
77
36
36
36
36
36
28
24
49
74
65
25
46
20
15
4
14
42
55
21
60
500
37
83
36
4
77
77
77
77
77
28
29
58
59
41
28
43
35
44
49
63
63
28
72
69
64
500
75
1
31
71
71
71
71
71
36
30
72
83
67
32
14
36
43
38
47
35
53
61
40
61
35
500
36
23
55
55
55
55
55
46
43
55
84
79
43
63
37
29
23
15
52
71
1
71
18
43
17
500
72
19
19
19
19
19
20
23
48
50
33
22
48
28
37
44
59
65
19
66
73
56
22
66
30
500
56
56
56
56
56
44
44
73
69
51
44
47
51
60
63
77
70
40
87
72
80
46
90
55
47
500
500
500
500
500
44
44
73
69
51
44
47
51
60
63
77
70
40
87
72
80
46
90
55
47
500
500
500
500
500
44
44
73
69
51
44
47
51
60
63
77
70
40
87
72
80
46
90
55
47
500
500
500
500
500
44
44
73
69
51
44
47
51
60
63
77
70
40
87
72
80
46
90
55
47
500
500
500
500
500
44
44
73
69
51
44
47
51
60
63
77
70
40
87
72
80
46
90
55
47
500
500
500
500
500
0 86 167 139 283 0 256 0 183 89 77 0 222 93 0 115 231 173 304 233
