2
30
4
12
54
15
47
36
72
67
59
87
80
40
44
46
67
59
41
22
60
18
28
27
70
21
42
56
19
96
36
97
0
0
500
39
51
49
37
49
12
37
37
33
25
33
6
37
19
56
43
45
33
14
23
52
46
37
25
31
37
41
24
61
56
56
11
500
40
69
33
35
29
53
48
43
45
25
25
55
25
76
60
36
53
17
42
49
60
55
21
20
19
27
44
72
76
76
7
79
500
68
15
36
54
32
20
17
57
70
50
43
62
63
39
24
63
55
42
12
33
44
25
66
44
73
59
33
81
81
65
31
68
500
48
70
68
28
25
30
62
94
66
37
81
47
27
58
65
76
46
42
20
38
54
91
76
100
66
1
73
73
67
19
75
45
500
65
9
51
54
51
23
28
13
46
9
61
55
63
28
15
33
71
59
45
44
31
50
40
20
77
50
50
60
49
56
64
38
500
74
32
33
39
65
101
72
40
87
45
29
68
67
83
51
52
24
41
63
99
85
108
69
11
73
73
56
30
61
45
47
41
500
48
52
49
18
33
13
42
14
56
51
64
23
19
29
71
56
41
45
35
53
45
15
74
45
45
85
49
81
77
13
35
101
500
72
67
56
7
38
74
26
92
81
59
63
25
60
74
83
74
47
6
36
5
54
96
85
85
52
24
69
19
71
66
62
38
500
38
59
46
42
60
47
82
61
14
67
39
51
31
59
61
15
40
12
45
60
64
90
90
33
45
55
20
85
69
41
20
48
500
70
97
71
46
85
58
37
54
74
80
54
37
30
48
54
93
74
102
73
12
84
84
69
102
43
105
79
37
85
71
88
56
500
47
27
35
39
58
37
28
46
32
27
31
36
37
9
44
31
52
40
47
67
67
55
36
57
50
45
35
71
43
77
34
42
500
16
53
2
70
61
58
39
8
39
69
64
53
40
20
42
29
30
80
61
61
80
68
69
88
29
15
98
73
104
7
49
30
500
14
52
36
12
47
38
48
18
41
12
16
34
64
56
74
37
28
53
53
40
35
54
29
67
54
53
26
60
57
47
47
32
500
66
63
38
28
65
59
43
13
32
44
29
70
48
77
61
29
82
82
75
93
54
103
62
24
93
74
97
40
37
27
105
102
500
44
31
71
68
85
53
56
26
42
66
102
89
111
71
15
72
72
71
5
85
33
63
71
82
57
89
64
75
69
30
33
58
500
49
75
12
33
29
78
55
38
55
50
67
59
9
74
31
31
47
69
33
73
60
21
65
44
70
38
13
6
76
72
11
78
500
48
47
8
42
60
64
56
32
12
30
22
38
78
71
71
28
63
55
30
102
82
27
22
33
90
61
70
35
30
57
53
43
500
65
68
44
29
23
40
43
82
64
90
64
13
77
77
66
12
82
26
68
72
76
52
83
67
73
69
23
26
57
10
21
53
500
61
41
20
26
41
33
73
54
81
60
23
78
78
66
79
48
89
54
12
84
63
88
31
29
14
92
88
28
91
62
63
79
500
76
40
80
85
40
58
27
59
85
81
115
115
46
84
23
82
75
33
62
47
66
52
9
20
86
82
25
91
61
47
84
23
500
79
41
24
64
74
82
84
26
59
14
14
71
8
81
40
53
61
83
57
90
54
69
61
38
40
52
24
21
58
7
84
16
500
16
13
55
81
77
90
41
32
41
41
67
62
57
77
37
8
85
60
90
15
37
18
79
77
25
75
48
60
61
34
39
43
500
54
15
54
28
60
61
50
87
87
21
88
44
59
118
88
3
31
5
101
58
74
64
58
63
81
65
30
89
87
88
48
30
500
13
51
35
59
44
40
70
70
3
78
27
55
101
69
16
17
21
83
39
55
61
55
44
74
53
16
78
69
74
30
20
24
500
43
12
47
66
68
96
96
95
56
90
86
4
41
111
84
118
22
71
53
86
86
56
74
58
85
55
66
34
75
106
100
14
500
73
81
28
43
31
31
56
31
61
47
46
40
72
44
79
37
47
38
48
46
29
42
17
45
30
62
15
46
72
58
36
50
500
82
24
59
15
15
41
81
19
78
75
35
58
42
61
53
5
20
82
77
22
87
57
42
81
27
65
13
38
60
59
37
64
500
23
71
10
10
64
97
40
100
75
33
81
66
84
53
28
28
103
99
39
106
76
66
96
9
77
37
58
84
60
61
87
11
500
47
68
68
38
37
56
22
75
62
48
24
55
65
51
53
26
22
39
34
15
25
38
76
40
44
59
31
65
33
19
67
78
500
49
49
41
66
30
67
63
26
59
37
64
42
11
12
70
66
7
73
44
37
66
32
49
15
46
56
47
36
56
23
63
49
500
500
41
66
30
67
63
26
59
37
64
42
11
12
70
66
7
73
44
37
66
32
49
15
46
56
47
36
56
23
63
49
500
500
142 836 542 596 644 356 706 336 236 487 0 470 149 186 0 767 400 300 700 516 891 631 254 199 91 425 853 838 787 74
