4
40
46
17
75
67
63
33
5
41
19
59
46
4
31
35
56
56
9
18
80
97
70
46
46
6
71
97
29
26
11
8
35
79
38
86
81
52
76
6
4
86
0
0
0
0
500
37
60
57
87
3
26
72
24
67
32
89
35
27
66
34
56
76
28
23
94
76
8
31
32
64
84
86
34
42
63
55
59
60
11
83
41
48
44
73
23
23
23
23
68
500
58
40
43
72
45
36
48
35
40
35
66
55
8
68
28
60
59
51
48
14
63
83
70
67
20
47
60
86
18
16
31
62
77
21
46
50
75
21
58
58
58
58
35
16
500
44
30
98
84
36
91
40
88
41
118
72
78
118
94
22
107
77
27
58
92
85
73
39
58
25
66
79
87
76
98
40
96
55
103
50
65
51
75
75
75
75
16
37
26
500
25
64
47
12
54
9
51
32
81
38
47
81
60
18
70
42
31
34
57
58
44
25
38
23
35
56
54
42
64
21
64
36
67
18
42
25
42
42
42
42
9
13
27
82
500
58
51
34
58
31
58
54
84
33
66
84
74
20
74
41
49
56
53
43
31
6
61
41
25
38
71
58
78
2
55
58
75
15
24
47
36
36
36
36
14
35
28
82
86
500
53
70
56
66
62
90
75
33
87
74
85
61
67
41
88
86
41
10
18
42
93
80
27
2
88
75
89
42
31
91
77
41
17
79
32
32
32
32
73
57
86
129
77
29
500
47
51
43
53
67
75
24
70
75
74
37
65
33
64
65
42
27
15
20
71
56
14
22
73
60
77
18
41
69
70
19
8
57
25
25
25
25
69
70
46
12
68
95
67
500
69
37
69
56
95
44
74
96
84
17
85
52
49
62
64
51
40
5
66
41
35
44
80
67
88
10
65
63
86
26
30
53
47
47
47
47
43
22
46
84
42
18
62
20
500
42
73
61
99
47
80
99
89
22
89
56
53
68
67
51
41
10
71
45
38
43
86
72
93
15
67
69
91
31
31
59
50
50
50
50
69
63
47
22
47
81
45
54
34
500
20
84
13
46
47
14
28
88
9
37
94
65
33
65
60
83
72
88
57
74
39
38
29
77
47
73
8
62
71
66
45
45
45
45
15
30
12
68
74
67
88
61
25
18
500
55
57
11
47
58
50
41
47
15
58
47
29
36
22
33
54
50
13
38
50
37
54
28
37
53
48
13
28
41
14
14
14
14
74
73
51
6
65
96
62
71
38
79
46
500
77
51
26
78
45
42
68
50
30
8
64
77
63
52
13
28
53
78
35
27
47
47
76
12
58
39
65
1
55
55
55
55
38
18
47
92
54
20
74
32
53
53
67
12
500
44
35
79
51
30
68
45
27
20
60
68
54
40
24
21
44
68
44
33
54
35
70
22
61
28
54
11
48
48
48
48
74
57
86
128
74
27
94
56
92
88
94
47
5
500
47
26
36
71
15
18
83
60
15
46
40
64
67
76
37
54
43
36
38
59
30
67
23
44
51
58
25
25
25
25
67
67
44
13
65
92
64
68
31
72
48
81
116
41
500
97
68
24
86
60
11
30
76
79
65
41
30
4
55
76
59
50
71
38
84
27
79
38
62
23
62
62
62
62
29
18
20
61
46
45
61
32
22
44
48
31
67
30
59
500
48
88
13
33
101
77
20
50
49
79
85
94
49
60
57
52
49
74
29
85
29
60
61
76
37
37
37
37
87
72
71
58
21
70
6
41
61
100
12
80
95
29
26
51
500
52
78
49
82
86
53
24
25
33
91
73
31
13
93
80
96
35
45
89
86
40
15
78
40
40
40
40
37
16
43
87
50
21
69
28
49
53
62
14
40
47
58
40
18
500
46
34
52
23
46
66
54
56
31
47
45
70
20
7
28
51
60
31
36
37
60
23
42
42
42
42
78
59
67
72
4
50
20
23
61
93
25
65
74
29
11
29
34
44
500
54
34
51
68
61
48
16
53
26
41
56
73
61
82
16
72
51
84
27
41
42
51
51
51
51
40
34
20
45
46
59
56
39
12
51
40
47
82
22
60
62
43
23
20
500
78
59
9
36
29
54
66
70
26
44
48
38
46
50
24
66
33
35
40
55
15
15
15
15
65
46
74
115
62
14
82
43
80
80
81
38
13
70
63
35
32
86
54
47
500
29
79
83
69
45
28
5
59
81
59
51
71
42
88
25
81
42
66
23
65
65
65
65
54
41
39
51
26
52
37
25
31
67
23
51
77
6
40
46
33
21
14
47
77
500
26
9
7
42
81
73
16
16
73
61
73
39
19
80
61
33
18
68
16
16
16
16
36
21
50
100
65
26
85
44
59
50
78
9
34
62
73
51
33
74
43
19
37
14
500
75
63
67
32
54
55
80
9
6
20
62
67
33
33
48
70
29
50
50
50
50
59
47
41
44
28
59
35
32
32
71
19
58
85
3
42
52
41
14
21
53
84
52
69
500
69
95
86
102
68
82
51
52
40
90
52
86
21
75
81
80
56
56
56
56
21
22
8
60
58
56
72
45
16
33
57
35
75
39
72
66
44
41
27
25
77
40
31
75
500
30
34
15
43
64
56
44
66
27
72
32
71
26
50
22
50
50
50
50
102
83
91
86
27
68
22
46
84
117
38
88
90
50
16
42
56
63
59
89
87
74
114
81
123
500
61
46
15
32
65
52
71
11
45
59
67
9
18
47
26
26
26
26
91
75
76
62
22
71
2
43
66
105
17
84
96
33
24
51
55
41
48
82
95
72
102
89
110
74
500
41
17
41
54
40
60
18
46
49
57
3
28
37
24
24
24
24
42
22
50
93
51
15
72
30
55
58
66
17
34
51
58
37
18
65
33
24
35
2
53
33
65
28
73
500
51
77
24
15
35
52
70
19
47
40
65
13
50
50
50
50
67
52
52
52
17
57
24
27
43
80
12
62
82
10
31
45
39
24
25
59
82
53
78
77
86
63
37
9
500
37
57
43
62
17
44
52
58
3
24
41
22
22
22
22
57
42
71
117
71
22
91
50
78
71
88
30
13
75
75
48
38
89
57
40
16
26
66
19
77
26
97
70
59
500
71
60
81
28
82
43
86
35
54
36
60
60
60
60
46
46
23
35
57
73
63
53
10
52
46
59
96
31
71
75
58
22
34
50
97
60
53
95
56
85
17
35
59
77
500
41
60
20
43
52
56
5
25
40
21
21
21
21
37
37
14
43
56
67
65
49
1
45
49
51
89
32
70
72
52
28
30
42
90
53
45
88
49
79
25
35
57
74
25
500
81
25
79
44
85
32
50
37
57
57
57
57
29
39
11
54
72
74
82
62
16
31
66
51
93
49
86
84
63
45
43
41
95
58
32
94
34
87
39
51
71
87
39
29
500
48
63
26
42
35
59
17
43
43
43
43
47
30
59
105
62
16
83
41
66
62
78
20
23
64
68
43
29
78
45
29
25
14
57
25
69
26
85
59
51
49
49
59
21
500
68
31
35
47
70
27
50
50
50
50
69
58
52
42
27
67
27
38
41
82
10
69
92
12
39
55
48
15
31
64
92
61
80
87
87
74
29
16
36
54
29
78
67
32
500
71
5
65
76
65
50
50
50
50
76
55
77
104
40
22
59
29
78
92
62
52
39
57
38
10
25
75
47
58
37
37
88
30
99
16
86
51
29
14
52
88
17
78
66
500
78
20
35
41
44
44
44
44
46
31
33
56
31
45
45
22
29
60
32
42
70
15
44
44
28
28
5
38
70
36
57
67
66
55
37
12
29
47
3
56
47
27
50
26
500
63
89
25
76
76
76
76
65
51
50
52
18
56
26
27
41
79
13
61
82
8
32
44
38
23
23
57
81
52
77
76
84
63
36
8
25
44
23
75
56
35
70
45
26
500
44
60
19
19
19
19
18
39
30
84
90
75
105
75
43
2
90
44
85
72
103
93
70
72
59
36
88
58
7
89
6
88
69
72
86
98
57
6
80
54
33
35
94
75
500
70
23
23
23
23
50
32
42
65
24
37
42
12
39
66
34
41
62
20
37
34
19
36
8
39
62
31
63
58
72
46
47
14
20
36
13
61
38
38
51
32
46
32
39
500
30
30
30
30
73
53
67
81
15
37
34
16
63
89
37
57
61
36
16
16
24
53
33
58
59
42
86
53
96
38
66
30
5
14
37
85
34
60
70
56
53
31
35
70
500
500
500
500
73
53
67
81
15
37
34
16
63
89
37
57
61
36
16
16
24
53
33
58
59
42
86
53
96
38
66
30
5
14
37
85
34
60
70
56
53
31
35
70
500
500
500
500
73
53
67
81
15
37
34
16
63
89
37
57
61
36
16
16
24
53
33
58
59
42
86
53
96
38
66
30
5
14
37
85
34
60
70
56
53
31
35
70
500
500
500
500
73
53
67
81
15
37
34
16
63
89
37
57
61
36
16
16
24
53
33
58
59
42
86
53
96
38
66
30
5
14
37
85
34
60
70
56
53
31
35
70
500
500
500
500
72 490 407 243 310 256 572 0 438 52 542 197 401 426 0 151 0 316 217 458 315 281 464 377 329 57 523 239 579 305 525 352 0 159 147 72 113 604 33 445
