5
40
43
41
55
1
92
35
97
49
89
18
47
67
74
6
11
94
4
21
94
92
44
50
66
3
51
80
44
7
44
29
31
34
82
34
31
48
13
40
56
39
0
0
0
0
0
500
84
91
99
50
91
73
85
86
103
45
50
34
85
126
72
42
38
80
55
60
89
96
76
56
42
69
29
14
40
43
99
26
41
48
90
75
33
105
71
35
35
35
35
35
61
500
17
22
32
61
22
68
40
27
35
33
49
19
50
5
45
46
49
33
21
28
48
52
34
59
48
64
67
53
36
26
67
59
36
14
36
47
39
52
50
50
50
50
50
16
74
500
61
19
66
38
69
58
66
12
17
15
48
89
35
18
16
53
23
23
56
65
51
28
31
48
30
29
29
9
62
31
31
17
52
44
15
69
47
21
21
21
21
21
45
61
33
500
21
70
31
57
32
35
33
32
45
31
58
8
43
44
57
34
22
24
59
59
22
58
36
61
58
41
32
38
63
58
35
25
44
37
52
58
39
39
39
39
39
15
77
17
61
500
32
39
111
93
81
33
31
32
51
100
58
25
29
24
27
40
85
43
18
69
19
89
32
62
72
36
65
35
19
29
64
29
57
62
14
64
64
64
64
64
51
35
58
21
30
500
71
18
15
59
65
67
73
70
74
47
75
74
97
71
60
31
99
99
30
89
12
87
68
41
63
72
88
89
69
59
84
51
88
97
47
47
47
47
47
64
22
67
7
25
22
500
20
13
56
66
68
75
69
72
47
76
75
97
72
60
29
98
99
31
90
14
89
70
43
64
71
89
90
70
58
84
53
86
97
49
49
49
49
49
79
12
80
9
28
27
25
500
96
81
38
35
38
50
99
60
31
35
19
30
42
87
38
13
73
26
94
39
69
78
41
64
42
27
33
64
27
63
59
9
70
70
70
70
70
92
51
80
45
69
68
66
53
500
108
47
52
34
87
130
77
42
38
78
56
62
96
95
73
63
38
78
25
23
50
45
102
21
37
49
93
75
40
106
68
43
43
43
43
43
70
93
45
78
101
98
95
45
103
500
48
44
62
13
37
22
56
59
48
42
33
34
41
53
50
68
62
76
82
69
49
10
79
69
47
4
36
63
25
54
66
66
66
66
66
78
41
68
31
56
55
52
39
65
26
500
63
80
28
23
40
74
77
59
60
51
44
47
65
68
86
77
94
102
87
68
13
97
86
65
21
50
82
23
68
85
85
85
85
85
87
59
72
50
75
74
71
47
84
42
61
500
35
35
68
15
33
33
53
27
16
35
59
55
18
48
37
50
47
34
22
45
52
48
26
33
41
27
56
52
30
30
30
30
30
85
9
85
14
28
29
27
54
42
34
81
18
500
9
57
20
37
40
32
23
16
45
32
36
46
49
63
57
68
61
33
24
60
49
28
20
19
51
30
36
56
56
56
56
56
58
38
54
21
45
41
39
22
49
4
49
14
53
500
70
24
24
27
29
9
8
51
37
31
42
36
61
44
57
53
20
38
47
36
15
32
18
41
42
29
47
47
47
47
47
83
14
90
22
8
11
10
61
24
43
89
34
79
84
500
23
61
63
55
47
37
29
48
60
50
74
60
81
85
69
53
14
84
74
52
6
43
65
30
61
67
67
67
67
67
80
33
92
36
12
13
16
68
12
53
94
48
78
82
92
500
40
43
21
26
25
57
20
26
58
48
75
59
75
71
39
27
62
49
33
29
10
60
25
28
65
65
65
65
65
57
36
68
27
22
17
17
45
15
33
70
36
54
58
67
63
500
69
81
61
48
6
80
84
33
84
30
86
76
52
58
49
88
84
61
36
68
56
65
84
55
55
55
55
55
86
13
93
24
11
15
14
64
27
46
92
35
83
87
93
93
49
500
11
40
48
88
22
11
82
45
102
58
86
91
53
55
62
46
45
60
24
77
46
15
83
83
83
83
83
19
88
7
72
85
80
79
33
79
52
20
68
17
13
4
19
69
77
500
38
43
76
6
19
77
53
95
65
88
88
53
41
69
53
45
47
18
76
30
23
82
82
82
82
82
82
49
70
40
65
63
60
42
74
33
60
28
77
79
72
87
13
9
39
500
16
57
30
24
50
35
69
45
62
61
26
38
49
36
19
35
10
48
39
22
54
54
54
54
54
63
31
73
24
16
11
11
49
12
35
75
35
60
64
73
69
50
72
30
34
500
41
58
76
70
95
76
102
107
90
75
23
105
95
73
27
60
86
34
78
89
89
89
89
89
15
71
32
56
63
58
57
31
54
42
41
57
13
17
31
22
63
78
36
48
95
500
70
72
24
71
30
73
65
44
45
43
75
71
48
29
56
45
58
71
45
45
45
45
45
61
27
62
10
31
28
25
32
36
13
60
12
57
61
63
68
26
47
13
10
51
32
500
109
38
96
17
93
70
43
71
85
93
96
78
72
95
56
100
107
50
50
50
50
50
88
11
94
24
13
17
17
65
30
46
93
35
85
89
94
95
48
69
45
41
55
5
95
500
33
48
45
39
10
16
35
85
38
48
43
74
70
14
95
72
12
12
12
12
12
89
18
87
21
38
39
37
55
52
36
81
19
85
88
88
96
25
41
40
29
27
24
74
82
500
56
26
52
31
7
33
71
52
56
41
59
65
14
83
72
10
10
10
10
10
39
92
13
75
94
89
87
34
90
53
6
69
36
33
16
39
65
68
54
60
97
98
38
19
15
500
90
76
94
89
57
26
79
64
51
36
24
78
14
38
84
84
84
84
84
62
41
76
36
22
18
20
55
7
45
80
46
60
65
75
69
61
83
39
44
82
40
96
91
73
56
500
17
19
34
21
77
17
25
26
68
53
20
83
51
26
26
26
26
26
81
16
80
13
34
34
31
48
46
29
75
12
77
80
81
88
22
41
32
22
33
23
71
77
66
70
64
500
36
34
4
56
34
31
12
47
38
20
63
43
26
26
26
26
26
77
9
80
8
19
19
16
50
32
31
78
19
73
77
80
84
33
55
30
25
47
14
80
83
69
66
74
89
500
38
14
70
18
19
18
62
45
23
75
43
30
30
30
30
30
7
79
27
64
72
67
66
35
62
48
38
64
5
9
25
14
69
83
43
55
102
83
70
55
38
8
73
22
23
500
8
48
38
31
8
40
29
29
54
36
35
35
35
35
35
49
94
23
77
97
93
91
37
95
55
11
69
46
43
26
49
64
63
56
61
93
99
29
9
17
43
38
64
29
55
500
49
83
80
58
37
66
51
65
81
49
49
49
49
49
11
79
35
64
70
65
64
40
59
51
46
66
12
16
33
17
73
88
46
57
105
82
77
63
45
15
80
19
31
79
83
500
20
30
31
72
59
19
88
57
24
24
24
24
24
41
58
32
42
61
57
55
1
60
20
28
36
36
38
33
45
36
47
20
27
69
64
41
35
19
28
41
57
35
38
42
33
500
65
48
25
25
72
9
42
77
77
77
77
77
66
25
74
19
14
9
7
48
16
32
75
30
62
67
74
72
45
67
28
30
65
26
85
83
67
56
80
75
74
62
61
65
75
500
20
56
47
12
73
50
19
19
19
19
19
57
70
39
54
78
74
72
23
80
34
27
45
53
53
41
60
36
35
38
38
65
76
19
22
20
46
19
75
44
28
33
48
27
50
500
28
65
68
53
82
68
68
68
68
68
78
69
60
57
82
80
77
41
88
42
48
45
73
74
62
82
32
18
48
43
51
76
22
38
42
67
12
95
65
14
19
70
47
68
76
500
53
54
49
70
55
55
55
55
55
6
80
24
64
74
68
68
33
65
48
35
64
2
7
22
13
68
81
43
55
101
84
67
52
35
6
71
23
20
73
76
7
36
17
18
56
500
26
98
87
19
19
19
19
19
11
95
33
80
86
81
81
50
75
64
47
80
16
14
30
8
85
98
60
71
118
98
81
64
49
23
86
8
28
89
93
19
47
31
29
71
78
500
71
64
18
18
18
18
18
52
89
27
73
94
90
87
33
93
51
14
64
48
46
30
52
57
55
53
56
86
95
23
4
16
44
31
68
33
48
54
42
13
53
60
18
18
95
500
56
20
20
20
20
20
57
61
42
46
70
66
64
19
73
26
32
36
53
54
44
61
28
31
31
30
58
68
26
30
24
46
24
75
47
23
28
49
32
47
55
15
37
70
75
500
13
13
13
13
13
33
80
12
63
81
76
74
21
77
41
8
57
29
28
14
34
55
61
41
48
88
85
39
24
7
24
44
49
17
53
58
23
9
34
41
29
38
83
82
21
500
500
500
500
500
33
80
12
63
81
76
74
21
77
41
8
57
29
28
14
34
55
61
41
48
88
85
39
24
7
24
44
49
17
53
58
23
9
34
41
29
38
83
82
21
500
500
500
500
500
33
80
12
63
81
76
74
21
77
41
8
57
29
28
14
34
55
61
41
48
88
85
39
24
7
24
44
49
17
53
58
23
9
34
41
29
38
83
82
21
500
500
500
500
500
33
80
12
63
81
76
74
21
77
41
8
57
29
28
14
34
55
61
41
48
88
85
39
24
7
24
44
49
17
53
58
23
9
34
41
29
38
83
82
21
500
500
500
500
500
33
80
12
63
81
76
74
21
77
41
8
57
29
28
14
34
55
61
41
48
88
85
39
24
7
24
44
49
17
53
58
23
9
34
41
29
38
83
82
21
500
500
500
500
500
377 219 0 203 356 334 89 0 380 55 0 118 132 99 0 211 67 326 70 224 269 58 129 350 0 262 259 426 431 199 79 336 322 441 183 25 313 372 421 459
