3
30
36
88
4
80
70
46
14
84
68
57
35
14
87
19
1
85
7
45
20
41
84
81
21
9
4
30
45
92
28
38
0
0
0
500
59
45
67
32
58
77
48
51
99
58
23
51
45
5
87
42
66
48
87
105
33
19
77
34
69
53
78
91
102
65
65
65
68
500
65
22
57
43
33
62
67
40
31
67
41
61
88
53
47
70
60
16
22
59
78
28
54
34
68
64
31
21
35
35
35
21
86
500
43
18
14
63
9
64
83
25
38
40
54
49
42
18
77
7
62
67
38
29
60
21
56
66
82
48
62
54
54
54
73
13
6
500
65
82
41
90
20
52
68
52
44
29
67
111
64
5
88
60
95
46
79
46
61
39
18
13
99
94
39
39
39
47
47
36
55
500
45
54
43
33
76
41
1
29
25
22
77
25
48
42
65
87
10
25
54
18
47
35
58
76
83
43
43
43
34
65
73
49
42
500
45
73
82
46
45
82
56
76
103
55
61
83
71
27
10
74
92
41
68
48
82
77
31
13
50
50
50
54
22
30
17
22
10
500
77
73
33
45
79
51
69
100
64
60
73
74
16
23
69
92
31
67
39
74
65
42
25
41
41
41
25
80
85
66
50
63
54
500
99
46
74
108
79
95
129
85
89
95
102
43
37
98
121
56
96
65
99
85
61
41
68
68
68
88
16
32
25
54
28
53
30
500
29
49
50
28
29
71
90
50
24
74
33
69
41
74
19
51
14
28
18
74
68
15
15
15
55
61
74
41
52
42
16
93
72
500
22
62
39
60
82
41
38
73
48
27
25
54
69
34
46
38
69
70
22
22
39
39
39
51
45
58
26
39
26
16
77
56
62
500
65
61
79
75
19
42
100
23
71
61
64
53
74
48
73
90
103
36
56
71
71
71
47
66
76
47
50
46
26
98
72
83
28
500
63
84
106
43
62
94
67
39
5
79
91
52
70
58
91
89
20
3
60
60
60
58
31
18
44
23
37
69
48
3
54
49
61
500
33
71
115
68
9
92
62
98
50
83
48
65
42
22
13
102
97
42
42
42
72
25
43
7
45
14
29
54
49
35
48
18
54
500
55
37
16
74
15
53
57
38
37
52
23
49
64
77
39
52
47
47
47
65
13
12
28
29
22
56
38
16
37
49
43
41
37
500
44
17
63
31
37
47
35
48
36
25
34
55
64
36
43
33
33
33
79
37
19
56
45
51
85
37
20
52
70
68
42
46
85
500
33
66
37
80
96
28
10
71
25
64
53
77
81
92
60
60
60
34
71
61
73
35
67
86
91
46
95
46
96
96
24
52
102
500
62
50
19
33
47
66
23
42
27
58
59
33
30
27
27
27
65
48
63
26
51
30
4
78
65
59
41
37
79
61
48
20
98
500
55
55
83
12
44
42
28
33
17
39
78
80
30
30
30
45
44
54
27
32
25
23
76
51
63
20
48
78
42
31
40
79
16
500
22
48
34
59
16
33
14
43
46
47
46
13
13
13
28
59
65
45
33
42
38
91
57
81
8
67
93
38
11
53
75
32
9
500
19
79
100
41
75
49
84
75
42
23
52
52
52
59
15
19
22
24
16
49
44
20
40
41
41
48
33
57
65
60
44
45
47
500
4
35
46
20
38
26
49
74
79
35
35
35
82
39
57
21
59
28
25
63
64
41
57
16
63
70
67
30
103
27
62
59
87
500
32
41
7
36
44
60
53
61
33
33
33
59
21
14
33
22
26
59
44
10
45
45
50
48
29
60
75
51
53
48
51
66
39
500
23
69
31
62
48
62
47
34
34
34
43
59
47
65
28
58
82
76
32
82
47
86
81
18
58
99
20
75
47
53
50
76
75
500
67
46
80
75
32
15
48
48
48
81
32
14
52
46
47
81
30
21
45
70
61
35
49
85
96
53
76
73
76
89
48
82
26
500
24
32
12
82
75
25
25
25
71
50
32
65
43
59
91
54
23
68
68
81
60
40
81
107
29
85
69
74
78
68
89
51
105
500
52
70
58
69
45
45
45
31
73
79
57
47
55
43
105
71
93
21
77
107
50
9
55
85
38
20
15
31
78
30
98
52
30
500
65
34
41
33
33
33
9
66
64
60
28
54
63
93
51
90
21
83
97
23
24
79
53
56
18
24
17
79
53
87
76
59
85
500
76
82
39
39
39
95
26
22
47
58
45
78
8
38
25
79
47
13
65
94
89
76
74
82
84
102
34
82
3
88
95
8
94
500
96
46
46
46
76
46
64
26
58
31
13
74
68
53
51
29
74
69
59
19
104
17
55
51
80
38
25
68
18
34
63
26
34
500
65
65
65
47
57
44
64
29
57
83
73
29
80
50
85
78
20
61
100
18
76
50
56
54
74
77
68
97
88
68
111
55
23
500
500
500
47
57
44
64
29
57
83
73
29
80
50
85
78
20
61
100
18
76
50
56
54
74
77
68
97
88
68
111
55
23
500
500
500
47
57
44
64
29
57
83
73
29
80
50
85
78
20
61
100
18
76
50
56
54
74
77
68
97
88
68
111
55
23
500
500
500
207 61 258 94 274 367 446 425 0 517 390 362 195 57 252 231 0 181 533 476 439 533 336 25 618 562 323 97 377 0
