3
30
58
12
46
60
63
76
11
58
93
30
77
46
28
2
34
12
51
30
74
75
84
42
97
19
22
58
59
51
97
22
0
0
0
500
19
35
4
25
30
51
41
64
37
41
78
18
30
26
65
9
62
81
36
23
25
49
20
39
68
35
88
48
39
40
40
40
18
500
22
11
37
30
41
36
53
24
28
65
6
16
21
53
22
54
67
30
18
13
39
17
27
68
21
75
35
39
28
28
28
45
54
500
18
42
43
35
24
48
35
27
73
11
20
9
50
25
44
77
44
6
26
52
31
26
54
26
74
45
25
25
25
25
78
44
32
500
78
58
35
51
40
23
26
25
40
29
47
31
65
52
31
46
47
34
34
48
28
84
23
42
16
65
31
31
31
39
64
48
19
500
28
48
53
59
8
34
45
27
23
41
54
41
65
46
16
39
11
15
20
34
87
21
71
15
61
37
37
37
110
23
72
87
27
500
18
35
25
27
12
40
33
21
35
19
59
36
47
52
35
33
44
48
14
67
18
38
27
50
16
16
16
75
62
84
25
91
59
500
31
3
53
28
61
49
41
42
11
75
16
69
76
44
56
71
70
29
51
41
31
54
47
27
27
27
96
3
67
65
40
27
77
500
30
43
33
32
54
43
55
20
81
45
41
67
57
53
56
68
35
80
38
20
38
69
37
37
37
57
65
70
7
86
53
54
59
500
27
21
31
39
28
43
23
65
44
38
52
44
37
41
51
23
76
23
35
23
60
26
26
26
80
27
65
41
57
28
65
56
58
500
34
32
55
43
56
20
81
46
40
68
57
53
56
68
36
81
39
20
38
70
38
38
38
29
87
25
61
74
57
13
25
69
51
500
92
31
43
35
77
7
70
94
45
32
38
60
31
51
70
48
101
61
42
51
51
51
101
4
73
68
44
33
82
66
47
105
79
500
48
37
54
30
74
54
28
55
54
43
41
57
34
87
31
35
24
71
37
37
37
65
68
79
15
92
59
63
68
92
54
89
54
500
23
24
59
15
59
73
31
21
18
42
16
34
69
28
82
41
40
35
35
35
52
77
8
72
55
49
30
18
50
72
7
70
51
500
14
34
48
22
77
61
17
40
63
50
19
39
30
58
50
20
16
16
16
86
41
40
78
10
26
62
40
7
100
41
42
79
93
500
48
63
68
24
35
54
32
19
42
39
96
29
57
9
74
43
43
43
61
98
30
92
71
70
45
40
65
84
23
92
64
96
7
500
24
53
95
57
21
42
68
42
43
50
45
90
63
22
41
41
41
60
51
18
60
36
23
36
14
32
75
25
44
54
72
44
22
500
74
28
28
55
30
10
38
44
101
32
67
12
77
48
48
48
88
39
43
79
8
27
65
42
6
102
44
41
81
94
65
26
27
500
61
65
36
45
60
59
18
55
29
34
42
44
17
17
17
64
36
50
34
53
20
48
39
52
68
59
22
53
52
75
56
47
40
500
97
81
82
84
97
61
91
67
12
67
89
61
61
61
54
46
32
40
48
18
34
22
45
63
42
34
44
54
58
42
50
23
43
500
26
51
74
60
29
29
40
61
60
18
25
25
25
82
44
79
35
77
47
73
68
78
77
88
33
70
52
104
85
61
68
52
59
500
26
35
41
17
74
13
45
17
54
21
21
21
111
31
69
92
21
41
88
67
27
122
70
42
103
109
92
51
13
71
100
41
104
500
21
12
34
84
22
76
23
57
37
37
37
86
13
59
56
40
19
67
52
42
91
66
5
75
74
86
55
25
54
67
31
72
75
500
48
52
109
41
67
21
86
56
56
56
79
24
46
58
29
7
57
39
30
87
51
19
69
75
72
40
25
42
65
16
70
71
18
500
26
33
38
53
57
25
22
22
22
58
68
73
8
89
56
57
62
89
48
84
53
47
22
93
87
82
60
25
66
30
40
62
65
500
45
23
55
44
25
9
9
9
102
13
67
77
30
31
81
62
34
110
71
25
93
95
92
55
5
66
87
36
92
94
41
22
50
500
36
36
51
42
22
22
22
40
70
57
12
83
51
37
47
81
35
68
56
28
19
75
75
81
44
9
57
15
22
52
61
53
56
500
79
21
77
52
52
52
87
19
68
50
53
28
71
59
55
89
75
8
76
69
94
67
36
60
64
41
69
74
42
30
51
83
56
500
55
46
27
27
27
70
38
32
59
28
11
47
27
26
82
38
32
62
74
58
29
35
30
62
3
66
65
5
13
15
52
27
65
500
67
48
48
48
74
27
56
41
50
19
57
46
51
77
64
13
62
59
81
58
40
47
52
32
57
61
32
25
40
70
43
35
28
500
50
50
50
103
12
68
76
31
31
81
63
35
110
72
24
93
95
93
56
6
66
87
37
91
94
41
23
51
88
62
58
60
90
500
500
500
103
12
68
76
31
31
81
63
35
110
72
24
93
95
93
56
6
66
87
37
91
94
41
23
51
88
62
58
60
90
500
500
500
103
12
68
76
31
31
81
63
35
110
72
24
93
95
93
56
6
66
87
37
91
94
41
23
51
88
62
58
60
90
500
500
500
24 0 57 284 278 0 214 121 238 385 130 461 100 107 369 334 0 203 512 516 536 146 349 206 635 594 438 614 410 237
