2
40
38
17
90
77
31
52
27
59
50
75
51
92
64
25
21
51
89
2
51
80
57
17
91
10
10
92
47
17
86
59
46
26
69
46
20
83
4
25
87
98
0
0
500
33
67
55
81
87
43
72
97
23
28
36
18
13
57
55
60
90
75
12
47
43
15
50
66
15
67
59
58
52
77
28
66
67
57
59
33
60
18
6
73
73
47
500
69
47
48
74
97
53
97
70
34
92
50
59
58
73
46
86
46
53
16
88
59
102
88
76
38
104
3
99
71
41
34
57
58
55
80
54
48
68
87
87
49
92
500
39
40
10
86
28
17
71
83
88
72
75
32
37
37
5
38
92
86
70
99
86
39
93
44
73
79
75
11
96
48
25
32
31
70
31
72
90
27
27
21
35
24
500
34
5
92
26
23
76
84
94
74
79
35
43
36
12
34
94
85
76
102
92
46
97
41
81
77
82
14
97
45
25
35
32
76
32
75
94
35
35
33
26
24
42
500
80
11
74
79
19
61
12
40
32
53
39
65
76
81
51
78
7
53
14
41
30
77
21
85
14
69
66
78
65
53
58
9
59
42
35
52
52
68
57
65
17
102
500
57
38
33
46
70
60
53
53
22
11
37
29
49
73
79
41
79
56
11
68
50
45
77
46
25
81
53
30
23
27
42
28
54
67
7
7
11
58
40
57
43
55
500
50
32
52
81
61
63
62
35
21
50
33
61
82
91
42
88
55
8
73
62
40
90
43
34
92
66
42
35
40
46
41
64
74
8
8
32
72
49
93
14
88
75
500
64
47
36
70
33
41
22
38
12
53
24
50
37
60
57
76
53
62
17
73
33
70
37
49
16
24
22
19
53
18
33
55
51
51
41
36
38
29
74
18
40
48
500
43
22
66
25
34
34
46
27
66
37
37
25
60
45
75
61
54
28
76
25
71
51
35
26
37
33
32
52
31
24
46
61
61
44
86
71
57
71
62
28
22
49
500
55
89
54
62
31
49
16
47
4
70
50
77
78
94
61
83
5
89
40
86
33
67
8
21
30
25
72
23
54
77
55
55
62
100
87
59
90
67
30
22
57
90
500
28
25
20
36
27
47
64
63
41
62
18
46
33
36
30
58
34
67
29
54
53
59
49
36
41
10
42
27
30
43
43
35
32
31
35
67
25
42
49
18
27
28
500
45
37
57
42
69
78
86
55
83
9
57
9
43
33
81
18
90
11
72
70
82
69
57
62
14
63
47
38
54
54
29
43
37
33
64
28
30
37
14
39
16
54
500
61
31
49
16
49
7
68
48
77
76
94
63
82
4
89
37
86
35
65
6
23
31
26
71
24
52
75
57
57
43
15
25
49
67
37
60
67
34
23
43
80
58
500
63
75
54
95
59
38
5
83
43
95
90
64
50
99
17
94
79
24
46
65
63
61
73
60
39
55
90
90
12
51
35
50
48
46
36
39
32
56
8
38
46
32
500
56
85
91
101
66
97
23
67
6
54
41
97
21
105
17
86
82
98
84
72
77
29
78
61
49
65
65
26
42
20
80
24
71
72
76
60
67
44
62
80
47
28
500
72
105
86
12
47
58
4
63
82
25
77
74
61
67
91
23
75
81
71
73
49
73
30
19
89
89
48
13
28
51
71
39
63
71
37
21
47
85
61
19
61
37
500
10
38
85
82
61
92
77
31
84
42
65
76
66
9
90
47
22
25
25
61
26
65
82
20
20
44
88
72
62
69
66
33
27
53
85
34
17
48
64
44
45
55
500
81
66
89
13
70
20
28
48
78
8
94
9
62
80
80
62
51
56
22
58
54
52
40
40
61
100
87
60
89
68
31
23
58
91
47
36
44
73
64
58
59
30
500
52
62
30
58
47
25
48
45
41
63
39
36
60
47
31
19
24
26
25
33
46
29
29
39
11
13
61
56
50
67
73
44
37
45
78
69
25
50
34
46
62
78
500
83
70
97
86
39
91
41
74
76
75
9
93
45
22
30
28
69
29
70
88
28
28
22
41
18
76
26
68
68
72
56
64
40
59
76
44
25
34
59
56
63
7
500
1
57
18
33
36
72
17
84
12
62
68
74
60
47
52
10
54
43
40
44
44
50
73
67
26
85
34
4
11
25
58
31
51
12
44
60
37
26
20
42
64
63
500
35
38
45
23
58
42
61
36
60
44
58
52
40
44
16
45
18
21
52
52
30
64
41
91
6
86
77
78
72
86
49
52
88
64
21
48
75
62
59
30
28
74
500
92
62
79
2
87
35
85
36
62
3
23
30
25
69
23
50
72
56
56
50
37
44
26
82
14
44
52
17
16
40
78
38
14
64
33
16
49
73
50
76
10
32
500
32
94
58
66
92
68
24
104
63
38
40
41
68
42
78
92
21
21
44
82
59
104
17
100
86
86
86
103
61
51
99
80
31
62
89
70
61
47
28
89
83
80
500
2
80
51
75
43
84
44
79
76
64
68
29
69
32
10
75
75
31
38
17
81
29
72
76
80
61
65
48
68
83
47
34
40
64
65
72
13
48
60
67
47
24
500
70
30
76
23
66
56
71
61
48
53
5
54
32
26
53
53
13
56
34
75
23
70
60
62
56
73
32
41
71
50
6
32
59
45
47
21
21
58
55
50
16
41
500
59
47
53
64
28
51
53
43
46
32
46
4
19
63
63
66
56
64
16
100
10
45
52
25
26
52
87
32
33
80
48
22
55
80
69
90
21
36
33
64
48
68
500
69
27
59
53
63
54
41
46
7
47
27
26
48
48
22
36
13
72
31
64
66
70
52
59
38
61
73
39
28
31
55
55
64
3
43
52
57
39
14
26
29
62
500
72
26
61
15
12
16
11
57
10
43
65
44
44
22
28
10
59
44
50
57
62
40
46
31
61
62
25
33
21
42
48
62
11
49
39
46
25
14
12
26
61
61
500
69
61
76
65
52
57
7
58
38
30
54
54
47
18
30
46
72
34
59
66
32
18
44
82
56
14
60
34
33
58
79
39
74
27
46
14
40
16
30
77
81
38
500
73
27
50
58
53
95
51
70
93
84
84
36
70
47
97
5
92
81
83
78
92
55
53
93
70
25
54
81
66
62
36
29
80
77
70
37
59
60
61
51
78
63
500
101
86
73
79
33
80
66
54
65
65
24
62
48
46
57
46
25
27
32
61
8
32
38
39
31
19
34
11
28
42
36
37
23
39
30
42
64
26
32
82
34
21
500
57
45
50
18
52
49
48
37
37
57
61
63
4
93
12
27
35
16
38
40
71
15
33
70
39
13
39
64
65
78
18
20
33
58
48
71
62
72
81
36
22
30
500
22
26
44
28
55
68
7
7
40
51
48
21
75
19
23
31
5
38
23
58
23
22
53
22
7
27
52
49
61
12
11
22
40
34
59
50
59
72
22
9
14
69
500
37
61
36
32
54
68
68
53
84
75
39
87
47
11
3
38
71
35
44
23
55
60
44
39
19
34
70
60
45
23
56
59
65
89
33
46
104
54
25
29
95
60
500
32
53
11
12
68
68
47
84
71
48
78
54
18
12
43
76
31
32
34
57
51
41
45
13
22
65
49
50
28
58
54
64
87
21
34
104
54
29
29
91
63
66
500
25
57
72
10
10
36
22
24
44
64
33
51
58
27
26
34
71
51
8
50
23
28
49
69
31
64
23
39
7
31
8
31
67
71
43
8
36
33
44
11
41
30
500
54
55
33
33
4
54
34
63
35
59
48
50
45
65
20
36
59
41
11
21
48
34
39
23
24
48
43
42
13
36
51
37
35
70
34
39
30
50
49
72
11
42
500
42
54
54
66
74
75
11
102
23
27
33
27
50
47
74
11
46
78
49
25
42
65
76
84
30
25
46
68
60
84
64
75
94
48
28
37
96
46
28
63
31
56
500
82
82
32
38
17
81
30
72
76
81
62
65
48
69
83
47
35
41
64
65
73
13
49
61
67
47
24
32
27
72
67
45
42
64
56
16
51
82
30
58
35
47
500
500
32
38
17
81
30
72
76
81
62
65
48
69
83
47
35
41
64
65
73
13
49
61
67
47
24
32
27
72
67
45
42
64
56
16
51
82
30
58
35
47
500
500
212 1200 260 1235 736 107 536 1155 927 578 488 547 522 874 169 567 161 1063 344 260 735 512 899 1260 1145 1429 734 817 972 1077 263 441 411 93 402 1061 1263 1477 783 851
