4
20
21
31
89
31
8
62
49
73
73
1
9
57
51
93
35
57
98
53
97
8
0
0
0
0
500
56
34
51
24
18
19
17
34
64
61
54
50
44
39
95
45
28
52
40
57
57
57
57
91
500
62
68
75
59
69
61
47
12
16
22
27
46
50
56
42
67
26
52
60
60
60
60
47
7
500
32
26
19
19
22
4
38
36
29
26
14
34
66
14
38
24
37
34
34
34
34
29
17
52
500
63
81
65
83
60
75
76
72
73
49
95
36
52
100
65
98
29
29
29
29
58
73
64
37
500
52
68
53
49
21
19
24
25
53
35
77
49
53
31
36
72
72
72
72
79
80
88
29
53
500
40
31
21
18
15
8
4
26
26
64
22
40
9
29
46
46
46
46
66
62
78
13
47
42
500
40
38
74
72
65
62
41
63
85
44
56
59
65
42
42
42
42
35
17
58
64
87
30
35
500
6
32
31
24
22
7
39
56
5
46
17
42
28
28
28
28
70
64
82
13
44
44
88
21
500
76
74
66
63
43
63
88
46
55
61
65
45
45
45
45
102
71
122
44
8
63
80
46
11
500
25
19
20
12
43
48
8
53
12
46
29
29
29
29
101
72
120
41
3
62
83
41
16
71
500
23
24
52
34
77
48
52
30
36
71
71
71
71
71
40
91
26
32
30
55
48
32
39
59
500
56
45
83
7
45
95
48
86
38
38
38
38
72
88
74
48
80
68
115
46
95
88
82
91
500
54
8
98
51
16
43
5
74
74
74
74
68
26
91
73
81
45
3
100
71
25
48
22
73
500
54
47
37
69
24
56
53
53
53
53
17
63
8
73
110
55
87
96
115
64
38
73
52
23
500
63
39
56
21
41
60
60
60
60
73
73
83
23
51
53
98
20
67
73
76
73
29
55
37
500
31
70
22
58
43
43
43
43
56
15
79
66
81
35
14
94
73
15
35
17
64
76
54
111
500
73
32
58
64
64
64
64
57
54
71
12
50
34
80
33
61
54
57
55
12
45
18
43
38
500
72
107
40
40
40
40
53
54
66
17
55
33
80
37
66
54
54
55
7
40
15
43
40
37
500
59
33
33
33
33
52
61
62
26
64
41
88
40
75
61
58
64
12
34
22
36
50
43
23
500
66
66
66
66
54
16
77
39
55
15
36
66
52
15
38
12
41
64
32
87
17
22
32
71
500
500
500
500
54
16
77
39
55
15
36
66
52
15
38
12
41
64
32
87
17
22
32
71
500
500
500
500
54
16
77
39
55
15
36
66
52
15
38
12
41
64
32
87
17
22
32
71
500
500
500
500
54
16
77
39
55
15
36
66
52
15
38
12
41
64
32
87
17
22
32
71
500
500
500
500
128 364 166 367 159 75 347 133 170 327 115 75 77 145 75 69 75 75 226 132
