3
50
64
10
98
44
35
44
72
56
12
19
47
84
48
18
75
83
25
97
30
84
92
90
2
43
49
17
11
63
63
53
14
83
47
68
73
80
7
84
36
66
10
50
52
4
71
30
35
94
20
14
0
0
0
500
64
43
93
29
40
26
51
23
55
76
59
43
24
34
49
81
47
13
38
47
44
66
79
48
41
23
51
35
31
20
42
7
53
8
43
38
11
43
52
39
58
32
68
28
16
43
76
29
40
36
36
36
76
500
12
63
28
54
6
53
15
28
56
35
26
8
62
59
77
22
39
19
19
38
59
75
41
43
50
50
50
59
33
47
24
28
25
19
8
22
15
28
20
57
14
38
35
39
56
45
32
15
37
37
37
17
92
500
56
79
57
57
36
47
67
9
23
27
50
84
50
38
31
66
33
62
90
22
35
92
95
74
32
56
80
81
43
65
71
61
33
53
68
40
71
32
32
65
43
46
83
54
56
83
37
38
38
38
33
54
44
500
41
81
31
76
42
7
62
39
43
36
90
84
95
33
66
39
11
41
77
92
41
51
78
72
77
87
53
73
50
13
52
33
21
47
26
14
40
78
27
25
62
61
83
23
46
31
62
62
62
49
79
19
91
500
80
37
71
43
21
50
28
38
39
94
81
86
26
70
36
22
54
68
83
55
63
81
66
77
90
62
70
56
27
56
29
25
54
22
27
36
71
36
11
61
69
81
13
57
28
59
59
59
11
77
43
41
42
500
45
28
32
74
67
60
41
38
25
21
57
51
17
40
66
73
47
56
76
70
17
30
6
22
49
18
33
74
27
47
54
39
52
74
41
36
55
76
15
43
14
87
57
47
21
21
21
76
77
40
110
49
43
500
81
43
44
94
72
62
39
62
81
109
60
45
56
40
16
92
107
19
9
53
79
67
60
13
72
30
39
35
56
40
24
52
39
57
87
27
71
58
22
75
73
6
53
65
65
65
8
87
44
52
48
67
55
500
39
81
67
63
45
45
28
15
52
56
25
45
73
81
44
51
84
79
23
28
4
25
57
16
41
82
36
52
61
47
58
81
45
32
63
80
20
52
7
92
66
52
23
23
23
47
35
41
43
24
32
42
47
500
66
66
55
37
30
28
29
62
46
10
35
58
63
49
60
67
61
16
33
14
24
40
22
23
66
18
41
46
29
45
65
35
40
46
70
12
36
23
80
49
41
20
20
20
66
63
81
17
66
76
84
79
34
500
73
52
41
18
54
64
89
40
32
35
28
27
72
87
30
28
43
59
51
51
15
53
14
33
19
36
22
9
33
32
36
67
12
55
39
22
59
60
15
33
45
45
45
62
33
61
37
43
48
61
49
3
56
500
21
38
47
100
81
79
27
76
38
36
69
62
76
69
77
87
64
79
96
74
70
65
42
64
31
36
64
28
42
37
68
49
4
63
80
81
14
70
32
60
60
60
42
75
67
13
58
74
74
90
47
49
72
500
34
24
78
73
86
25
54
29
6
38
68
84
39
46
66
61
65
74
43
61
38
16
40
24
8
36
16
16
29
68
17
28
50
51
71
31
38
21
51
51
51
24
64
14
60
19
36
24
71
54
7
20
61
500
61
77
37
14
49
66
46
79
103
6
11
106
106
70
23
48
74
89
35
71
89
66
49
68
75
57
89
45
17
78
65
45
88
43
79
93
52
36
36
36
87
8
67
78
50
38
60
8
38
74
80
15
110
500
74
53
57
6
52
13
37
65
38
54
67
71
62
36
51
70
60
42
45
47
43
9
28
47
15
47
12
41
41
27
36
63
53
40
60
13
32
32
32
63
41
67
31
50
56
68
56
12
60
78
33
92
58
500
91
116
62
56
60
36
5
99
114
7
7
65
86
77
72
25
81
40
33
45
59
40
34
53
32
61
94
27
69
66
34
85
68
15
55
72
72
72
59
64
75
10
61
73
79
79
34
62
83
57
87
52
45
500
92
59
20
51
54
43
78
90
47
37
25
62
44
32
16
52
18
58
20
55
47
18
54
58
52
69
38
79
40
7
52
85
27
52
48
48
48
65
80
87
14
75
88
92
96
50
71
93
73
91
57
46
82
500
20
64
29
20
52
63
79
53
61
75
60
70
84
57
63
50
27
51
23
20
48
16
27
29
66
32
13
54
64
74
19
53
22
53
53
53
19
100
53
63
59
78
64
110
81
35
47
95
20
22
27
94
37
500
57
18
32
62
46
61
64
69
68
45
59
76
60
50
48
41
47
12
25
48
13
41
17
49
39
18
43
65
61
31
59
14
40
40
40
73
16
63
54
44
41
59
31
14
63
75
8
99
69
72
20
83
29
500
28
7
34
68
84
36
42
62
60
63
71
39
59
34
17
36
24
5
31
17
17
29
67
13
32
47
46
68
36
34
21
49
49
49
81
22
55
83
41
24
45
15
46
66
67
27
101
80
89
14
78
27
74
500
75
94
15
22
97
95
51
8
29
54
75
16
57
85
52
46
63
62
54
85
40
3
70
70
29
73
23
83
81
49
22
22
22
57
50
23
81
21
13
11
50
57
40
33
51
71
59
73
40
46
26
76
77
500
81
20
33
84
82
44
4
24
49
64
11
46
73
40
35
51
50
42
73
28
12
58
60
19
62
23
73
69
37
10
10
10
27
90
62
37
59
78
71
103
65
41
62
84
47
21
7
86
56
69
45
24
62
500
65
76
57
50
13
48
28
21
28
38
17
63
14
48
46
22
50
62
44
55
42
75
26
21
37
84
38
47
35
35
35
59
41
63
29
46
53
64
57
11
55
73
34
87
53
52
43
78
39
19
74
50
78
500
78
48
42
22
50
34
31
20
41
7
53
7
43
38
12
43
53
39
57
32
68
27
16
43
76
29
40
36
36
36
78
50
43
97
40
24
31
44
67
61
51
54
90
80
92
41
64
37
91
98
37
6
52
500
78
75
34
13
15
39
56
6
38
70
32
36
48
43
42
70
29
20
53
63
10
53
17
75
62
37
5
5
5
38
44
26
51
9
25
27
53
35
25
37
40
61
37
47
37
44
17
47
58
14
47
44
59
500
45
80
79
82
89
50
79
52
7
55
41
25
47
33
7
47
85
27
35
67
60
88
31
42
39
68
68
68
21
87
57
39
55
74
66
100
63
36
57
82
43
16
4
83
51
66
45
21
58
93
63
41
47
500
80
86
85
88
45
84
51
10
55
50
31
46
42
10
55
93
26
48
71
55
92
44
36
47
74
74
74
68
53
32
92
32
20
21
49
65
51
41
55
80
71
84
43
54
34
86
88
29
7
42
100
43
75
500
79
94
111
86
85
78
48
79
46
49
77
43
49
53
82
60
18
79
93
97
12
80
47
75
75
75
43
86
23
89
41
51
30
89
83
32
11
85
38
49
64
77
13
58
89
55
38
51
5
95
48
37
41
500
88
103
76
80
69
38
70
39
39
67
34
39
46
79
50
12
72
83
91
3
70
39
69
69
69
11
71
27
52
29
48
37
80
55
7
29
67
35
13
28
64
28
44
53
32
30
64
35
58
25
27
47
10
500
72
25
83
42
38
47
64
45
36
58
38
65
97
32
74
69
34
87
74
16
60
76
76
76
28
64
10
64
17
34
20
70
56
11
16
61
43
31
46
55
23
35
62
48
16
47
23
71
21
36
30
25
38
500
63
7
44
74
39
37
52
50
45
74
30
13
58
63
17
61
19
76
69
39
9
9
9
79
5
60
72
43
32
53
14
32
66
72
11
103
77
84
5
83
26
62
99
45
50
77
79
44
95
45
66
36
78
500
39
70
83
66
44
63
74
51
83
41
24
75
57
47
88
49
70
91
47
38
38
38
79
17
54
78
39
24
46
14
41
64
67
22
100
77
86
9
78
24
70
99
40
38
71
86
43
92
36
67
40
75
91
500
41
59
36
20
38
44
28
59
14
24
47
45
21
59
35
58
62
22
14
14
14
28
109
58
71
67
85
70
119
90
42
51
104
17
32
36
103
40
82
77
12
67
97
54
74
63
16
81
42
74
34
15
68
500
57
20
54
46
18
54
57
51
70
37
78
40
6
53
84
26
51
48
48
48
52
48
60
22
45
55
63
63
19
50
69
41
80
46
44
48
73
41
13
66
49
79
76
30
34
71
64
38
21
62
63
80
44
500
47
22
15
44
15
22
29
67
27
18
53
60
73
23
48
21
52
52
52
31
80
60
25
55
72
69
93
53
41
63
73
56
24
11
77
60
62
32
35
58
93
70
27
44
47
75
26
45
48
36
79
73
3
500
32
51
68
37
68
32
39
63
37
50
84
60
50
82
36
42
42
42
88
16
64
84
49
34
55
5
45
73
76
23
109
86
94
14
87
33
74
108
50
45
80
92
52
102
45
75
47
84
100
73
18
93
100
500
64
52
60
85
47
29
67
82
22
57
3
94
71
54
24
24
24
14
67
30
46
29
47
39
78
50
11
34
63
40
12
25
61
33
41
47
34
31
65
40
52
22
31
47
5
33
21
27
49
58
33
27
61
500
16
37
29
42
75
12
57
47
24
67
60
9
38
53
53
53
71
46
37
90
33
16
26
41
61
54
47
48
85
73
86
36
60
30
84
92
30
9
49
98
43
80
14
64
50
61
82
39
38
90
87
97
61
500
28
6
40
78
14
38
57
48
78
38
31
32
59
59
59
24
63
15
59
18
36
24
71
53
7
20
60
42
27
41
56
25
35
58
44
18
51
27
66
19
35
33
20
35
18
35
34
54
49
40
72
42
30
500
29
65
100
31
68
73
43
93
66
23
58
79
79
79
70
33
69
40
51
54
68
49
9
64
80
26
98
65
65
37
87
40
30
86
55
78
87
47
44
89
66
55
27
77
82
87
33
57
76
35
21
40
59
500
35
7
65
66
23
67
20
80
75
44
16
16
16
62
20
50
53
31
30
46
33
16
51
62
15
87
59
64
17
70
16
44
81
35
54
68
61
28
78
42
48
16
63
75
66
13
62
72
55
23
37
66
29
500
33
65
42
46
83
55
55
83
37
38
38
38
66
71
29
99
39
35
21
68
79
50
32
72
70
70
84
61
44
48
95
83
35
21
30
107
50
67
22
64
64
50
73
16
62
92
81
110
75
71
99
78
81
500
42
75
84
53
104
71
34
68
90
90
90
17
92
37
69
48
65
49
101
78
24
30
89
13
24
36
85
20
64
72
22
47
76
34
73
46
5
60
30
60
13
13
47
83
50
26
85
64
46
55
63
58
49
500
68
46
12
63
73
9
46
53
53
53
38
76
12
81
31
41
20
80
72
25
3
74
41
44
59
67
15
47
80
54
28
45
6
88
38
38
32
41
54
21
44
14
66
69
54
94
63
52
76
65
65
52
64
500
75
95
92
22
85
46
71
71
71
49
54
62
16
48
59
66
70
25
49
70
47
78
43
39
55
73
46
8
62
52
84
77
23
37
69
68
36
26
61
60
82
50
30
51
23
15
20
32
9
8
20
34
56
500
75
37
68
79
39
24
24
24
51
74
74
5
63
77
80
89
44
57
80
67
78
44
33
74
79
64
15
57
67
101
86
6
51
69
83
42
44
67
58
93
70
20
47
20
34
30
18
28
22
33
54
65
48
500
53
48
33
15
34
34
34
52
80
22
94
39
44
23
81
81
38
16
80
51
57
73
71
25
53
92
67
35
39
12
101
48
49
32
54
64
35
57
4
71
83
67
106
73
65
89
76
77
64
71
31
60
18
500
16
56
39
71
71
71
56
26
40
56
21
20
36
36
25
43
52
23
80
54
62
19
61
6
49
76
25
45
58
64
20
71
32
43
16
55
69
55
16
61
68
61
26
35
66
32
38
31
13
44
62
41
9
500
95
58
37
37
37
8
77
29
56
34
53
40
86
62
10
28
73
29
13
29
70
24
50
58
27
35
67
34
61
31
20
50
15
45
11
18
44
68
40
24
72
48
31
46
47
44
33
59
15
16
42
59
24
500
29
31
31
31
38
85
22
85
40
51
30
89
80
28
9
84
34
44
59
76
9
57
85
51
37
54
6
91
45
32
41
44
62
20
41
20
76
71
52
99
70
57
77
71
70
58
72
21
45
28
65
22
62
500
60
60
60
57
82
82
12
71
86
88
97
52
65
87
75
82
50
38
82
86
73
22
61
76
109
94
5
60
74
92
49
53
74
63
102
78
24
51
22
42
39
19
36
30
42
62
72
53
93
76
77
35
83
500
500
500
57
82
82
12
71
86
88
97
52
65
87
75
82
50
38
82
86
73
22
61
76
109
94
5
60
74
92
49
53
74
63
102
78
24
51
22
42
39
19
36
30
42
62
72
53
93
76
77
35
83
500
500
500
57
82
82
12
71
86
88
97
52
65
87
75
82
50
38
82
86
73
22
61
76
109
94
5
60
74
92
49
53
74
63
102
78
24
51
22
42
39
19
36
30
42
62
72
53
93
76
77
35
83
500
500
500
230 840 777 613 935 1056 199 102 950 318 894 636 551 658 386 921 422 209 814 540 747 676 478 211 472 1132 440 211 163 1176 810 951 697 528 516 211 646 347 662 943 688 129 855 461 48 562 902 112 503 312
