2
30
17
41
80
68
48
15
23
5
71
26
89
18
4
65
11
22
67
58
51
12
11
17
25
3
6
19
16
53
24
34
0
0
500
48
82
70
69
71
48
13
34
39
28
68
34
73
78
42
68
27
87
41
10
36
45
42
75
50
37
22
31
27
23
23
21
500
67
60
52
72
61
61
80
51
39
72
42
54
26
69
18
68
69
18
62
46
9
29
24
11
70
74
22
69
70
70
88
50
500
82
75
92
76
53
82
30
50
91
55
77
39
49
41
55
93
36
56
60
27
8
32
34
52
70
26
73
71
71
48
34
34
500
58
78
67
63
84
49
44
78
47
59
23
68
19
69
74
24
64
51
14
26
20
17
70
77
25
74
74
74
68
75
66
49
500
64
63
85
95
80
51
65
50
38
28
97
14
94
49
33
84
53
32
58
35
25
98
93
46
83
86
86
13
73
7
53
78
500
80
41
75
11
53
97
59
88
58
30
58
39
104
46
46
63
40
12
51
48
34
60
32
68
64
64
66
19
54
11
61
32
500
58
22
92
53
53
52
78
117
91
102
71
85
75
52
49
84
93
117
85
84
41
75
26
31
31
78
104
81
76
27
63
71
500
30
48
19
57
24
63
76
52
64
37
77
36
18
25
42
46
74
46
48
25
30
21
20
20
64
84
65
56
14
46
55
31
500
62
66
96
68
73
11
81
25
86
86
44
84
72
35
40
3
36
84
98
46
95
95
95
77
124
85
95
54
88
74
65
70
500
44
88
51
81
57
32
55
35
97
39
39
54
34
11
51
42
34
53
24
60
56
56
85
64
79
46
25
18
73
20
31
31
500
40
50
12
65
117
48
108
13
50
92
50
56
84
71
48
115
96
64
80
86
86
90
58
83
44
35
15
78
29
36
39
81
500
43
58
28
64
23
64
74
20
59
47
10
23
25
15
65
72
20
69
69
69
92
50
83
41
43
14
79
39
39
45
81
50
500
74
64
34
57
29
90
35
26
43
34
23
59
41
33
40
20
45
42
42
15
77
20
51
59
67
10
76
42
44
24
50
49
500
69
102
52
90
23
40
72
29
49
75
73
43
99
75
53
57
64
64
75
112
80
84
40
75
70
51
58
44
83
90
69
13
500
21
65
27
105
48
36
60
44
21
61
52
23
50
33
60
55
55
45
98
52
69
47
71
42
63
48
38
56
72
59
21
43
500
66
24
89
40
13
38
42
37
70
48
34
26
28
33
28
28
43
41
32
14
53
39
31
65
25
38
29
14
22
75
26
78
500
40
82
49
19
31
55
59
87
58
53
16
43
9
7
7
54
89
57
59
28
56
47
45
35
22
59
65
46
24
46
27
72
500
77
38
19
24
44
49
76
47
50
24
32
18
18
18
8
76
9
55
77
78
14
93
56
61
13
51
59
73
18
76
96
47
500
58
8
51
61
53
89
67
30
14
47
31
24
24
87
17
75
30
69
33
75
71
49
62
71
33
38
108
70
111
35
44
51
500
22
26
33
37
64
38
46
33
20
31
29
29
44
54
38
25
36
34
32
51
11
21
37
30
17
59
27
62
53
8
15
53
500
43
61
59
92
66
43
4
48
19
11
11
84
30
73
28
55
19
72
56
39
51
70
34
28
97
67
99
21
38
47
57
62
500
65
93
84
59
121
97
72
78
85
85
53
70
51
41
21
37
42
37
15
5
52
48
27
44
39
46
54
26
33
40
45
52
500
57
37
23
96
91
44
80
84
84
67
103
72
74
33
67
61
46
49
35
75
81
60
14
61
15
80
59
63
48
70
84
85
500
61
46
27
40
25
48
44
44
84
16
72
27
66
31
72
69
46
60
68
30
35
105
67
108
35
41
47
71
60
40
12
57
500
49
40
22
31
25
21
21
12
88
21
66
85
89
24
102
66
69
25
62
70
75
28
78
107
58
47
104
32
54
92
37
75
500
93
81
40
69
73
73
18
85
27
58
60
72
17
77
47
46
31
58
55
47
21
51
90
44
37
80
31
54
81
41
71
69
500
37
19
41
38
38
74
94
76
67
18
53
66
29
41
26
77
75
51
32
64
33
65
53
61
30
71
80
72
79
83
84
52
500
48
22
30
30
17
67
12
41
60
61
4
76
38
44
14
40
43
62
1
66
79
31
20
79
12
34
66
21
53
50
20
72
500
74
73
73
37
49
28
21
50
42
25
64
23
34
26
22
24
68
20
71
60
12
2
66
17
22
46
21
35
33
34
51
26
500
56
56
76
76
73
51
4
33
65
15
28
18
73
60
34
51
61
53
43
41
51
17
65
68
52
71
66
68
57
48
73
59
500
500
76
76
73
51
4
33
65
15
28
18
73
60
34
51
61
53
43
41
51
17
65
68
52
71
66
68
57
48
73
59
500
500
519 414 110 318 623 80 859 156 560 272 92 29 20 351 642 473 845 354 488 156 697 272 235 303 353 645 664 548 48 436
