dados_trab_2_30_struc_release_facil_01 2 30 e
    0    18     0
    1    23     0
    2     9     0
    3    21     0
    4    14     0
    5     7     0
    6    19     0
    7    25     0
    8     6     0
    9    22     0
   10    11     0
   11    28     0
   12    26     0
   13    29     0
   14     1     0
   15     5     0
   16     4     0
    0     0     1
    1    17     1
    2    13     1
    3    20     1
    4    10     1
    5     8     1
    6    12     1
    7    27     1
    8    16     1
    9     3     1
   10     2     1
   11    15     1
   12    24     1
-1 -1 -1
dados_trab_2_30_struc_release_facil_01   time:      1.498  fo:    1244.00
