dados_trab_2_30_struc_release_facil_10 2 30 e
    0    17     0
    1    20     0
    2    26     0
    3    21     0
    4    15     0
    5    12     0
    6     8     0
    7     2     0
    8     6     0
    9     5     0
   10    22     0
   11     4     0
   12     0     0
   13    16     0
   14    11     0
    0     3     1
    1    14     1
    2    19     1
    3    24     1
    4    29     1
    5     9     1
    6    13     1
    7    27     1
    8     1     1
    9    18     1
   10     7     1
   11    28     1
   12    10     1
   13    23     1
   14    25     1
-1 -1 -1
dados_trab_2_30_struc_release_facil_10   time:      1.032  fo:    1096.00
