dados_trab_2_30_struc_release_facil_09 2 30 e
    0    22     0
    1    28     0
    2    25     0
    3    20     0
    4    29     0
    5     7     0
    6     0     0
    7    13     0
    8     3     0
    9     5     0
   10     6     0
   11     4     0
   12    10     0
   13    19     0
   14     1     0
    0    21     1
    1     2     1
    2    18     1
    3    12     1
    4    27     1
    5    26     1
    6    24     1
    7     8     1
    8    17     1
    9    15     1
   10    16     1
   11    11     1
   12     9     1
   13    23     1
   14    14     1
-1 -1 -1
dados_trab_2_30_struc_release_facil_09   time:      0.983  fo:    1004.00
