dados_trab_2_30_struc_release_facil_04 2 30 e
    0    27     0
    1    21     0
    2    12     0
    3    22     0
    4    10     0
    5    20     0
    6     0     0
    7    24     0
    8     9     0
    9    13     0
   10    28     0
   11    23     0
   12     4     0
    0    14     1
    1     5     1
    2    25     1
    3     1     1
    4     7     1
    5     6     1
    6     3     1
    7     2     1
    8    19     1
    9    17     1
   10    26     1
   11    16     1
   12     8     1
   13    18     1
   14    15     1
   15    29     1
   16    11     1
-1 -1 -1
dados_trab_2_30_struc_release_facil_04   time:      1.648  fo:     979.00
