dados_trab_2_30_struc_release_facil_07 2 30 e
    0    11     0
    1     5     0
    2     2     0
    3    24     0
    4    22     0
    5     9     0
    6    23     0
    7    15     0
    8    17     0
    9    29     0
   10    18     0
   11    20     0
   12     8     0
   13    14     0
   14    26     0
   15     6     0
    0     7     1
    1    12     1
    2    28     1
    3    10     1
    4    13     1
    5    21     1
    6     3     1
    7    19     1
    8     1     1
    9    25     1
   10     0     1
   11    27     1
   12     4     1
   13    16     1
-1 -1 -1
dados_trab_2_30_struc_release_facil_07   time:      2.206  fo:     801.00
