dados_trab_2_30_struc_release_facil_07 2 30 e
    0     7     0
    1    12     0
    2     5     0
    3     2     0
    4    24     0
    5    11     0
    6    22     0
    7     9     0
    8    23     0
    9    15     0
   10    17     0
   11    27     0
   12    29     0
   13    18     0
   14    26     0
   15     6     0
    0    19     1
    1    28     1
    2    10     1
    3    13     1
    4    21     1
    5     3     1
    6     1     1
    7    25     1
    8     0     1
    9    20     1
   10     8     1
   11    14     1
   12     4     1
   13    16     1
-1 -1 -1
dados_trab_2_30_struc_release_facil_07   time:      1.293  fo:     851.00
