dados_trab_2_30_struc_release_facil_02 2 30 e
    0    18     0
    1     7     0
    2    11     0
    3    24     0
    4    20     0
    5    13     0
    6    21     0
    7    19     0
    8     9     0
    9    16     0
   10    29     0
   11    14     0
   12     3     0
   13     5     0
   14    15     0
   15     8     0
   16    27     0
   17    23     0
    0    10     1
    1    25     1
    2    22     1
    3     4     1
    4     6     1
    5    28     1
    6     1     1
    7     2     1
    8    12     1
    9    26     1
   10    17     1
   11     0     1
-1 -1 -1
dados_trab_2_30_struc_release_facil_02   time:      1.108  fo:     989.00
