dados_trab_2_30_struc_release_facil_02 2 30 e
    0    24     0
    1    22     0
    2     4     0
    3     6     0
    4    28     0
    5     1     0
    6    15     0
    7    26     0
    8    17     0
    9     0     0
   10    18     0
    0    13     1
    1    21     1
    2    10     1
    3    25     1
    4     7     1
    5    11     1
    6     9     1
    7    16     1
    8    29     1
    9    14     1
   10     3     1
   11     5     1
   12    19     1
   13    23     1
   14     8     1
   15    27     1
   16     2     1
   17    12     1
   18    20     1
-1 -1 -1
dados_trab_2_30_struc_release_facil_02   time:      1.465  fo:     998.00
