dados_trab_2_30_struc_release_facil_02 2 30 e
    0    24     0
    1    20     0
    2    19     0
    3     9     0
    4    16     0
    5     7     0
    6    28     0
    7    23     0
    8     1     0
    9     2     0
   10    29     0
   11    27     0
    0    13     1
    1    21     1
    2    10     1
    3    25     1
    4    22     1
    5     4     1
    6     6     1
    7    14     1
    8     3     1
    9     5     1
   10    15     1
   11     8     1
   12    11     1
   13    12     1
   14    26     1
   15    17     1
   16     0     1
   17    18     1
-1 -1 -1
dados_trab_2_30_struc_release_facil_02   time:      0.812  fo:     980.00
