dados_trab_2_30_struc_release_facil_10 2 30 e
    0     3     0
    1    14     0
    2    21     0
    3    15     0
    4    24     0
    5    29     0
    6     9     0
    7    13     0
    8    27     0
    9     1     0
   10    18     0
   11    28     0
   12    10     0
   13    23     0
   14     0     0
   15    25     0
    0    17     1
    1    20     1
    2    26     1
    3    19     1
    4     6     1
    5     5     1
    6    22     1
    7     7     1
    8     4     1
    9    12     1
   10     8     1
   11     2     1
   12    16     1
   13    11     1
-1 -1 -1
dados_trab_2_30_struc_release_facil_10   time:      0.976  fo:    1056.00
