dados_trab_2_30_struc_release_facil_01 2 30 e
    0    18     0
    1    23     0
    2     9     0
    3    21     0
    4    13     0
    5     0     0
    6    20     0
    7     6     0
    8    22     0
    9    11     0
   10     8     0
   11    28     0
   12    26     0
   13    29     0
   14    15     0
   15    24     0
    0    17     1
    1    14     1
    2     7     1
    3    19     1
    4    25     1
    5    10     1
    6    27     1
    7    16     1
    8     3     1
    9     2     1
   10     1     1
   11     5     1
   12    12     1
   13     4     1
-1 -1 -1
dados_trab_2_30_struc_release_facil_01   time:      1.602  fo:    1264.00
