dados_trab_2_30_struc_release_facil_04 2 30 e
    0    14     0
    1     5     0
    2    25     0
    3    12     0
    4    22     0
    5    10     0
    6    20     0
    7     1     0
    8     7     0
    9     0     0
   10    24     0
   11     9     0
   12    13     0
   13    28     0
   14    23     0
   15    11     0
    0    27     1
    1    21     1
    2     6     1
    3     3     1
    4     2     1
    5    19     1
    6    17     1
    7    26     1
    8    16     1
    9     8     1
   10    18     1
   11    15     1
   12    29     1
   13     4     1
-1 -1 -1
dados_trab_2_30_struc_release_facil_04   time:      1.132  fo:     990.00
