dados_trab_2_30_struc_release_facil_01 2 30 e
    0    17     0
    1    23     0
    2     9     0
    3    21     0
    4    13     0
    5    20     0
    6    10     0
    7     8     0
    8    12     0
    9    27     0
   10    16     0
   11    28     0
   12    26     0
   13    29     0
   14    15     0
   15    24     0
    0    18     1
    1     0     1
    2    14     1
    3     7     1
    4    25     1
    5     6     1
    6    22     1
    7    11     1
    8    19     1
    9     3     1
   10     2     1
   11     1     1
   12     5     1
   13     4     1
-1 -1 -1
dados_trab_2_30_struc_release_facil_01   time:      2.268  fo:    1245.00
