dados_trab_2_30_struc_release_facil_03 2 30 e
    0     1     0
    1    21     0
    2    27     0
    3    13     0
    4    14     0
    5    29     0
    6     0     0
    7    15     0
    8     7     0
    9    28     0
   10     6     0
   11     8     0
   12     4     0
   13    16     0
    0     3     1
    1    23     1
    2    19     1
    3     5     1
    4    24     1
    5     9     1
    6    18     1
    7    17     1
    8     2     1
    9    26     1
   10    11     1
   11    22     1
   12    12     1
   13    10     1
   14    25     1
   15    20     1
-1 -1 -1
dados_trab_2_30_struc_release_facil_03   time:      1.889  fo:    1072.00
