dados_trab_2_30_struc_release_facil_03 2 30 e
    0     3     0
    1    27     0
    2    19     0
    3     5     0
    4    24     0
    5    17     0
    6     2     0
    7    26     0
    8    22     0
    9    18     0
   10     9     0
   11    12     0
   12     4     0
   13    16     0
    0     1     1
    1    21     1
    2    11     1
    3    13     1
    4    14     1
    5    29     1
    6     0     1
    7    15     1
    8     7     1
    9    28     1
   10    23     1
   11     6     1
   12     8     1
   13    10     1
   14    25     1
   15    20     1
-1 -1 -1
dados_trab_2_30_struc_release_facil_03   time:      0.973  fo:    1095.00
