dados_trab_2_30_struc_release_facil_09 2 30 e
    0    22     0
    1    28     0
    2    25     0
    3    20     0
    4    29     0
    5     7     0
    6     0     0
    7    17     0
    8     5     0
    9     6     0
   10     4     0
   11    10     0
   12     9     0
   13    23     0
   14    14     0
    0    21     1
    1     2     1
    2    18     1
    3    12     1
    4    27     1
    5    26     1
    6    24     1
    7     8     1
    8    13     1
    9     3     1
   10    15     1
   11    16     1
   12    11     1
   13    19     1
   14     1     1
-1 -1 -1
dados_trab_2_30_struc_release_facil_09   time:      2.390  fo:     983.00
