dados_trab_2_30_struc_release_facil_03 2 30 e
    0     1     0
    1     3     0
    2    23     0
    3    19     0
    4     5     0
    5    24     0
    6     9     0
    7    18     0
    8    17     0
    9     2     0
   10    26     0
   11    22     0
   12    12     0
   13    10     0
   14    25     0
   15    20     0
    0    27     1
    1    11     1
    2    13     1
    3    14     1
    4    29     1
    5     0     1
    6    15     1
    7     7     1
    8    28     1
    9     6     1
   10     8     1
   11    21     1
   12     4     1
   13    16     1
-1 -1 -1
dados_trab_2_30_struc_release_facil_03   time:      2.057  fo:    1107.00
