dados_trab_2_30_struc_release_facil_07 2 30 e
    0    19     0
    1    11     0
    2    28     0
    3    10     0
    4    13     0
    5    21     0
    6     3     0
    7     1     0
    8    25     0
    9    20     0
   10     8     0
   11     4     0
   12    16     0
    0     7     1
    1    12     1
    2     5     1
    3     2     1
    4    24     1
    5    22     1
    6     9     1
    7    23     1
    8    15     1
    9    17     1
   10    29     1
   11    18     1
   12     0     1
   13    27     1
   14    14     1
   15    26     1
   16     6     1
-1 -1 -1
dados_trab_2_30_struc_release_facil_07   time:      1.727  fo:     827.00
