dados_trab_2_30_struc_release_facil_02 2 30 e
    0    18     0
    1     7     0
    2    11     0
    3    24     0
    4    10     0
    5    25     0
    6    22     0
    7     4     0
    8     6     0
    9    28     0
   10     8     0
   11     1     0
   12     2     0
   13    12     0
   14    26     0
   15    17     0
    0    13     1
    1    21     1
    2    19     1
    3     9     1
    4    16     1
    5    29     1
    6    14     1
    7     3     1
    8     5     1
    9    15     1
   10    20     1
   11     0     1
   12    27     1
   13    23     1
-1 -1 -1
dados_trab_2_30_struc_release_facil_02   time:      0.932  fo:     969.00
