dados_trab_2_30_struc_release_facil_07 2 30 e
    0    19     0
    1    11     0
    2    12     0
    3     5     0
    4     2     0
    5    24     0
    6    22     0
    7     9     0
    8    23     0
    9    15     0
   10    17     0
   11    27     0
   12     4     0
   13    14     0
   14    26     0
   15    28     0
   16     6     0
    0     7     1
    1    10     1
    2    13     1
    3    21     1
    4     3     1
    5     1     1
    6    25     1
    7     0     1
    8    29     1
    9    18     1
   10    20     1
   11     8     1
   12    16     1
-1 -1 -1
dados_trab_2_30_struc_release_facil_07   time:      1.703  fo:     870.00
