dados_trab_2_30_struc_release_facil_02 2 30 e
    0    13     0
    1    11     0
    2    24     0
    3    20     0
    4    19     0
    5     4     0
    6     6     0
    7    28     0
    8    23     0
    9     1     0
   10     2     0
   11    12     0
   12    26     0
   13    17     0
   14     0     0
   15    18     0
    0     7     1
    1    25     1
    2    22     1
    3     9     1
    4    16     1
    5    29     1
    6    14     1
    7    21     1
    8    10     1
    9     3     1
   10     5     1
   11    15     1
   12     8     1
   13    27     1
-1 -1 -1
dados_trab_2_30_struc_release_facil_02   time:      1.633  fo:     971.00
