dados_trab_2_30_struc_release_facil_09 2 30 e
    0    21     0
    1     2     0
    2    18     0
    3    12     0
    4    27     0
    5     7     0
    6     0     0
    7    17     0
    8     5     0
    9     6     0
   10     4     0
   11    16     0
   12    11     0
   13     9     0
   14    23     0
   15    14     0
    0    22     1
    1    28     1
    2    25     1
    3    20     1
    4    29     1
    5    26     1
    6    24     1
    7     8     1
    8    13     1
    9     3     1
   10    15     1
   11    10     1
   12    19     1
   13     1     1
-1 -1 -1
dados_trab_2_30_struc_release_facil_09   time:      1.591  fo:    1007.00
