dados_trab_2_40_struc_release_facil_09 2 40 e
    0    16     0
    1    34     0
    2     2     0
    3    39     0
    4    22     0
    5    32     0
    6    33     0
    7    37     0
    8    18     0
    9    25     0
   10    11     0
   11    21     0
   12    36     0
   13     9     0
   14    28     0
   15    38     0
   16     5     0
   17    17     0
   18     1     0
   19     6     0
    0    23     1
    1     8     1
    2    20     1
    3    24     1
    4    30     1
    5     0     1
    6     4     1
    7    35     1
    8    26     1
    9    19     1
   10     3     1
   11    31     1
   12    12     1
   13    13     1
   14    10     1
   15    14     1
   16    29     1
   17     7     1
   18    27     1
   19    15     1
-1 -1 -1
dados_trab_2_40_struc_release_facil_09   time:      1.901  fo:    1349.00
