dados_trab_2_40_struc_release_facil_06 2 40 e
    0    19     0
    1     2     0
    2     5     0
    3    14     0
    4     0     0
    5    12     0
    6    32     0
    7    10     0
    8    11     0
    9    21     0
   10     8     0
   11    20     0
   12    27     0
   13    39     0
   14     3     0
   15    17     0
   16    29     0
   17    24     0
   18    25     0
   19    36     0
    0    33     1
    1    16     1
    2    30     1
    3     9     1
    4    18     1
    5    34     1
    6    31     1
    7     4     1
    8     6     1
    9    15     1
   10    22     1
   11    26     1
   12    38     1
   13    13     1
   14     1     1
   15    28     1
   16    35     1
   17     7     1
   18    37     1
   19    23     1
-1 -1 -1
dados_trab_2_40_struc_release_facil_06   time:      2.779  fo:    1345.00
