dados_trab_2_40_struc_release_facil_09 2 40 e
    0    39     0
    1    30     0
    2     0     0
    3     4     0
    4    35     0
    5    32     0
    6    33     0
    7    19     0
    8     3     0
    9    31     0
   10    12     0
   11    13     0
   12     7     0
   13    17     0
   14     1     0
   15     6     0
    0    23     1
    1     8     1
    2    20     1
    3    24     1
    4    16     1
    5    34     1
    6     2     1
    7    11     1
    8    21     1
    9    22     1
   10    26     1
   11    10     1
   12    37     1
   13    18     1
   14    25     1
   15    14     1
   16    29     1
   17    36     1
   18     9     1
   19    28     1
   20    38     1
   21     5     1
   22    27     1
   23    15     1
-1 -1 -1
dados_trab_2_40_struc_release_facil_09   time:      3.180  fo:    1218.00
