dados_trab_2_40_struc_release_facil_03 2 40 e
    0    39     0
    1    18     0
    2     9     0
    3    12     0
    4     7     0
    5    20     0
    6    28     0
    7     4     0
    8    24     0
    9    34     0
   10     1     0
   11     3     0
   12    17     0
   13    10     0
   14    29     0
   15    36     0
   16    35     0
   17    23     0
   18     5     0
   19    26     0
   20    38     0
    0    31     1
    1     2     1
    2    25     1
    3    11     1
    4    14     1
    5    37     1
    6    21     1
    7    32     1
    8    13     1
    9    22     1
   10    19     1
   11    16     1
   12     6     1
   13     0     1
   14    15     1
   15    30     1
   16    33     1
   17     8     1
   18    27     1
-1 -1 -1
dados_trab_2_40_struc_release_facil_03   time:      2.327  fo:    1526.00
