dados_trab_2_40_struc_release_facil_01 2 40 e
    0    29     0
    1    30     0
    2     1     0
    3    24     0
    4    10     0
    5    38     0
    6    32     0
    7     8     0
    8    12     0
    9     5     0
   10    17     0
   11     6     0
   12    37     0
   13    35     0
   14    18     0
   15     9     0
   16    23     0
   17    39     0
    0     4     1
    1    11     1
    2    13     1
    3    14     1
    4    15     1
    5     7     1
    6    27     1
    7    28     1
    8     0     1
    9    33     1
   10     2     1
   11    21     1
   12    36     1
   13    26     1
   14    22     1
   15    16     1
   16    20     1
   17     3     1
   18    31     1
   19    34     1
   20    19     1
   21    25     1
-1 -1 -1
dados_trab_2_40_struc_release_facil_01   time:      5.352  fo:    1278.00
