dados_trab_2_40_struc_release_facil_04 2 40 e
    0    34     0
    1    28     0
    2    17     0
    3    22     0
    4    38     0
    5    39     0
    6    24     0
    7    29     0
    8    26     0
    9    14     0
   10     1     0
   11     7     0
   12    19     0
   13    23     0
   14     3     0
   15    11     0
   16    35     0
   17     9     0
   18     5     0
   19     2     0
   20    33     0
    0    20     1
    1    25     1
    2    15     1
    3    32     1
    4    13     1
    5    30     1
    6     8     1
    7    27     1
    8     0     1
    9    16     1
   10    21     1
   11     6     1
   12    37     1
   13    12     1
   14    31     1
   15     4     1
   16    18     1
   17    36     1
   18    10     1
-1 -1 -1
dados_trab_2_40_struc_release_facil_04   time:      1.550  fo:    1505.00
