dados_trab_2_40_struc_release_facil_01 2 40 e
    0     4     0
    1    11     0
    2    13     0
    3    14     0
    4    15     0
    5     7     0
    6     1     0
    7    12     0
    8    16     0
    9    21     0
   10     6     0
   11    35     0
   12    18     0
   13     0     0
   14    20     0
   15     3     0
   16    19     0
   17    25     0
   18    37     0
   19    31     0
    0    33     1
    1    29     1
    2     2     1
    3    30     1
    4    10     1
    5    38     1
    6    32     1
    7     8     1
    8    24     1
    9    28     1
   10     5     1
   11    17     1
   12    36     1
   13    26     1
   14     9     1
   15    27     1
   16    34     1
   17    22     1
   18    23     1
   19    39     1
-1 -1 -1
dados_trab_2_40_struc_release_facil_01   time:      1.807  fo:    1277.00
