dados_trab_2_40_struc_release_facil_06 2 40 e
    0     2     0
    1     5     0
    2    12     0
    3    18     0
    4    34     0
    5    31     0
    6     4     0
    7    21     0
    8     6     0
    9    15     0
   10    22     0
   11    26     0
   12    38     0
   13     0     0
   14    13     0
   15     1     0
   16    28     0
   17    35     0
   18     7     0
   19    37     0
   20    23     0
    0    19     1
    1    33     1
    2    16     1
    3    30     1
    4     9     1
    5    32     1
    6    10     1
    7    11     1
    8     8     1
    9    20     1
   10    14     1
   11    27     1
   12    39     1
   13     3     1
   14    17     1
   15    29     1
   16    24     1
   17    25     1
   18    36     1
-1 -1 -1
dados_trab_2_40_struc_release_facil_06   time:      3.302  fo:    1347.00
