dados_trab_2_40_struc_release_facil_10 2 40 e
    0    34     0
    1    22     0
    2    33     0
    3    17     0
    4    10     0
    5    29     0
    6    30     0
    7    28     0
    8    24     0
    9    38     0
   10    37     0
   11    11     0
   12     1     0
   13    25     0
   14    19     0
   15    14     0
   16     3     0
   17    18     0
   18    13     0
    0     6     1
    1    26     1
    2    27     1
    3    23     1
    4     9     1
    5     7     1
    6    21     1
    7    39     1
    8    36     1
    9     4     1
   10    35     1
   11     2     1
   12     8     1
   13    20     1
   14     0     1
   15    32     1
   16    31     1
   17    15     1
   18    12     1
   19    16     1
   20     5     1
-1 -1 -1
dados_trab_2_40_struc_release_facil_10   time:      1.772  fo:    1448.00
