dados_trab_2_40_struc_release_facil_02 2 40 e
    0    14     0
    1     4     0
    2     6     0
    3    18     0
    4     2     0
    5    36     0
    6    32     0
    7     5     0
    8     1     0
    9    17     0
   10    12     0
   11    29     0
   12    23     0
   13    31     0
   14    24     0
   15     7     0
   16    27     0
   17    38     0
   18    33     0
    0    16     1
    1    34     1
    2    35     1
    3    28     1
    4     3     1
    5     0     1
    6    10     1
    7    15     1
    8     8     1
    9    20     1
   10    11     1
   11    30     1
   12    26     1
   13    21     1
   14    22     1
   15    13     1
   16    19     1
   17    37     1
   18    39     1
   19     9     1
   20    25     1
-1 -1 -1
dados_trab_2_40_struc_release_facil_02   time:      3.205  fo:    1425.00
