dados_trab_2_40_struc_release_facil_01 2 40 e
    0    29     0
    1     4     0
    2    11     0
    3    13     0
    4    14     0
    5    15     0
    6     7     0
    7    12     0
    8    36     0
    9    26     0
   10    22     0
   11    37     0
   12    31     0
   13    34     0
   14     9     0
   15    27     0
   16    28     0
   17    23     0
   18    39     0
    0    33     1
    1     2     1
    2    30     1
    3     1     1
    4    24     1
    5    10     1
    6    38     1
    7    32     1
    8     8     1
    9     5     1
   10    21     1
   11    16     1
   12    17     1
   13     6     1
   14    35     1
   15    18     1
   16     0     1
   17    20     1
   18     3     1
   19    19     1
   20    25     1
-1 -1 -1
dados_trab_2_40_struc_release_facil_01   time:      3.232  fo:    1235.00
