dados_trab_2_40_struc_release_facil_02 2 40 e
    0    16     0
    1    35     0
    2    34     0
    3     3     0
    4    31     0
    5     0     0
    6    28     0
    7     5     0
    8     1     0
    9    25     0
   10    17     0
   11    26     0
   12    21     0
   13    22     0
   14    24     0
   15     7     0
   16    27     0
   17    37     0
   18    39     0
    0    14     1
    1    11     1
    2     4     1
    3     6     1
    4    18     1
    5    36     1
    6     2     1
    7    10     1
    8    15     1
    9    20     1
   10     8     1
   11    32     1
   12    19     1
   13    33     1
   14     9     1
   15    30     1
   16    12     1
   17    29     1
   18    23     1
   19    13     1
   20    38     1
-1 -1 -1
dados_trab_2_40_struc_release_facil_02   time:      1.508  fo:    1402.00
