dados_trab_2_40_struc_release_facil_08 2 40 e
    0    13     0
    1    38     0
    2    20     0
    3    35     0
    4    32     0
    5    18     0
    6    21     0
    7     6     0
    8    12     0
    9    22     0
   10     1     0
   11     0     0
   12    11     0
   13    37     0
   14    36     0
   15    30     0
   16    29     0
   17    16     0
   18    28     0
   19    27     0
   20    19     0
   21    34     0
    0    15     1
    1     4     1
    2     8     1
    3    24     1
    4    14     1
    5     9     1
    6     7     1
    7    23     1
    8    17     1
    9    25     1
   10    39     1
   11     3     1
   12     2     1
   13    31     1
   14    26     1
   15    10     1
   16    33     1
   17     5     1
-1 -1 -1
dados_trab_2_40_struc_release_facil_08   time:      1.807  fo:    1350.00
