dados_trab_2_40_struc_release_facil_01 2 40 e
    0    33     0
    1     4     0
    2    11     0
    3    13     0
    4    14     0
    5    15     0
    6     7     0
    7     1     0
    8    24     0
    9     5     0
   10     8     0
   11    12     0
   12    16     0
   13    36     0
   14    26     0
   15     9     0
   16    27     0
   17    37     0
   18    31     0
   19    34     0
   20    19     0
   21    25     0
   22    22     0
    0    29     1
    1     2     1
    2    30     1
    3    10     1
    4    38     1
    5    32     1
    6    28     1
    7     0     1
    8    21     1
    9    17     1
   10     6     1
   11    35     1
   12    18     1
   13    20     1
   14     3     1
   15    23     1
   16    39     1
-1 -1 -1
dados_trab_2_40_struc_release_facil_01   time:      1.860  fo:    1274.00
