dados_trab_2_40_struc_release_facil_08 2 40 e
    0    15     0
    1     4     0
    2    24     0
    3    14     0
    4     9     0
    5     7     0
    6    23     0
    7    17     0
    8    22     0
    9     1     0
   10     0     0
   11    11     0
   12    37     0
   13    36     0
   14    29     0
   15    16     0
   16    28     0
   17    27     0
   18    10     0
   19    33     0
   20     5     0
    0    13     1
    1    38     1
    2    32     1
    3     8     1
    4    20     1
    5    35     1
    6    18     1
    7    21     1
    8     6     1
    9    12     1
   10    25     1
   11    39     1
   12     3     1
   13     2     1
   14    31     1
   15    26     1
   16    30     1
   17    19     1
   18    34     1
-1 -1 -1
dados_trab_2_40_struc_release_facil_08   time:      2.550  fo:    1369.00
