dados_trab_2_40_struc_release_facil_05 2 40 e
    0    37     0
    1    28     0
    2    22     0
    3    30     0
    4    18     0
    5    17     0
    6    15     0
    7    25     0
    8    19     0
    9    24     0
   10    35     0
   11     3     0
   12     6     0
   13    11     0
   14    21     0
   15     2     0
   16    13     0
   17     7     0
   18     4     0
   19     1     0
   20    31     0
    0    39     1
    1    20     1
    2    32     1
    3    26     1
    4    14     1
    5    23     1
    6     0     1
    7    27     1
    8     8     1
    9    34     1
   10    16     1
   11     5     1
   12    36     1
   13     9     1
   14    33     1
   15    38     1
   16    10     1
   17    29     1
   18    12     1
-1 -1 -1
dados_trab_2_40_struc_release_facil_05   time:      1.974  fo:    1470.00
