dados_trab_2_40_struc_release_facil_03 2 40 e
    0    39     0
    1     2     0
    2    25     0
    3     9     0
    4    12     0
    5    13     0
    6     7     0
    7    20     0
    8     3     0
    9    17     0
   10    34     0
   11    35     0
   12    18     0
   13     8     0
   14    10     0
   15    14     0
   16    11     0
   17    29     0
   18    23     0
   19     1     0
   20    38     0
   21    26     0
   22    27     0
    0    31     1
    1    37     1
    2    21     1
    3    32     1
    4    19     1
    5    28     1
    6     4     1
    7    24     1
    8    22     1
    9    36     1
   10    16     1
   11     6     1
   12     0     1
   13    15     1
   14    30     1
   15    33     1
   16     5     1
-1 -1 -1
dados_trab_2_40_struc_release_facil_03   time:      1.836  fo:    1559.00
