dados_trab_2_40_struc_release_facil_01 2 40 e
    0    29     0
    1     4     0
    2    11     0
    3    13     0
    4    14     0
    5    15     0
    6     7     0
    7    27     0
    8    28     0
    9     5     0
   10    21     0
   11    17     0
   12     6     0
   13    35     0
   14    18     0
   15    20     0
   16     3     0
   17    19     0
   18    25     0
    0     2     1
    1    30     1
    2     1     1
    3    24     1
    4    10     1
    5    38     1
    6    32     1
    7     8     1
    8    12     1
    9    16     1
   10    36     1
   11    26     1
   12    22     1
   13    37     1
   14    31     1
   15    34     1
   16     9     1
   17     0     1
   18    33     1
   19    23     1
   20    39     1
-1 -1 -1
dados_trab_2_40_struc_release_facil_01   time:      3.517  fo:    1207.00
