dados_trab_2_50_struc_release_facil_10 2 50 e
    0    49     0
    1    29     0
    2    38     0
    3    31     0
    4     8     0
    5     7     0
    6     1     0
    7    41     0
    8    21     0
    9    42     0
   10    13     0
   11     3     0
   12     2     0
   13    40     0
   14    24     0
   15     6     0
   16    45     0
   17    10     0
   18     5     0
   19    30     0
   20    34     0
   21    32     0
   22    20     0
   23    39     0
   24    28     0
   25    14     0
    0    27     1
    1    26     1
    2    25     1
    3    12     1
    4    48     1
    5    37     1
    6    22     1
    7    36     1
    8     4     1
    9    35     1
   10    16     1
   11    15     1
   12     0     1
   13     9     1
   14    47     1
   15    33     1
   16    18     1
   17    43     1
   18    11     1
   19    23     1
   20    44     1
   21    17     1
   22    19     1
   23    46     1
-1 -1 -1
dados_trab_2_50_struc_release_facil_10   time:      4.401  fo:    1989.00
