dados_trab_2_50_struc_release_facil_07 2 50 e
    0    21     0
    1    44     0
    2    37     0
    3    45     0
    4    10     0
    5     5     0
    6     6     0
    7    40     0
    8     9     0
    9    12     0
   10    38     0
   11     7     0
   12    35     0
   13    13     0
   14     0     0
   15    30     0
   16    28     0
   17    33     0
   18    23     0
   19    15     0
   20    43     0
   21     1     0
   22    48     0
   23    25     0
   24    29     0
   25    32     0
    0    42     1
    1    39     1
    2     3     1
    3     2     1
    4    49     1
    5    26     1
    6    22     1
    7    47     1
    8    31     1
    9    24     1
   10    36     1
   11    18     1
   12    20     1
   13    46     1
   14    41     1
   15    14     1
   16    34     1
   17    11     1
   18    19     1
   19    16     1
   20     4     1
   21     8     1
   22    27     1
   23    17     1
-1 -1 -1
dados_trab_2_50_struc_release_facil_07   time:      6.248  fo:    1633.00
