dados_trab_2_50_struc_release_facil_08 2 50 e
    0    47     0
    1    33     0
    2     0     0
    3    10     0
    4    26     0
    5    28     0
    6     6     0
    7    14     0
    8    25     0
    9    32     0
   10    42     0
   11    36     0
   12     3     0
   13    23     0
   14    13     0
   15    16     0
   16    41     0
   17    20     0
   18     1     0
   19     7     0
   20     4     0
    0     8     1
    1    22     1
    2    11     1
    3    15     1
    4    38     1
    5    19     1
    6    12     1
    7    43     1
    8    45     1
    9    17     1
   10    30     1
   11    24     1
   12    27     1
   13    46     1
   14    18     1
   15     5     1
   16    29     1
   17    37     1
   18    39     1
   19    48     1
   20    34     1
   21    44     1
   22    21     1
   23    31     1
   24     2     1
   25    35     1
   26    49     1
   27     9     1
   28    40     1
-1 -1 -1
dados_trab_2_50_struc_release_facil_08   time:      7.043  fo:    1608.00
