dados_trab_2_50_struc_release_facil_10 2 50 e
    0    49     0
    1    29     0
    2     1     0
    3    41     0
    4    12     0
    5     8     0
    6    15     0
    7    48     0
    8    37     0
    9    36     0
   10    21     0
   11     4     0
   12    45     0
   13     2     0
   14    40     0
   15    13     0
   16     3     0
   17    38     0
   18    25     0
   19    18     0
   20    43     0
   21    11     0
   22    23     0
   23     0     0
   24     6     0
   25    47     0
   26    33     0
   27    14     0
    0    31     1
    1    27     1
    2    26     1
    3    20     1
    4    28     1
    5    22     1
    6    35     1
    7    16     1
    8     7     1
    9    42     1
   10    39     1
   11     9     1
   12    10     1
   13     5     1
   14    30     1
   15    34     1
   16    32     1
   17    24     1
   18    44     1
   19    17     1
   20    19     1
   21    46     1
-1 -1 -1
dados_trab_2_50_struc_release_facil_10   time:      3.576  fo:    1996.00
