dados_trab_2_50_struc_release_facil_01 2 50 e
    0    32     0
    1    11     0
    2     1     0
    3    42     0
    4     4     0
    5     5     0
    6    29     0
    7    45     0
    8    25     0
    9    13     0
   10    38     0
   11    14     0
   12    48     0
   13    39     0
   14    21     0
   15    18     0
   16    22     0
   17    17     0
   18    35     0
   19     6     0
   20     8     0
   21    27     0
   22    23     0
   23    40     0
   24    28     0
   25    30     0
   26    15     0
    0    19     1
    1    43     1
    2    47     1
    3    37     1
    4     0     1
    5    44     1
    6    41     1
    7     7     1
    8    31     1
    9    36     1
   10    24     1
   11    49     1
   12    46     1
   13    16     1
   14     9     1
   15    34     1
   16    20     1
   17    33     1
   18    26     1
   19     3     1
   20     2     1
   21    12     1
   22    10     1
-1 -1 -1
dados_trab_2_50_struc_release_facil_01   time:      2.851  fo:    1683.00
