dados_trab_2_50_struc_release_facil_04 2 50 e
    0     7     0
    1     2     0
    2    30     0
    3     9     0
    4     3     0
    5    16     0
    6    39     0
    7    17     0
    8    10     0
    9    22     0
   10    15     0
   11    21     0
   12    23     0
   13    13     0
   14    43     0
   15    27     0
   16    40     0
   17    26     0
   18    32     0
   19     6     0
   20    49     0
   21     8     0
   22    12     0
   23    41     0
   24    18     0
   25    19     0
    0    14     1
    1    45     1
    2    28     1
    3     5     1
    4    36     1
    5    25     1
    6    47     1
    7     1     1
    8     0     1
    9    11     1
   10    20     1
   11    31     1
   12     4     1
   13    33     1
   14    46     1
   15    37     1
   16    48     1
   17    42     1
   18    38     1
   19    44     1
   20    24     1
   21    35     1
   22    34     1
   23    29     1
-1 -1 -1
dados_trab_2_50_struc_release_facil_04   time:      2.695  fo:    1731.00
