dados_trab_2_50_struc_release_facil_04 2 50 e
    0     5     0
    1    14     0
    2    45     0
    3    28     0
    4    21     0
    5    39     0
    6    36     0
    7    25     0
    8    47     0
    9     1     0
   10    23     0
   11    43     0
   12    48     0
   13    27     0
   14    13     0
   15    19     0
   16    42     0
   17    26     0
   18    32     0
   19    15     0
   20    46     0
   21    38     0
   22    24     0
   23    35     0
   24    44     0
    0     7     1
    1    30     1
    2     9     1
    3     3     1
    4    16     1
    5    17     1
    6    40     1
    7     0     1
    8    11     1
    9    18     1
   10    20     1
   11    31     1
   12     4     1
   13    33     1
   14    41     1
   15    37     1
   16     2     1
   17    10     1
   18    22     1
   19     6     1
   20    49     1
   21     8     1
   22    12     1
   23    34     1
   24    29     1
-1 -1 -1
dados_trab_2_50_struc_release_facil_04   time:      6.940  fo:    1740.00
