dados_trab_2_50_struc_release_facil_09 2 50 e
    0    39     0
    1    28     0
    2     8     0
    3     0     0
    4     6     0
    5    27     0
    6    37     0
    7    42     0
    8    41     0
    9    22     0
   10    48     0
   11    35     0
   12     5     0
   13    45     0
   14    21     0
   15    17     0
   16    44     0
   17    25     0
   18    18     0
   19    14     0
   20     9     0
   21    12     0
   22    46     0
    0    34     1
    1    19     1
    2    15     1
    3    36     1
    4     1     1
    5    38     1
    6     7     1
    7    43     1
    8     3     1
    9    20     1
   10    24     1
   11    31     1
   12    11     1
   13     2     1
   14    23     1
   15    13     1
   16    33     1
   17    16     1
   18    30     1
   19    47     1
   20    10     1
   21     4     1
   22    32     1
   23    29     1
   24    26     1
   25    40     1
   26    49     1
-1 -1 -1
dados_trab_2_50_struc_release_facil_09   time:      2.965  fo:    1891.00
