dados_trab_2_50_struc_release_facil_10 2 50 e
    0    31     0
    1    20     0
    2     1     0
    3    48     0
    4    37     0
    5    22     0
    6    21     0
    7    45     0
    8     2     0
    9    40     0
   10    24     0
   11    10     0
   12    13     0
   13    42     0
   14    47     0
   15    33     0
   16    18     0
   17    43     0
   18    11     0
   19    23     0
   20    44     0
   21     4     0
   22    46     0
    0    49     1
    1    29     1
    2    38     1
    3    25     1
    4    27     1
    5    41     1
    6    12     1
    7     8     1
    8     7     1
    9    15     1
   10    28     1
   11    26     1
   12    35     1
   13    16     1
   14     3     1
   15     9     1
   16     0     1
   17     6     1
   18    36     1
   19     5     1
   20    17     1
   21    19     1
   22    39     1
   23    30     1
   24    34     1
   25    32     1
   26    14     1
-1 -1 -1
dados_trab_2_50_struc_release_facil_10   time:      3.647  fo:    1986.00
