dados_trab_2_50_struc_release_facil_10 2 50 e
    0    49     0
    1    29     0
    2     1     0
    3    41     0
    4    12     0
    5     8     0
    6    22     0
    7    36     0
    8    21     0
    9    25     0
   10    42     0
   11    13     0
   12     3     0
   13    38     0
   14     0     0
   15     6     0
   16    45     0
   17     2     0
   18    40     0
   19    32     0
   20     4     0
   21    47     0
   22    33     0
   23    44     0
   24    17     0
   25    14     0
    0    31     1
    1    27     1
    2    26     1
    3    20     1
    4     7     1
    5    15     1
    6    35     1
    7    16     1
    8    37     1
    9    48     1
   10    28     1
   11    24     1
   12     9     1
   13    10     1
   14     5     1
   15    18     1
   16    43     1
   17    11     1
   18    23     1
   19    39     1
   20    30     1
   21    34     1
   22    19     1
   23    46     1
-1 -1 -1
dados_trab_2_50_struc_release_facil_10   time:      4.115  fo:    1989.00
