dados_trab_2_50_struc_release_facil_07 2 50 e
    0    21     0
    1     3     0
    2     2     0
    3    30     0
    4    45     0
    5     4     0
    6    26     0
    7    22     0
    8    47     0
    9     7     0
   10    31     0
   11    24     0
   12    13     0
   13     0     0
   14    28     0
   15     8     0
   16    10     0
   17    35     0
   18     5     0
   19    34     0
   20    11     0
   21    19     0
   22    16     0
   23    33     0
   24    23     0
   25    15     0
    0    42     1
    1    39     1
    2    44     1
    3    37     1
    4    49     1
    5    38     1
    6     6     1
    7    40     1
    8     9     1
    9    12     1
   10    36     1
   11    18     1
   12    20     1
   13    46     1
   14    41     1
   15    14     1
   16    27     1
   17    17     1
   18    43     1
   19     1     1
   20    48     1
   21    25     1
   22    29     1
   23    32     1
-1 -1 -1
dados_trab_2_50_struc_release_facil_07   time:      3.134  fo:    1641.00
