dados_trab_2_50_struc_release_facil_09 2 50 e
    0    34     0
    1    19     0
    2    15     0
    3    36     0
    4    38     0
    5     7     0
    6    43     0
    7     3     0
    8    20     0
    9    24     0
   10     8     0
   11     0     0
   12    41     0
   13    12     0
   14    35     0
   15     5     0
   16    45     0
   17    42     0
   18     4     0
   19    21     0
   20    17     0
   21    44     0
   22    25     0
   23    32     0
   24    29     0
   25    26     0
   26    40     0
   27    46     0
    0    37     1
    1     1     1
    2    39     1
    3    28     1
    4    33     1
    5    22     1
    6    13     1
    7    31     1
    8    11     1
    9     2     1
   10     6     1
   11    27     1
   12    23     1
   13    48     1
   14    49     1
   15    16     1
   16    30     1
   17    47     1
   18    10     1
   19    18     1
   20    14     1
   21     9     1
-1 -1 -1
dados_trab_2_50_struc_release_facil_09   time:      4.108  fo:    1874.00
