dados_trab_2_50_struc_release_facil_02 2 50 e
    0    36     0
    1    39     0
    2    48     0
    3    43     0
    4    11     0
    5    19     0
    6     4     0
    7     3     0
    8     0     0
    9    30     0
   10    42     0
   11    46     0
   12    29     0
   13    33     0
   14     1     0
   15    32     0
   16    35     0
   17    49     0
   18    37     0
   19    26     0
   20     6     0
   21     8     0
   22     2     0
   23    14     0
    0    27     1
    1     5     1
    2    21     1
    3    20     1
    4    16     1
    5    17     1
    6    22     1
    7    10     1
    8    44     1
    9    45     1
   10    47     1
   11    41     1
   12    34     1
   13    38     1
   14    28     1
   15    40     1
   16    24     1
   17     9     1
   18    15     1
   19    31     1
   20    23     1
   21    12     1
   22    13     1
   23    18     1
   24     7     1
   25    25     1
-1 -1 -1
dados_trab_2_50_struc_release_facil_02   time:      3.861  fo:    1952.00
