dados_trab_2_50_struc_release_facil_06 2 50 e
    0    46     0
    1     5     0
    2    25     0
    3    27     0
    4    22     0
    5    40     0
    6    33     0
    7    17     0
    8    44     0
    9    30     0
   10    18     0
   11    36     0
   12     2     0
   13    11     0
   14    15     0
   15    47     0
   16    19     0
   17    38     0
   18    48     0
   19    28     0
   20    43     0
   21    24     0
   22    34     0
   23     1     0
    0    41     1
    1    37     1
    2    32     1
    3     6     1
    4    13     1
    5    10     1
    6    14     1
    7     0     1
    8     4     1
    9     7     1
   10     9     1
   11     8     1
   12    29     1
   13    42     1
   14    45     1
   15    23     1
   16    49     1
   17    35     1
   18    12     1
   19    20     1
   20    26     1
   21    16     1
   22    21     1
   23    39     1
   24    31     1
   25     3     1
-1 -1 -1
dados_trab_2_50_struc_release_facil_06   time:      3.346  fo:    1781.00
