dados_trab_2_50_struc_release_facil_05 2 50 e
    0    25     0
    1    39     0
    2    27     0
    3    41     0
    4    42     0
    5    26     0
    6    11     0
    7    22     0
    8    37     0
    9    16     0
   10    21     0
   11    46     0
   12    34     0
   13    28     0
   14     5     0
   15    33     0
   16     9     0
   17    29     0
   18     6     0
   19    19     0
   20    44     0
   21     3     0
   22     0     0
   23    17     0
   24    23     0
   25    12     0
    0     1     1
    1    14     1
    2    38     1
    3    24     1
    4    13     1
    5    20     1
    6    36     1
    7     8     1
    8    45     1
    9    43     1
   10    48     1
   11    18     1
   12    15     1
   13    10     1
   14    32     1
   15    47     1
   16    49     1
   17    40     1
   18     4     1
   19    35     1
   20     7     1
   21    30     1
   22     2     1
   23    31     1
-1 -1 -1
dados_trab_2_50_struc_release_facil_05   time:      4.934  fo:    1713.00
