dados_trab_2_50_struc_release_facil_05 2 50 e
    0     1     0
    1    24     0
    2    13     0
    3    20     0
    4    36     0
    5    45     0
    6    48     0
    7    34     0
    8    28     0
    9     5     0
   10    43     0
   11     9     0
   12    29     0
   13     6     0
   14    49     0
   15    19     0
   16    23     0
   17    12     0
   18    44     0
   19     3     0
   20     0     0
   21    31     0
    0    25     1
    1    14     1
    2    39     1
    3    27     1
    4    41     1
    5    42     1
    6    26     1
    7    38     1
    8    11     1
    9    22     1
   10    46     1
   11    18     1
   12    15     1
   13    10     1
   14    32     1
   15    47     1
   16    37     1
   17    16     1
   18     8     1
   19    21     1
   20    33     1
   21    40     1
   22     4     1
   23    35     1
   24     7     1
   25    30     1
   26     2     1
   27    17     1
-1 -1 -1
dados_trab_2_50_struc_release_facil_05   time:      4.649  fo:    1725.00
