dados_trab_2_50_struc_release_facil_04 2 50 e
    0    14     0
    1    45     0
    2     9     0
    3     5     0
    4     2     0
    5    17     0
    6     0     0
    7    11     0
    8    18     0
    9    20     0
   10    31     0
   11     4     0
   12    33     0
   13    46     0
   14    37     0
   15    30     0
   16     6     0
   17    49     0
   18    21     0
   19    23     0
   20    24     0
   21    35     0
   22    34     0
   23    29     0
    0     1     1
    1     7     1
    2    40     1
    3    39     1
    4    36     1
    5    25     1
    6    47     1
    7     3     1
    8    16     1
    9    22     1
   10    15     1
   11    10     1
   12    43     1
   13    48     1
   14    27     1
   15    13     1
   16    28     1
   17    42     1
   18    38     1
   19    44     1
   20    41     1
   21    26     1
   22    32     1
   23    19     1
   24     8     1
   25    12     1
-1 -1 -1
dados_trab_2_50_struc_release_facil_04   time:      3.230  fo:    1740.00
