dados_trab_3_30_struc_release_facil_01 3 30 e
    0    29     0
    1    12     0
    2    21     0
    3    28     0
    4     2     0
    5    25     0
    6     3     0
    7     0     0
    8    19     0
    9    15     0
   10    20     0
    0     1     1
    1    22     1
    2    18     1
    3    26     1
    4    27     1
    5    24     1
    6    17     1
    7    16     1
    8     5     1
    0     6     2
    1    13     2
    2    11     2
    3     7     2
    4     4     2
    5     9     2
    6    10     2
    7    23     2
    8     8     2
    9    14     2
-1 -1 -1
dados_trab_3_30_struc_release_facil_01   time:      1.322  fo:     869.00
