dados_trab_3_30_struc_release_facil_06 3 30 e
    0    18     0
    1     1     0
    2    16     0
    3    17     0
    4    12     0
    5    24     0
    6    20     0
    7    29     0
    8    26     0
    0     6     1
    1    27     1
    2    14     1
    3    15     1
    4    13     1
    5    23     1
    6    21     1
    7     7     1
    8    19     1
    9    25     1
   10     8     1
   11     4     1
   12    11     1
    0    22     2
    1     0     2
    2     5     2
    3    28     2
    4     3     2
    5     9     2
    6     2     2
    7    10     2
-1 -1 -1
dados_trab_3_30_struc_release_facil_06   time:      0.865  fo:     701.00
