dados_trab_3_30_struc_release_facil_06 3 30 e
    0     6     0
    1    27     0
    2    14     0
    3    15     0
    4    17     0
    5    12     0
    6    19     0
    7    25     0
    8     8     0
    9    29     0
   10    26     0
    0    18     1
    1     1     1
    2     0     1
    3    16     1
    4     5     1
    5     3     1
    6     9     1
    7     4     1
    8    21     1
    9     2     1
    0    22     2
    1    13     2
    2    28     2
    3    23     2
    4     7     2
    5    10     2
    6    20     2
    7    24     2
    8    11     2
-1 -1 -1
dados_trab_3_30_struc_release_facil_06   time:      1.165  fo:     708.00
