dados_trab_3_30_struc_release_facil_02 3 30 e
    0     7     0
    1    17     0
    2    20     0
    3     5     0
    4    19     0
    5    18     0
    6    16     0
    7    12     0
    8     1     0
    9    15     0
   10     4     0
    0    13     1
    1    24     1
    2    28     1
    3    23     1
    4    25     1
    5    11     1
    6    10     1
    7     9     1
    8     3     1
    9    27     1
    0     8     2
    1     0     2
    2     2     2
    3    26     2
    4    14     2
    5    21     2
    6     6     2
    7    22     2
    8    29     2
-1 -1 -1
dados_trab_3_30_struc_release_facil_02   time:      2.568  fo:     640.00
