dados_trab_3_30_struc_release_facil_09 3 30 e
    0     7     0
    1    20     0
    2     5     0
    3    14     0
    4     9     0
    5    18     0
    6     1     0
    7     8     0
    8    13     0
    9    29     0
   10    10     0
    0    16     1
    1     6     1
    2     2     1
    3    23     1
    4    11     1
    5     4     1
    6    22     1
    7    15     1
    0    28     2
    1    12     2
    2    27     2
    3    25     2
    4    19     2
    5    17     2
    6     0     2
    7    24     2
    8    21     2
    9    26     2
   10     3     2
-1 -1 -1
dados_trab_3_30_struc_release_facil_09   time:      1.188  fo:     872.00
