dados_trab_3_30_struc_release_facil_09 3 30 e
    0    28     0
    1    12     0
    2    14     0
    3     9     0
    4    21     0
    5    23     0
    6     0     0
    7    24     0
    8    26     0
    9     3     0
    0    16     1
    1     6     1
    2    20     1
    3    19     1
    4    17     1
    5    11     1
    6    18     1
    7    22     1
    8    13     1
    9    29     1
    0     7     2
    1     5     2
    2    27     2
    3    25     2
    4     2     2
    5     4     2
    6     1     2
    7     8     2
    8    10     2
    9    15     2
-1 -1 -1
dados_trab_3_30_struc_release_facil_09   time:      1.315  fo:     868.00
