dados_trab_3_30_struc_release_facil_08 3 30 e
    0    11     0
    1    15     0
    2     6     0
    3     9     0
    4    27     0
    5     7     0
    6    28     0
    7    12     0
    8    18     0
    9    23     0
    0     0     1
    1     2     1
    2    10     1
    3    25     1
    4    14     1
    5    22     1
    6    16     1
    7     4     1
    8    21     1
    9    19     1
    0    17     2
    1     1     2
    2     5     2
    3    20     2
    4    13     2
    5     8     2
    6     3     2
    7    24     2
    8    26     2
    9    29     2
-1 -1 -1
dados_trab_3_30_struc_release_facil_08   time:      1.306  fo:     688.00
