dados_trab_3_30_struc_release_facil_01 3 30 e
    0    29     0
    1    12     0
    2    21     0
    3    28     0
    4     2     0
    5    24     0
    6    17     0
    7    15     0
    8    23     0
    9    14     0
    0     1     1
    1    26     1
    2    22     1
    3    18     1
    4    27     1
    5     4     1
    6     9     1
    7     0     1
    8    19     1
    9     8     1
   10    20     1
    0     6     2
    1    13     2
    2    11     2
    3     7     2
    4     3     2
    5    25     2
    6    10     2
    7    16     2
    8     5     2
-1 -1 -1
dados_trab_3_30_struc_release_facil_01   time:      0.738  fo:     908.00
