dados_trab_3_30_struc_release_facil_02 3 30 e
    0     8     0
    1     0     0
    2     2     0
    3    11     0
    4    10     0
    5    15     0
    6     3     0
    7    27     0
    0     7     1
    1    17     1
    2    20     1
    3    18     1
    4    16     1
    5     5     1
    6    19     1
    7    14     1
    8    21     1
    9     6     1
   10    22     1
   11    29     1
    0    13     2
    1    24     2
    2    28     2
    3    23     2
    4    25     2
    5    26     2
    6    12     2
    7     9     2
    8     1     2
    9     4     2
-1 -1 -1
dados_trab_3_30_struc_release_facil_02   time:      2.031  fo:     636.00
