dados_trab_3_30_struc_release_facil_10 3 30 e
    0    16     0
    1     2     0
    2     0     0
    3    21     0
    4    23     0
    5    29     0
    6    22     0
    7    11     0
    8    18     0
    9    27     0
    0     5     1
    1    10     1
    2     6     1
    3    17     1
    4     4     1
    5     9     1
    6     3     1
    7    26     1
    8    20     1
    9    24     1
    0     1     2
    1    12     2
    2    13     2
    3     7     2
    4     8     2
    5    15     2
    6    14     2
    7    28     2
    8    19     2
    9    25     2
-1 -1 -1
dados_trab_3_30_struc_release_facil_10   time:      1.211  fo:     753.00
