dados_trab_3_30_struc_release_facil_07 3 30 e
    0    23     0
    1    12     0
    2    22     0
    3    27     0
    4     8     0
    5    20     0
    6    13     0
    7    15     0
    8     6     0
    9    19     0
    0     1     1
    1    21     1
    2     0     1
    3     9     1
    4     4     1
    5    24     1
    6    16     1
    7    14     1
    8    17     1
    9    26     1
    0     5     2
    1    28     2
    2    18     2
    3    29     2
    4    11     2
    5    25     2
    6    10     2
    7     7     2
    8     3     2
    9     2     2
-1 -1 -1
dados_trab_3_30_struc_release_facil_07   time:      1.245  fo:     704.00
