dados_trab_3_30_struc_release_facil_08 3 30 e
    0    11     0
    1    15     0
    2    22     0
    3     9     0
    4     6     0
    5    27     0
    6     7     0
    7     3     0
    8    12     0
    9    18     0
   10    23     0
    0     0     1
    1     2     1
    2    10     1
    3    25     1
    4    14     1
    5     4     1
    6    21     1
    7    19     1
    0    17     2
    1     1     2
    2     5     2
    3    20     2
    4    13     2
    5     8     2
    6    16     2
    7    24     2
    8    28     2
    9    26     2
   10    29     2
-1 -1 -1
dados_trab_3_30_struc_release_facil_08   time:      0.897  fo:     684.00
