dados_trab_3_30_struc_release_facil_02 3 30 e
    0    13     0
    1    23     0
    2    25     0
    3    26     0
    4    12     0
    5     9     0
    6     1     0
    7     4     0
    0     7     1
    1    17     1
    2    20     1
    3    18     1
    4    16     1
    5    11     1
    6    10     1
    7    15     1
    8     3     1
    9    28     1
   10    29     1
    0     8     2
    1     0     2
    2     2     2
    3     5     2
    4    19     2
    5    14     2
    6    21     2
    7     6     2
    8    22     2
    9    24     2
   10    27     2
-1 -1 -1
dados_trab_3_30_struc_release_facil_02   time:      1.317  fo:     623.00
