dados_trab_3_30_struc_release_facil_05 3 30 e
    0    19     0
    1     1     0
    2     9     0
    3    12     0
    4    14     0
    5    11     0
    6    21     0
    7    10     0
    8     7     0
    9    29     0
   10     3     0
   11    28     0
   12    23     0
    0    27     1
    1    20     1
    2     2     1
    3    24     1
    4    15     1
    5     8     1
    6    16     1
    7    17     1
    8     4     1
    0    22     2
    1     6     2
    2    13     2
    3    18     2
    4     5     2
    5     0     2
    6    26     2
    7    25     2
-1 -1 -1
dados_trab_3_30_struc_release_facil_05   time:      1.395  fo:     718.00
