dados_trab_3_30_struc_release_facil_01 3 30 e
    0     6     0
    1    29     0
    2    22     0
    3    18     0
    4     2     0
    5     0     0
    6    19     0
    7    15     0
    8    10     0
    9    20     0
    0    13     1
    1    11     1
    2     7     1
    3    25     1
    4     4     1
    5     9     1
    6    21     1
    7    23     1
    8     8     1
    9    14     1
    0     1     2
    1    26     2
    2    12     2
    3    28     2
    4    27     2
    5    24     2
    6    17     2
    7    16     2
    8     3     2
    9     5     2
-1 -1 -1
dados_trab_3_30_struc_release_facil_01   time:      0.851  fo:     927.00
