dados_trab_3_30_struc_release_facil_03 3 30 e
    0    15     0
    1    12     0
    2    24     0
    3    22     0
    4     1     0
    5     5     0
    6    19     0
    7     8     0
    8    14     0
    9    10     0
    0    17     1
    1     2     1
    2     6     1
    3    28     1
    4     7     1
    5     9     1
    6    13     1
    7    16     1
    8    25     1
    9    23     1
    0    21     2
    1    11     2
    2    20     2
    3     4     2
    4    29     2
    5    18     2
    6     3     2
    7    27     2
    8     0     2
    9    26     2
-1 -1 -1
dados_trab_3_30_struc_release_facil_03   time:      0.743  fo:     798.00
