dados_trab_3_30_struc_release_facil_06 3 30 e
    0    22     0
    1    13     0
    2     5     0
    3    28     0
    4     3     0
    5     9     0
    6     0     0
    7     2     0
    0     6     1
    1    27     1
    2    14     1
    3    15     1
    4    24     1
    5    23     1
    6    21     1
    7     7     1
    8    10     1
    9    20     1
   10    29     1
   11    26     1
    0    18     2
    1     1     2
    2    16     2
    3    17     2
    4    12     2
    5    19     2
    6    25     2
    7     8     2
    8     4     2
    9    11     2
-1 -1 -1
dados_trab_3_30_struc_release_facil_06   time:      1.734  fo:     672.00
