dados_trab_3_30_struc_release_facil_03 3 30 e
    0    21     0
    1    15     0
    2    29     0
    3     5     0
    4    19     0
    5     8     0
    6    14     0
    7    10     0
    8     0     0
    0    12     1
    1    17     1
    2     2     1
    3     6     1
    4    28     1
    5     9     1
    6    13     1
    7     3     1
    8    26     1
    9    16     1
   10    25     1
   11    18     1
    0     7     2
    1    11     2
    2    20     2
    3     4     2
    4    24     2
    5    22     2
    6     1     2
    7    27     2
    8    23     2
-1 -1 -1
dados_trab_3_30_struc_release_facil_03   time:      0.759  fo:     795.00
