dados_trab_3_40_struc_release_facil_06 3 40 e
    0    29     0
    1    24     0
    2    34     0
    3    27     0
    4    16     0
    5     1     0
    6    11     0
    7     7     0
    8    13     0
    9     6     0
   10    21     0
   11    33     0
   12    15     0
   13    23     0
   14    35     0
    0    28     1
    1    26     1
    2    10     1
    3    32     1
    4    37     1
    5    30     1
    6     4     1
    7    18     1
    8    31     1
    9    22     1
    0    20     2
    1    36     2
    2     9     2
    3    39     2
    4    38     2
    5    14     2
    6    17     2
    7     2     2
    8     3     2
    9    25     2
   10    19     2
   11    12     2
   12     5     2
   13     8     2
   14     0     2
-1 -1 -1
dados_trab_3_40_struc_release_facil_06   time:      1.957  fo:    1055.00
