dados_trab_3_40_struc_release_facil_10 3 40 e
    0    21     0
    1    12     0
    2    18     0
    3    14     0
    4    17     0
    5    35     0
    6    33     0
    7    39     0
    8    27     0
    0    36     1
    1    30     1
    2    26     1
    3    23     1
    4    29     1
    5    37     1
    6    34     1
    7    19     1
    8    11     1
    9    25     1
   10    32     1
   11    28     1
   12     3     1
   13    13     1
   14     7     1
    0     1     2
    1    16     2
    2    24     2
    3    10     2
    4     0     2
    5     5     2
    6    38     2
    7    22     2
    8    15     2
    9    31     2
   10    20     2
   11     6     2
   12     8     2
   13     9     2
   14     4     2
   15     2     2
-1 -1 -1
dados_trab_3_40_struc_release_facil_10   time:      1.686  fo:     964.00
