dados_trab_3_40_struc_release_facil_07 3 40 e
    0    24     0
    1    23     0
    2    27     0
    3    21     0
    4    10     0
    5    15     0
    6    36     0
    7    20     0
    8    19     0
    9    11     0
   10    30     0
   11     7     0
   12     3     0
   13    17     0
    0    31     1
    1    32     1
    2     4     1
    3    22     1
    4    33     1
    5    26     1
    6     2     1
    7    38     1
    8     9     1
    9    14     1
   10    12     1
   11    35     1
    0     8     2
    1    28     2
    2    16     2
    3     6     2
    4    18     2
    5    39     2
    6    25     2
    7    29     2
    8    34     2
    9     1     2
   10     0     2
   11    37     2
   12    13     2
   13     5     2
-1 -1 -1
dados_trab_3_40_struc_release_facil_07   time:      1.360  fo:    1063.00
