dados_trab_3_40_struc_release_facil_04 3 40 e
    0    23     0
    1    36     0
    2    10     0
    3    30     0
    4     8     0
    5    26     0
    6    29     0
    7    34     0
    8    11     0
    9    12     0
   10    20     0
   11    24     0
   12    38     0
    0     7     1
    1    28     1
    2    17     1
    3     6     1
    4    21     1
    5    35     1
    6    18     1
    7    39     1
    8    13     1
    9    37     1
   10     1     1
   11    16     1
   12     3     1
    0    31     2
    1    14     2
    2     9     2
    3    27     2
    4     5     2
    5    22     2
    6    33     2
    7    25     2
    8    15     2
    9     4     2
   10    19     2
   11     2     2
   12    32     2
   13     0     2
-1 -1 -1
dados_trab_3_40_struc_release_facil_04   time:      1.366  fo:     991.00
