dados_trab_3_40_struc_release_facil_07 3 40 e
    0     8     0
    1    28     0
    2    27     0
    3    21     0
    4     4     0
    5    22     0
    6    15     0
    7    29     0
    8    34     0
    9     1     0
   10    10     0
   11     0     0
   12     7     0
   13     3     0
   14     5     0
    0    24     1
    1    23     1
    2    16     1
    3     6     1
    4    31     1
    5    32     1
    6    11     1
    7    33     1
    8    18     1
    9    30     1
   10    12     1
   11    38     1
   12     9     1
   13    14     1
   14    19     1
   15    35     1
    0    39     2
    1    25     2
    2    36     2
    3    20     2
    4    26     2
    5     2     2
    6    13     2
    7    37     2
    8    17     2
-1 -1 -1
dados_trab_3_40_struc_release_facil_07   time:      2.246  fo:    1048.00
