dados_trab_3_40_struc_release_facil_08 3 40 e
    0    39     0
    1     8     0
    2     7     0
    3    33     0
    4    10     0
    5    14     0
    6    26     0
    7    25     0
    8    30     0
    9     3     0
   10    22     0
   11     9     0
   12    23     0
    0    37     1
    1    18     1
    2    28     1
    3     6     1
    4    31     1
    5    36     1
    6    16     1
    7     0     1
    8     2     1
    9    15     1
   10    24     1
    0    11     2
    1    12     2
    2    35     2
    3     1     2
    4     5     2
    5    27     2
    6    13     2
    7     4     2
    8    32     2
    9    29     2
   10    20     2
   11    17     2
   12    21     2
   13    34     2
   14    19     2
   15    38     2
-1 -1 -1
dados_trab_3_40_struc_release_facil_08   time:      1.860  fo:    1024.00
