dados_trab_3_40_struc_release_facil_07 3 40 e
    0    32     0
    1    15     0
    2    30     0
    3    34     0
    4     1     0
    5    10     0
    6    28     0
    7     2     0
    8    38     0
    9     9     0
   10    14     0
    0     8     1
    1     6     1
    2    31     1
    3    18     1
    4    39     1
    5    25     1
    6    36     1
    7    20     1
    8    19     1
    9    37     1
   10    13     1
   11     3     1
   12     5     1
    0    12     2
    1    23     2
    2    27     2
    3    21     2
    4     4     2
    5    22     2
    6    11     2
    7    33     2
    8    26     2
    9     0     2
   10     7     2
   11    16     2
   12    17     2
   13    29     2
   14    24     2
   15    35     2
-1 -1 -1
dados_trab_3_40_struc_release_facil_07   time:      1.319  fo:    1065.00
