dados_trab_3_40_struc_release_facil_08 3 40 e
    0    39     0
    1     8     0
    2     5     0
    3    10     0
    4    29     0
    5     9     0
    6    16     0
    7     4     0
    8    32     0
    9    35     0
   10     1     0
   11    19     0
   12    38     0
    0    18     1
    1    28     1
    2    33     1
    3     6     1
    4    31     1
    5    13     1
    6    27     1
    7    25     1
    8    30     1
    9     3     1
   10    22     1
   11    23     1
    0    37     2
    1    11     2
    2    12     2
    3     7     2
    4    14     2
    5    36     2
    6    26     2
    7    24     2
    8    20     2
    9    17     2
   10    21     2
   11    34     2
   12     0     2
   13     2     2
   14    15     2
-1 -1 -1
dados_trab_3_40_struc_release_facil_08   time:      3.282  fo:    1028.00
