dados_trab_3_40_struc_release_facil_06 3 40 e
    0    29     0
    1    24     0
    2    17     0
    3    26     0
    4    10     0
    5     3     0
    6    37     0
    7    30     0
    8    27     0
    9     7     0
   10    15     0
   11    23     0
   12    32     0
   13    22     0
   14    35     0
    0    28     1
    1    34     1
    2     9     1
    3    39     1
    4    38     1
    5     1     1
    6    11     1
    7    36     1
    8    18     1
    9    13     1
   10     6     1
   11    21     1
   12    33     1
    0    20     2
    1    16     2
    2    14     2
    3     2     2
    4     5     2
    5    25     2
    6     4     2
    7    19     2
    8    12     2
    9    31     2
   10     8     2
   11     0     2
-1 -1 -1
dados_trab_3_40_struc_release_facil_06   time:      1.705  fo:    1091.00
