dados_trab_3_50_struc_release_facil_09 3 50 e
    0    33     0
    1    11     0
    2    10     0
    3    43     0
    4    15     0
    5    17     0
    6     5     0
    7    16     0
    8    27     0
    9    47     0
   10    38     0
   11    37     0
   12     9     0
   13    24     0
   14    35     0
   15    46     0
   16    45     0
   17     1     0
    0    48     1
    1     3     1
    2    12     1
    3    31     1
    4     4     1
    5    30     1
    6    42     1
    7    22     1
    8    39     1
    9    32     1
   10     8     1
   11    34     1
   12    20     1
   13     0     1
   14    44     1
   15    19     1
   16    14     1
    0    49     2
    1    26     2
    2    13     2
    3    28     2
    4     6     2
    5    40     2
    6     7     2
    7    18     2
    8    21     2
    9     2     2
   10    36     2
   11    25     2
   12    41     2
   13    29     2
   14    23     2
-1 -1 -1
dados_trab_3_50_struc_release_facil_09   time:      3.245  fo:    1326.00
