dados_trab_3_50_struc_release_facil_10 3 50 e
    0    45     0
    1    47     0
    2    26     0
    3    21     0
    4    44     0
    5    25     0
    6    34     0
    7    22     0
    8    37     0
    9    33     0
   10    28     0
   11    38     0
    0    14     1
    1    18     1
    2    36     1
    3    35     1
    4    10     1
    5     3     1
    6    19     1
    7    40     1
    8    27     1
    9    24     1
   10     1     1
   11     0     1
   12    11     1
   13     2     1
   14    29     1
   15    46     1
   16    17     1
   17     6     1
   18    43     1
   19    42     1
    0     4     2
    1    32     2
    2    13     2
    3     5     2
    4    15     2
    5    12     2
    6    16     2
    7    20     2
    8    48     2
    9     7     2
   10    31     2
   11    23     2
   12    30     2
   13     8     2
   14    41     2
   15    39     2
   16    49     2
   17     9     2
-1 -1 -1
dados_trab_3_50_struc_release_facil_10   time:      4.658  fo:    1189.00
