dados_trab_3_50_struc_release_facil_04 3 50 e
    0    10     0
    1     8     0
    2    17     0
    3    42     0
    4     5     0
    5    44     0
    6    30     0
    7    25     0
    8    28     0
    9    37     0
   10    11     0
   11    18     0
   12    16     0
   13    48     0
   14    15     0
    0    27     1
    1     7     1
    2    21     1
    3     6     1
    4    33     1
    5    40     1
    6    22     1
    7    31     1
    8    43     1
    9    35     1
   10    39     1
   11    12     1
   12    47     1
   13    19     1
   14    36     1
   15    23     1
    0    34     2
    1    26     2
    2    46     2
    3    38     2
    4     1     2
    5     2     2
    6     3     2
    7    32     2
    8     0     2
    9    45     2
   10    20     2
   11    14     2
   12     9     2
   13    49     2
   14    41     2
   15     4     2
   16    24     2
   17    13     2
   18    29     2
-1 -1 -1
dados_trab_3_50_struc_release_facil_04   time:      3.385  fo:    1218.00
