dados_trab_3_50_struc_release_facil_01 3 50 e
    0     7     0
    1    29     0
    2    35     0
    3    39     0
    4    41     0
    5    49     0
    6     8     0
    7    36     0
    8    46     0
    9     3     0
   10     1     0
   11    23     0
   12    33     0
   13     5     0
   14    13     0
   15    26     0
    0    48     1
    1    42     1
    2     6     1
    3    32     1
    4     2     1
    5    16     1
    6    22     1
    7    47     1
    8    37     1
    9     9     1
   10    21     1
   11    45     1
   12    11     1
   13    18     1
   14    31     1
   15    25     1
   16     4     1
    0    10     2
    1    19     2
    2    40     2
    3    15     2
    4    12     2
    5    27     2
    6    30     2
    7    38     2
    8    44     2
    9    17     2
   10    20     2
   11    24     2
   12    14     2
   13    28     2
   14    34     2
   15     0     2
   16    43     2
-1 -1 -1
dados_trab_3_50_struc_release_facil_01   time:      3.952  fo:    1278.00
