dados_trab_3_50_struc_release_facil_02 3 50 e
    0    26     0
    1    48     0
    2    30     0
    3    42     0
    4    40     0
    5    15     0
    6     6     0
    7     3     0
    8    16     0
    9    13     0
   10    28     0
   11    14     0
   12    32     0
   13    20     0
   14    37     0
   15     1     0
   16    46     0
   17    24     0
   18    25     0
   19    23     0
   20     5     0
    0     8     1
    1    31     1
    2     4     1
    3     0     1
    4    44     1
    5    45     1
    6    34     1
    7    36     1
    8    38     1
    9    19     1
   10     2     1
   11    22     1
   12    47     1
   13    39     1
   14    27     1
    0    43     2
    1    21     2
    2    49     2
    3    35     2
    4    29     2
    5     7     2
    6    12     2
    7    10     2
    8     9     2
    9    33     2
   10    18     2
   11    11     2
   12    17     2
   13    41     2
-1 -1 -1
dados_trab_3_50_struc_release_facil_02   time:      2.670  fo:    1228.00
