dados_trab_3_50_struc_release_facil_05 3 50 e
    0     5     0
    1     9     0
    2    28     0
    3    43     0
    4     1     0
    5    15     0
    6    47     0
    7    27     0
    8    12     0
    9    25     0
   10    45     0
   11     7     0
   12    19     0
   13    46     0
   14    44     0
   15     6     0
   16    36     0
   17    48     0
    0    23     1
    1    24     1
    2    34     1
    3    30     1
    4    22     1
    5    35     1
    6    39     1
    7    31     1
    8    38     1
    9     8     1
   10     0     1
   11    33     1
   12    42     1
   13    14     1
   14    17     1
   15     4     1
   16    20     1
    0     3     2
    1    26     2
    2    37     2
    3    49     2
    4    11     2
    5     2     2
    6    13     2
    7    41     2
    8    18     2
    9    40     2
   10    21     2
   11    10     2
   12    16     2
   13    29     2
   14    32     2
-1 -1 -1
dados_trab_3_50_struc_release_facil_05   time:      3.497  fo:    1280.00
