dados_trab_3_50_struc_release_facil_10 3 50 e
    0     4     0
    1    29     0
    2    13     0
    3     5     0
    4    40     0
    5    22     0
    6    37     0
    7    25     0
    8    17     0
    9    41     0
   10    43     0
   11    42     0
   12    30     0
   13    38     0
    0     8     1
    1    35     1
    2    10     1
    3     3     1
    4    45     1
    5    47     1
    6    26     1
    7    15     1
    8    32     1
    9    44     1
   10    48     1
   11    19     1
   12    20     1
   13    33     1
   14    28     1
   15    34     1
   16    46     1
   17     6     1
   18    39     1
    0    14     2
    1    18     2
    2    36     2
    3    27     2
    4    12     2
    5    16     2
    6    21     2
    7    23     2
    8    24     2
    9     1     2
   10     0     2
   11    11     2
   12     2     2
   13    31     2
   14     7     2
   15    49     2
   16     9     2
-1 -1 -1
dados_trab_3_50_struc_release_facil_10   time:      2.209  fo:    1175.00
