dados_trab_3_50_struc_release_facil_01 3 50 e
    0    10     0
    1    19     0
    2    40     0
    3    35     0
    4     9     0
    5    30     0
    6    49     0
    7     5     0
    8    32     0
    9    47     0
   10    37     0
   11    25     0
   12     3     0
   13     1     0
   14    23     0
   15    33     0
   16     4     0
    0    48     1
    1     6     1
    2    42     1
    3    44     1
    4     8     1
    5    36     1
    6    46     1
    7    17     1
    8    12     1
    9    14     1
   10    28     1
   11    34     1
   12     0     1
   13    43     1
    0     7     2
    1    29     2
    2    38     2
    3    39     2
    4    41     2
    5     2     2
    6    15     2
    7    16     2
    8    22     2
    9    20     2
   10    24     2
   11    21     2
   12    27     2
   13    45     2
   14    11     2
   15    18     2
   16    31     2
   17    26     2
   18    13     2
-1 -1 -1
dados_trab_3_50_struc_release_facil_01   time:      3.722  fo:    1320.00
