dados_trab_3_50_struc_release_facil_02 3 50 e
    0     8     0
    1    35     0
    2    29     0
    3     7     0
    4    12     0
    5    18     0
    6    36     0
    7     4     0
    8    37     0
    9    25     0
   10    47     0
   11    39     0
   12    41     0
    0    43     1
    1    10     1
    2     0     1
    3    16     1
    4    13     1
    5    44     1
    6    45     1
    7    34     1
    8    21     1
    9    28     1
   10    14     1
   11    19     1
   12    32     1
   13    33     1
   14    38     1
   15    11     1
   16     5     1
    0    26     2
    1    48     2
    2    42     2
    3    31     2
    4    30     2
    5    40     2
    6    15     2
    7     6     2
    8     3     2
    9    49     2
   10     2     2
   11     9     2
   12    20     2
   13     1     2
   14    17     2
   15    22     2
   16    46     2
   17    24     2
   18    27     2
   19    23     2
-1 -1 -1
dados_trab_3_50_struc_release_facil_02   time:      2.933  fo:    1258.00
