dados_trab_3_50_struc_release_facil_03 3 50 e
    0    44     0
    1    41     0
    2     6     0
    3    34     0
    4    14     0
    5    24     0
    6    33     0
    7    38     0
    8     4     0
    9     2     0
   10    10     0
   11    43     0
   12    29     0
   13    46     0
   14    31     0
    0    23     1
    1     7     1
    2     0     1
    3    28     1
    4    27     1
    5    16     1
    6    47     1
    7    32     1
    8    19     1
    9    15     1
   10    30     1
   11     1     1
   12    36     1
   13    13     1
   14    40     1
   15    11     1
   16    49     1
   17    22     1
   18     8     1
    0    35     2
    1    17     2
    2    12     2
    3     9     2
    4    37     2
    5    26     2
    6    21     2
    7    45     2
    8     3     2
    9    20     2
   10     5     2
   11    18     2
   12    42     2
   13    48     2
   14    25     2
   15    39     2
-1 -1 -1
dados_trab_3_50_struc_release_facil_03   time:      2.668  fo:    1194.00
