dados_trab_3_50_struc_release_facil_02 3 50 e
    0    26     0
    1    42     0
    2    31     0
    3    48     0
    4    40     0
    5    15     0
    6    28     0
    7    18     0
    8    36     0
    9    38     0
   10     7     0
   11    12     0
   12    22     0
   13    47     0
   14    39     0
   15    41     0
    0     8     1
    1    10     1
    2     4     1
    3     6     1
    4     0     1
    5    44     1
    6    45     1
    7    34     1
    8     2     1
    9     9     1
   10    33     1
   11    11     1
   12    37     1
   13    25     1
   14    46     1
   15    24     1
   16    27     1
   17    23     1
    0    43     2
    1    21     2
    2    49     2
    3    30     2
    4    35     2
    5    29     2
    6     3     2
    7    16     2
    8    13     2
    9    14     2
   10    19     2
   11    20     2
   12     1     2
   13    17     2
   14    32     2
   15     5     2
-1 -1 -1
dados_trab_3_50_struc_release_facil_02   time:      2.114  fo:    1231.00
