dados_trab_3_50_struc_release_facil_09 3 50 e
    0    43     0
    1    37     0
    2    49     0
    3    13     0
    4     6     0
    5    40     0
    6     7     0
    7    18     0
    8    45     0
    9     1     0
   10    41     0
   11    25     0
   12    32     0
   13    23     0
   14    19     0
    0     3     1
    1    12     1
    2    31     1
    3    10     1
    4    30     1
    5    42     1
    6    22     1
    7    38     1
    8    34     1
    9    36     1
   10     9     1
   11    24     1
   12    35     1
   13    46     1
   14    14     1
    0    48     2
    1    33     2
    2    11     2
    3    26     2
    4     4     2
    5    15     2
    6    17     2
    7     2     2
    8    27     2
    9    20     2
   10     5     2
   11    16     2
   12    28     2
   13    21     2
   14     8     2
   15    29     2
   16     0     2
   17    44     2
   18    39     2
   19    47     2
-1 -1 -1
dados_trab_3_50_struc_release_facil_09   time:      3.183  fo:    1342.00
