dados_trab_3_50_struc_release_facil_02 3 50 e
    0    26     0
    1    48     0
    2    30     0
    3    42     0
    4    40     0
    5    15     0
    6     3     0
    7    16     0
    8    13     0
    9    28     0
   10    14     0
   11    20     0
   12    17     0
   13    32     0
   14    37     0
   15     1     0
   16    46     0
   17    24     0
   18    38     0
   19    27     0
   20    23     0
    0    43     1
    1    31     1
    2    21     1
    3    49     1
    4    29     1
    5    44     1
    6    45     1
    7    34     1
    8     2     1
    9     9     1
   10    33     1
   11    11     1
   12    19     1
   13    25     1
   14     5     1
    0     8     2
    1    35     2
    2    10     2
    3     4     2
    4     6     2
    5     0     2
    6    18     2
    7     7     2
    8    36     2
    9    12     2
   10    22     2
   11    47     2
   12    39     2
   13    41     2
-1 -1 -1
dados_trab_3_50_struc_release_facil_02   time:      2.140  fo:    1218.00
