dados_trab_3_50_struc_release_facil_04 3 50 e
    0    36     0
    1    17     0
    2    42     0
    3     5     0
    4    31     0
    5    44     0
    6    30     0
    7     0     0
    8    28     0
    9    37     0
   10    20     0
   11    14     0
   12    23     0
   13    24     0
   14    13     0
    0    10     1
    1     8     1
    2    46     1
    3    38     1
    4     1     1
    5    21     1
    6     6     1
    7    32     1
    8    35     1
    9    39     1
   10    26     1
   11    12     1
   12    47     1
   13    22     1
   14    41     1
   15     4     1
   16    19     1
   17    29     1
   18    43     1
   19    45     1
   20    11     1
    0    27     2
    1     7     2
    2    34     2
    3     2     2
    4     3     2
    5    33     2
    6    40     2
    7     9     2
    8    25     2
    9    49     2
   10    18     2
   11    16     2
   12    48     2
   13    15     2
-1 -1 -1
dados_trab_3_50_struc_release_facil_04   time:      2.899  fo:    1246.00
