dados_trab_3_50_struc_release_facil_04 3 50 e
    0    34     0
    1     1     0
    2     2     0
    3     3     0
    4     7     0
    5    32     0
    6    35     0
    7    39     0
    8    12     0
    9    49     0
   10    18     0
   11    16     0
   12    42     0
   13    48     0
   14    15     0
    0    10     1
    1     8     1
    2    26     1
    3    36     1
    4    17     1
    5    31     1
    6    44     1
    7    30     1
    8    43     1
    9    25     1
   10    14     1
   11    20     1
   12    28     1
   13    38     1
   14    37     1
   15    11     1
   16     6     1
   17    41     1
   18     4     1
   19    19     1
   20    29     1
    0    27     2
    1    21     2
    2    33     2
    3     5     2
    4    22     2
    5     0     2
    6    45     2
    7    40     2
    8     9     2
    9    46     2
   10    47     2
   11    23     2
   12    24     2
   13    13     2
-1 -1 -1
dados_trab_3_50_struc_release_facil_04   time:      2.183  fo:    1227.00
