dados_trab_4_30_struc_release_facil_01 4 30 e
    0    17     0
    1     7     0
    2    29     0
    3    18     0
    4     0     0
    5    22     0
    6     8     0
    0    21     1
    1     1     1
    2    20     1
    3    11     1
    4     3     1
    5     6     1
    6     5     1
    7    13     1
    0    19     2
    1    26     2
    2    14     2
    3     9     2
    4     2     2
    5    16     2
    6    28     2
    0     4     3
    1    27     3
    2    12     3
    3    23     3
    4    10     3
    5    24     3
    6    15     3
    7    25     3
-1 -1 -1
dados_trab_4_30_struc_release_facil_01   time:      0.739  fo:     641.00
