dados_trab_4_30_struc_release_facil_01 4 30 e
    0    17     0
    1     7     0
    2    12     0
    3    29     0
    4     9     0
    5     6     0
    6     5     0
    7    13     0
    0    21     1
    1     1     1
    2    20     1
    3     4     1
    4    27     1
    5     3     1
    6    11     1
    7    25     1
    0    19     2
    1    26     2
    2    14     2
    3     0     2
    4    22     2
    5     8     2
    6    24     2
    7    15     2
    0    10     3
    1    23     3
    2    18     3
    3     2     3
    4    16     3
    5    28     3
-1 -1 -1
dados_trab_4_30_struc_release_facil_01   time:      0.829  fo:     626.00
