dados_trab_4_30_struc_release_facil_09 4 30 e
    0    17     0
    1    12     0
    2    27     0
    3    19     0
    4    28     0
    5    16     0
    6     8     0
    7     4     0
    0     2     1
    1     3     1
    2    29     1
    3    25     1
    4    23     1
    5    18     1
    6    26     1
    7     9     1
    0     0     2
    1    11     2
    2    20     2
    3     1     2
    4    14     2
    5     6     2
    0    15     3
    1    24     3
    2     5     3
    3    10     3
    4    13     3
    5    21     3
    6    22     3
    7     7     3
-1 -1 -1
dados_trab_4_30_struc_release_facil_09   time:      1.051  fo:     651.00
