dados_trab_4_30_struc_release_facil_02 4 30 e
    0     5     0
    1    14     0
    2    13     0
    3     1     0
    4    12     0
    5     3     0
    6     7     0
    7    28     0
    8     8     0
    0    19     1
    1    29     1
    2    22     1
    3    17     1
    4    23     1
    5    15     1
    6    18     1
    0    16     2
    1     4     2
    2     0     2
    3    26     2
    4    21     2
    5     9     2
    6    10     2
    0    24     3
    1    11     3
    2     6     3
    3    25     3
    4     2     3
    5    20     3
    6    27     3
-1 -1 -1
dados_trab_4_30_struc_release_facil_02   time:      0.695  fo:     680.00
