dados_trab_4_30_struc_release_facil_09 4 30 e
    0    17     0
    1    12     0
    2    27     0
    3    20     0
    4     1     0
    5    14     0
    6     6     0
    0     2     1
    1     3     1
    2     0     1
    3    11     1
    4    13     1
    5    21     1
    6    22     1
    7     8     1
    0     5     2
    1    19     2
    2    29     2
    3    28     2
    4    16     2
    5    23     2
    6    10     2
    7     7     2
    8     4     2
    0    15     3
    1    24     3
    2    25     3
    3    18     3
    4    26     3
    5     9     3
-1 -1 -1
dados_trab_4_30_struc_release_facil_09   time:      0.807  fo:     569.00
