dados_trab_4_30_struc_release_facil_04 4 30 e
    0    13     0
    1     2     0
    2     1     0
    3    23     0
    4    18     0
    5    17     0
    6    10     0
    7    16     0
    8    25     0
    9     8     0
    0    27     1
    1     3     1
    2    28     1
    3    11     1
    4     9     1
    5    24     1
    0    29     2
    1    26     2
    2     6     2
    3     7     2
    4    19     2
    5    15     2
    0    14     3
    1     0     3
    2     4     3
    3    22     3
    4    21     3
    5     5     3
    6    20     3
    7    12     3
-1 -1 -1
dados_trab_4_30_struc_release_facil_04   time:      0.631  fo:     644.00
