dados_trab_4_30_struc_release_facil_02 4 30 e
    0     5     0
    1    22     0
    2    17     0
    3    20     0
    4     9     0
    5    10     0
    0    24     1
    1    29     1
    2     0     1
    3    26     1
    4    21     1
    5    13     1
    6    15     1
    7    18     1
    0    19     2
    1    23     2
    2    16     2
    3     4     2
    4     1     2
    5    14     2
    6    28     2
    7     8     2
    0    11     3
    1     6     3
    2    25     3
    3     2     3
    4     7     3
    5    12     3
    6     3     3
    7    27     3
-1 -1 -1
dados_trab_4_30_struc_release_facil_02   time:      0.575  fo:     690.00
