dados_trab_4_30_struc_release_facil_01 4 30 e
    0    19     0
    1    26     0
    2    10     0
    3    11     0
    4     0     0
    5     6     0
    6     5     0
    7    13     0
    0     7     1
    1    29     1
    2    18     1
    3    22     1
    4     8     1
    5    25     1
    0     4     2
    1    27     2
    2    14     2
    3     9     2
    4     3     2
    5    16     2
    6    28     2
    0    21     3
    1    17     3
    2    12     3
    3     1     3
    4    20     3
    5    23     3
    6     2     3
    7    24     3
    8    15     3
-1 -1 -1
dados_trab_4_30_struc_release_facil_01   time:      0.679  fo:     648.00
