dados_trab_4_30_struc_release_facil_09 4 30 e
    0     2     0
    1     3     0
    2    24     0
    3    25     0
    4    18     0
    5    26     0
    6     9     0
    0    15     1
    1     0     1
    2    11     1
    3    13     1
    4    21     1
    5    22     1
    6     8     1
    0    17     2
    1    12     2
    2    27     2
    3    20     2
    4     7     2
    5     4     2
    0     5     3
    1    19     3
    2    29     3
    3    28     3
    4    16     3
    5    23     3
    6    10     3
    7     1     3
    8    14     3
    9     6     3
-1 -1 -1
dados_trab_4_30_struc_release_facil_09   time:      0.618  fo:     585.00
