dados_trab_4_30_struc_release_facil_05 4 30 e
    0    27     0
    1     3     0
    2     1     0
    3    23     0
    4     0     0
    5     7     0
    6    18     0
    0    26     1
    1     9     1
    2    16     1
    3    17     1
    4    20     1
    5    11     1
    6    28     1
    0    15     2
    1    13     2
    2    22     2
    3     6     2
    4    19     2
    5    21     2
    6    10     2
    0     5     3
    1    24     3
    2     4     3
    3    12     3
    4    25     3
    5    14     3
    6     2     3
    7     8     3
    8    29     3
-1 -1 -1
dados_trab_4_30_struc_release_facil_05   time:      1.068  fo:     627.00
