dados_trab_4_30_struc_release_facil_10 4 30 e
    0     2     0
    1    18     0
    2    22     0
    3    24     0
    4    27     0
    5    15     0
    6    26     0
    0    10     1
    1    11     1
    2    29     1
    3     4     1
    4     0     1
    5    28     1
    6    23     1
    7    16     1
    8    19     1
    0     8     2
    1     7     2
    2    14     2
    3    25     2
    4     5     2
    5    13     2
    0     3     3
    1     1     3
    2    12     3
    3     9     3
    4    17     3
    5    21     3
    6     6     3
    7    20     3
-1 -1 -1
dados_trab_4_30_struc_release_facil_10   time:      1.119  fo:     555.00
