dados_trab_4_30_struc_release_facil_10 4 30 e
    0     8     0
    1     7     0
    2    18     0
    3    22     0
    4    24     0
    5    27     0
    6    15     0
    7    26     0
    0    10     1
    1    11     1
    2    29     1
    3     4     1
    4     0     1
    5    28     1
    6    23     1
    7    16     1
    8    19     1
    0     2     2
    1     1     2
    2    12     2
    3     9     2
    4    17     2
    5    21     2
    6     6     2
    7    20     2
    0     3     3
    1    14     3
    2    25     3
    3     5     3
    4    13     3
-1 -1 -1
dados_trab_4_30_struc_release_facil_10   time:      1.518  fo:     555.00
