dados_trab_4_30_struc_release_facil_08 4 30 e
    0     2     0
    1    18     0
    2    12     0
    3    28     0
    4    25     0
    5    17     0
    6    26     0
    7    13     0
    0    14     1
    1    23     1
    2    20     1
    3    16     1
    4    24     1
    5    11     1
    0     5     2
    1     8     2
    2     3     2
    3     6     2
    4     9     2
    5     1     2
    6    27     2
    0    21     3
    1    15     3
    2    22     3
    3    29     3
    4     0     3
    5     7     3
    6     4     3
    7    19     3
    8    10     3
-1 -1 -1
dados_trab_4_30_struc_release_facil_08   time:      0.653  fo:     525.00
