dados_trab_4_30_struc_release_facil_05 4 30 e
    0    15     0
    1    13     0
    2    22     0
    3     6     0
    4    19     0
    5    29     0
    0     9     1
    1    16     1
    2    17     1
    3    25     1
    4    14     1
    5     1     1
    6    28     1
    0     5     2
    1    24     2
    2     4     2
    3    12     2
    4    11     2
    5    23     2
    6     0     2
    7     7     2
    8    18     2
    0    26     3
    1    20     3
    2     3     3
    3    27     3
    4     2     3
    5     8     3
    6    21     3
    7    10     3
-1 -1 -1
dados_trab_4_30_struc_release_facil_05   time:      0.696  fo:     634.00
