dados_trab_4_30_struc_release_facil_04 4 30 e
    0    14     0
    1     0     0
    2    17     0
    3    27     0
    4     3     0
    5    11     0
    6    10     0
    7    21     0
    8    15     0
    0    28     1
    1     7     1
    2    19     1
    3     9     1
    0    29     2
    1     5     2
    2     4     2
    3    26     2
    4    18     2
    5    20     2
    6    12     2
    7    24     2
    0    13     3
    1     2     3
    2     1     3
    3    22     3
    4    23     3
    5    16     3
    6    25     3
    7     6     3
    8     8     3
-1 -1 -1
dados_trab_4_30_struc_release_facil_04   time:      1.168  fo:     635.00
