dados_trab_4_30_struc_release_facil_07 4 30 e
    0    29     0
    1    10     0
    2     9     0
    3    22     0
    4    23     0
    5    28     0
    6    18     0
    7    19     0
    0    21     1
    1    26     1
    2    25     1
    3    13     1
    4    16     1
    5     7     1
    6    24     1
    7    12     1
    0     5     2
    1     4     2
    2    17     2
    3    11     2
    4     6     2
    5     3     2
    6     2     2
    7    14     2
    8     0     2
    0    20     3
    1    27     3
    2     8     3
    3    15     3
    4     1     3
-1 -1 -1
dados_trab_4_30_struc_release_facil_07   time:      0.956  fo:     579.00
