dados_trab_4_30_struc_release_facil_05 4 30 e
    0     5     0
    1    24     0
    2     4     0
    3    12     0
    4    11     0
    5    21     0
    6     0     0
    7    14     0
    8    10     0
    0     9     1
    1    16     1
    2    17     1
    3    20     1
    4     3     1
    5     1     1
    6    23     1
    7     7     1
    8    18     1
    0    26     2
    1    25     2
    2     2     2
    3     8     2
    4    29     2
    0    15     3
    1    27     3
    2    13     3
    3    22     3
    4     6     3
    5    19     3
    6    28     3
-1 -1 -1
dados_trab_4_30_struc_release_facil_05   time:      0.687  fo:     655.00
