dados_trab_4_30_struc_release_facil_10 4 30 e
    0     2     0
    1    18     0
    2    22     0
    3    24     0
    4    27     0
    5    15     0
    6    26     0
    0    10     1
    1     1     1
    2    12     1
    3     5     1
    4    23     1
    5    13     1
    0     8     2
    1     7     2
    2    11     2
    3    29     2
    4     4     2
    5     0     2
    6    28     2
    7    21     2
    8    16     2
    0     3     3
    1    14     3
    2    25     3
    3     9     3
    4    17     3
    5     6     3
    6    20     3
    7    19     3
-1 -1 -1
dados_trab_4_30_struc_release_facil_10   time:      0.788  fo:     553.00
