dados_trab_4_30_struc_release_facil_03 4 30 e
    0     5     0
    1    20     0
    2    19     0
    3    15     0
    4     1     0
    5    14     0
    6    26     0
    0    28     1
    1     6     1
    2     7     1
    3     2     1
    4     3     1
    5     4     1
    0    17     2
    1    11     2
    2    12     2
    3     9     2
    4    27     2
    5     0     2
    6    16     2
    7    13     2
    0     8     3
    1    29     3
    2    24     3
    3    21     3
    4    25     3
    5    23     3
    6    10     3
    7    18     3
    8    22     3
-1 -1 -1
dados_trab_4_30_struc_release_facil_03   time:      0.709  fo:     567.00
