dados_trab_4_40_struc_release_facil_06 4 40 e
    0    26     0
    1    34     0
    2    14     0
    3    11     0
    4    21     0
    5    16     0
    6     9     0
    7    10     0
    8     5     0
    9    15     0
   10    39     0
   11    31     0
    0     7     1
    1    28     1
    2    20     1
    3    18     1
    4    12     1
    5    23     1
    6    29     1
    7    30     1
    0    36     2
    1    22     2
    2     3     2
    3    27     2
    4    33     2
    5     0     2
    6     2     2
    7    37     2
    0    24     3
    1    35     3
    2     1     3
    3    32     3
    4    13     3
    5    25     3
    6     6     3
    7     4     3
    8    19     3
    9    17     3
   10    38     3
   11     8     3
-1 -1 -1
dados_trab_4_40_struc_release_facil_06   time:      1.586  fo:     757.00
