dados_trab_4_40_struc_release_facil_10 4 40 e
    0    15     0
    1    11     0
    2     3     0
    3    24     0
    4    22     0
    5    19     0
    0     7     1
    1    25     1
    2    33     1
    3     5     1
    4    29     1
    5    20     1
    6    12     1
    7    39     1
    8    16     1
    9     6     1
   10    23     1
   11    13     1
    0    32     2
    1     0     2
    2    34     2
    3    36     2
    4    27     2
    5    31     2
    6     8     2
    7    17     2
    8    21     2
    9    28     2
   10    10     2
    0    14     3
    1    35     3
    2    38     3
    3     9     3
    4    18     3
    5     4     3
    6     2     3
    7     1     3
    8    30     3
    9    26     3
   10    37     3
-1 -1 -1
dados_trab_4_40_struc_release_facil_10   time:      2.419  fo:     680.00
