dados_trab_4_40_struc_release_facil_03 4 40 e
    0    28     0
    1    13     0
    2     1     0
    3    29     0
    4     4     0
    5    22     0
    6     0     0
    7     7     0
    8    26     0
    9    10     0
   10    12     0
   11    34     0
    0    25     1
    1    27     1
    2    33     1
    3     6     1
    4    21     1
    5     2     1
    6    32     1
    7     5     1
    8    19     1
    0    15     2
    1     3     2
    2    18     2
    3    11     2
    4    23     2
    5    37     2
    6     9     2
    7    14     2
    8    39     2
    9    38     2
    0    35     3
    1    16     3
    2    36     3
    3    30     3
    4    31     3
    5    24     3
    6     8     3
    7    17     3
    8    20     3
-1 -1 -1
dados_trab_4_40_struc_release_facil_03   time:      1.431  fo:     751.00
