dados_trab_4_40_struc_release_facil_07 4 40 e
    0     8     0
    1    37     0
    2    12     0
    3     9     0
    4    24     0
    5    31     0
    6    30     0
    7    28     0
    8    11     0
    9    21     0
   10    15     0
    0    23     1
    1     2     1
    2    25     1
    3     1     1
    4    27     1
    5    38     1
    6     4     1
    7    17     1
    8     6     1
    9    13     1
   10    39     1
   11    22     1
    0    18     2
    1     0     2
    2     7     2
    3    14     2
    4    10     2
    5    26     2
    6     3     2
    7    20     2
    8    33     2
    0    32     3
    1    29     3
    2    19     3
    3     5     3
    4    34     3
    5    16     3
    6    35     3
    7    36     3
-1 -1 -1
dados_trab_4_40_struc_release_facil_07   time:      1.626  fo:     813.00
