dados_trab_4_40_struc_release_facil_02 4 40 e
    0    21     0
    1    17     0
    2     7     0
    3    15     0
    4    27     0
    5    26     0
    6    25     0
    7     8     0
    8    29     0
    9    11     0
   10    28     0
   11     0     0
    0    20     1
    1    32     1
    2    39     1
    3     4     1
    4    23     1
    5     3     1
    6    14     1
    0    16     2
    1    35     2
    2     5     2
    3    13     2
    4    30     2
    5    36     2
    6    24     2
    7    18     2
    8    37     2
    9     1     2
    0    19     3
    1     2     3
    2    33     3
    3    31     3
    4    12     3
    5    10     3
    6    38     3
    7     9     3
    8    34     3
    9    22     3
   10     6     3
-1 -1 -1
dados_trab_4_40_struc_release_facil_02   time:      1.558  fo:     771.00
