dados_trab_4_40_struc_release_facil_02 4 40 e
    0    16     0
    1    21     0
    2    17     0
    3    27     0
    4    26     0
    5    25     0
    6     8     0
    7    29     0
    8    24     0
    9     0     0
    0    19     1
    1    12     1
    2     2     1
    3    32     1
    4    10     1
    5    37     1
    6    13     1
    7    23     1
    8     3     1
    9    28     1
   10    18     1
   11     6     1
    0    20     2
    1    33     2
    2    31     2
    3     5     2
    4    15     2
    5     9     2
    6    34     2
    7    22     2
    8    14     2
    9     7     2
    0    35     3
    1    38     3
    2    39     3
    3     4     3
    4    36     3
    5    30     3
    6    11     3
    7     1     3
-1 -1 -1
dados_trab_4_40_struc_release_facil_02   time:      1.643  fo:     784.00
