dados_trab_4_40_struc_release_facil_07 4 40 e
    0    18     0
    1    32     0
    2    13     0
    3     3     0
    4     5     0
    5    24     0
    6    31     0
    7    30     0
    8    28     0
    9    22     0
    0     8     1
    1    35     1
    2    27     1
    3    38     1
    4    39     1
    5     4     1
    6    20     1
    7    33     1
    0    23     2
    1    25     2
    2     2     2
    3     0     2
    4     9     2
    5    14     2
    6    26     2
    7    11     2
    8    21     2
    9    15     2
    0    29     3
    1     1     3
    2    17     3
    3    19     3
    4    37     3
    5    12     3
    6     6     3
    7     7     3
    8    10     3
    9    34     3
   10    16     3
   11    36     3
-1 -1 -1
dados_trab_4_40_struc_release_facil_07   time:      1.285  fo:     779.00
