dados_trab_4_40_struc_release_facil_02 4 40 e
    0    16     0
    1    21     0
    2    17     0
    3    33     0
    4    31     0
    5     5     0
    6    37     0
    7    26     0
    8    25     0
    9     3     0
   10    28     0
   11    18     0
   12    11     0
    0    20     1
    1    32     1
    2    10     1
    3    39     1
    4    27     1
    5     9     1
    6     1     1
    7     8     1
    8    14     1
    0    19     2
    1    12     2
    2     2     2
    3     7     2
    4    15     2
    5     4     2
    6    36     2
    7    29     2
    8    34     2
    9    22     2
   10     6     2
    0    35     3
    1    38     3
    2    13     3
    3    30     3
    4    24     3
    5     0     3
    6    23     3
-1 -1 -1
dados_trab_4_40_struc_release_facil_02   time:      2.365  fo:     791.00
