dados_trab_4_40_struc_release_facil_05 4 40 e
    0    31     0
    1    22     0
    2    20     0
    3    28     0
    4    12     0
    5    18     0
    6    21     0
    7    23     0
    8    13     0
    9    39     0
    0    19     1
    1    24     1
    2    16     1
    3    29     1
    4     0     1
    5    15     1
    6    11     1
    0     1     2
    1    33     2
    2    36     2
    3    30     2
    4    32     2
    5    34     2
    6    10     2
    7     5     2
    8     9     2
    9    27     2
   10     6     2
   11    26     2
    0    25     3
    1     7     3
    2    35     3
    3    38     3
    4     8     3
    5     2     3
    6     3     3
    7    37     3
    8    17     3
    9    14     3
   10     4     3
-1 -1 -1
dados_trab_4_40_struc_release_facil_05   time:      1.992  fo:     772.00
