dados_trab_4_40_struc_release_facil_10 4 40 e
    0    14     0
    1     3     0
    2    27     0
    3    21     0
    4    24     0
    5     2     0
    6     1     0
    7    26     0
    8     6     0
    0     7     1
    1    25     1
    2    33     1
    3    32     1
    4    35     1
    5    29     1
    6    20     1
    7     5     1
    8    23     1
    9    10     1
   10    28     1
   11    37     1
    0    16     2
    1    38     2
    2     9     2
    3    36     2
    4    34     2
    5    17     2
    6    31     2
    7     8     2
    8    22     2
    9    19     2
    0    15     3
    1    18     3
    2     4     3
    3     0     3
    4    13     3
    5    12     3
    6    11     3
    7    39     3
    8    30     3
-1 -1 -1
dados_trab_4_40_struc_release_facil_10   time:      1.444  fo:     711.00
