dados_trab_4_40_struc_release_facil_06 4 40 e
    0     3     0
    1    32     0
    2    11     0
    3    10     0
    4    33     0
    5     0     0
    6    20     0
    7    38     0
    8     8     0
    0    36     1
    1    22     1
    2     7     1
    3     4     1
    4     6     1
    5    15     1
    6    39     1
    7    31     1
    0    35     2
    1     1     2
    2    27     2
    3    28     2
    4    18     2
    5     5     2
    6    37     2
    7    12     2
    8    23     2
    9    29     2
   10    30     2
    0    24     3
    1    26     3
    2    14     3
    3    34     3
    4    13     3
    5    16     3
    6     9     3
    7    19     3
    8    17     3
    9    21     3
   10    25     3
   11     2     3
-1 -1 -1
dados_trab_4_40_struc_release_facil_06   time:      1.053  fo:     745.00
