dados_trab_4_40_struc_release_facil_01 4 40 e
    0    12     0
    1    15     0
    2    20     0
    3    34     0
    4    36     0
    5     3     0
    6    25     0
    7     5     0
    8    16     0
    9     7     0
   10    13     0
    0    38     1
    1    14     1
    2     8     1
    3     4     1
    4    28     1
    5     1     1
    6    26     1
    7    33     1
    8    22     1
    0    27     2
    1    31     2
    2    39     2
    3    21     2
    4    19     2
    5    10     2
    6     9     2
    7    24     2
    8    32     2
    9    23     2
    0     6     3
    1    29     3
    2    11     3
    3    17     3
    4    37     3
    5     2     3
    6     0     3
    7    30     3
    8    18     3
    9    35     3
-1 -1 -1
dados_trab_4_40_struc_release_facil_01   time:      1.031  fo:     754.00
