dados_trab_4_40_struc_release_facil_03 4 40 e
    0    11     0
    1    13     0
    2    30     0
    3    31     0
    4     6     0
    5    21     0
    6     7     0
    7    26     0
    8     2     0
    9    32     0
   10    38     0
    0    15     1
    1    23     1
    2     3     1
    3    18     1
    4    10     1
    5    12     1
    6    24     1
    7    20     1
    0    35     2
    1    16     2
    2    36     2
    3    33     2
    4    22     2
    5     0     2
    6    37     2
    7    34     2
    8    19     2
    0    28     3
    1    25     3
    2    27     3
    3     1     3
    4    29     3
    5     4     3
    6     9     3
    7    14     3
    8     8     3
    9    17     3
   10    39     3
   11     5     3
-1 -1 -1
dados_trab_4_40_struc_release_facil_03   time:      2.601  fo:     741.00
