dados_trab_4_40_struc_release_facil_04 4 40 e
    0    12     0
    1     8     0
    2     0     0
    3    35     0
    4     6     0
    5    13     0
    6     3     0
    7    34     0
    8     2     0
    0    16     1
    1    18     1
    2     9     1
    3    38     1
    4    27     1
    5    22     1
    6    11     1
    7    19     1
    8    36     1
    9     5     1
   10    26     1
    0    24     2
    1    23     2
    2    30     2
    3     1     2
    4    29     2
    5    25     2
    6    37     2
    7    31     2
    8    32     2
    0     7     3
    1    14     3
    2    28     3
    3    20     3
    4     4     3
    5    33     3
    6    21     3
    7    17     3
    8    10     3
    9    15     3
   10    39     3
-1 -1 -1
dados_trab_4_40_struc_release_facil_04   time:      1.505  fo:     784.00
