dados_trab_4_40_struc_release_facil_09 4 40 e
    0    12     0
    1    28     0
    2    18     0
    3    16     0
    4    11     0
    5     6     0
    6     2     0
    7     0     0
    8    37     0
    9     3     0
   10    20     0
    0    30     1
    1    14     1
    2    25     1
    3    21     1
    4     1     1
    5    10     1
    6     4     1
    7     7     1
    8    22     1
    0    34     2
    1    38     2
    2    32     2
    3    35     2
    4    19     2
    5    27     2
    6    31     2
    7     9     2
    8    13     2
    9    26     2
    0    23     3
    1    17     3
    2    39     3
    3    24     3
    4    15     3
    5    29     3
    6     5     3
    7     8     3
    8    36     3
    9    33     3
-1 -1 -1
dados_trab_4_40_struc_release_facil_09   time:      1.469  fo:     819.00
