dados_trab_4_40_struc_release_facil_01 4 40 e
    0    12     0
    1    15     0
    2    31     0
    3    17     0
    4     1     0
    5    26     0
    6    37     0
    7    32     0
    8    23     0
    0    20     1
    1    34     1
    2    36     1
    3     4     1
    4    19     1
    5    11     1
    6     7     1
    7    33     1
    0    21     2
    1    27     2
    2    13     2
    3     8     2
    4    10     2
    5     6     2
    6     3     2
    7    25     2
    8     5     2
    9    16     2
   10     2     2
   11    22     2
    0    38     3
    1    14     3
    2    39     3
    3     9     3
    4    24     3
    5    29     3
    6    18     3
    7    28     3
    8     0     3
    9    30     3
   10    35     3
-1 -1 -1
dados_trab_4_40_struc_release_facil_01   time:      1.331  fo:     763.00
