dados_trab_4_40_struc_release_facil_09 4 40 e
    0    12     0
    1    30     0
    2    28     0
    3    19     0
    4    11     0
    5    10     0
    6     4     0
    7     7     0
    8    22     0
    0    17     1
    1    39     1
    2     1     1
    3    21     1
    4     9     1
    5     5     1
    6     8     1
    7     6     1
    8    33     1
    0    34     2
    1    38     2
    2    24     2
    3    35     2
    4    18     2
    5    16     2
    6     0     2
    7    37     2
    8     3     2
    9     2     2
   10    36     2
   11    20     2
    0    23     3
    1    14     3
    2    25     3
    3    29     3
    4    15     3
    5    32     3
    6    27     3
    7    31     3
    8    13     3
    9    26     3
-1 -1 -1
dados_trab_4_40_struc_release_facil_09   time:      1.228  fo:     826.00
