dados_trab_4_50_struc_release_facil_05 4 50 e
    0    26     0
    1    16     0
    2     1     0
    3    32     0
    4    20     0
    5    22     0
    6    42     0
    7     2     0
    8     8     0
    9    40     0
   10     5     0
    0     9     1
    1    10     1
    2    45     1
    3    11     1
    4    39     1
    5    23     1
    6    30     1
    7    21     1
    8     0     1
    9    15     1
   10    34     1
   11    48     1
    0    31     2
    1    37     2
    2    41     2
    3    28     2
    4    46     2
    5    38     2
    6    49     2
    7    19     2
    8    14     2
    9     3     2
   10    43     2
   11    18     2
   12     6     2
    0    13     3
    1    17     3
    2    33     3
    3    24     3
    4    29     3
    5    36     3
    6    35     3
    7    27     3
    8     7     3
    9    25     3
   10    12     3
   11    44     3
   12    47     3
   13     4     3
-1 -1 -1
dados_trab_4_50_struc_release_facil_05   time:      3.769  fo:     928.00
