dados_trab_4_50_struc_release_facil_02 4 50 e
    0    35     0
    1     1     0
    2    34     0
    3    47     0
    4     3     0
    5     0     0
    6    14     0
    7    23     0
    8    25     0
    9    40     0
   10    18     0
   11    42     0
   12    29     0
    0    38     1
    1     8     1
    2    37     1
    3    22     1
    4    48     1
    5     2     1
    6    13     1
    7    17     1
    8    19     1
    9    30     1
   10    44     1
   11    43     1
   12    36     1
   13    46     1
    0    10     2
    1     7     2
    2    16     2
    3    41     2
    4     6     2
    5    11     2
    6    32     2
    7    26     2
    8    27     2
    9    31     2
   10    49     2
    0    28     3
    1    20     3
    2     9     3
    3     4     3
    4    39     3
    5     5     3
    6    21     3
    7    24     3
    8    33     3
    9    12     3
   10    45     3
   11    15     3
-1 -1 -1
dados_trab_4_50_struc_release_facil_02   time:      2.504  fo:     965.00
