dados_trab_4_50_struc_release_facil_02 4 50 e
    0    35     0
    1    34     0
    2    48     0
    3     2     0
    4    30     0
    5    23     0
    6    32     0
    7    45     0
    8    27     0
    9    31     0
   10    49     0
    0    38     1
    1     8     1
    2    22     1
    3    14     1
    4    16     1
    5    13     1
    6     6     1
    7    39     1
    8    21     1
    9    25     1
   10    40     1
   11    18     1
   12    44     1
   13    43     1
    0    10     2
    1    20     2
    2     5     2
    3    41     2
    4    37     2
    5    42     2
    6    24     2
    7    29     2
    0    28     3
    1     3     3
    2     1     3
    3    47     3
    4     9     3
    5     4     3
    6     0     3
    7    19     3
    8    26     3
    9     7     3
   10    33     3
   11    15     3
   12    11     3
   13    12     3
   14    17     3
   15    36     3
   16    46     3
-1 -1 -1
dados_trab_4_50_struc_release_facil_02   time:      3.717  fo:     952.00
