dados_trab_4_50_struc_release_facil_03 4 50 e
    0    15     0
    1     2     0
    2     6     0
    3    31     0
    4    10     0
    5    48     0
    6    25     0
    7    35     0
    8    37     0
    9    49     0
   10    14     0
   11     5     0
   12    41     0
   13    44     0
    0    30     1
    1    32     1
    2    29     1
    3    34     1
    4     1     1
    5    16     1
    6    20     1
    7    46     1
    8    24     1
    9     0     1
   10    13     1
   11    36     1
   12    19     1
   13     8     1
    0     4     2
    1     3     2
    2    17     2
    3    38     2
    4    22     2
    5    47     2
    6    18     2
    7    33     2
    8    43     2
    9    23     2
   10     7     2
   11    45     2
   12    42     2
    0    39     3
    1     9     3
    2    40     3
    3    26     3
    4    12     3
    5    11     3
    6    27     3
    7    28     3
    8    21     3
-1 -1 -1
dados_trab_4_50_struc_release_facil_03   time:      2.227  fo:     922.00
