dados_trab_4_50_struc_release_facil_05 4 50 e
    0    13     0
    1    18     0
    2    20     0
    3    42     0
    4    12     0
    5    16     0
    6    49     0
    7    19     0
    8     0     0
    9    39     0
   10    23     0
   11    30     0
   12    21     0
   13    15     0
    0    31     1
    1    41     1
    2    28     1
    3    33     1
    4    37     1
    5    46     1
    6    38     1
    7     7     1
    8    25     1
    9     2     1
   10     8     1
   11    34     1
   12    48     1
    0     9     2
    1    22     2
    2    26     2
    3    24     2
    4    29     2
    5     1     2
    6    32     2
    7     6     2
    8    44     2
    9    47     2
   10     4     2
   11    40     2
   12    14     2
    0    43     3
    1    45     3
    2    17     3
    3    36     3
    4    35     3
    5    27     3
    6    11     3
    7    10     3
    8     3     3
    9     5     3
-1 -1 -1
dados_trab_4_50_struc_release_facil_05   time:      3.445  fo:     905.00
