dados_trab_4_50_struc_release_facil_01 4 50 e
    0    44     0
    1     5     0
    2    32     0
    3     3     0
    4    42     0
    5    24     0
    6    49     0
    7    35     0
    8    18     0
    9    31     0
   10     6     0
   11    11     0
   12     9     0
   13    45     0
    0     4     1
    1    46     1
    2    27     1
    3    37     1
    4     0     1
    5    38     1
    6    25     1
    7    22     1
    8    21     1
    9    26     1
   10    41     1
   11    23     1
   12    30     1
    0    47     2
    1     7     2
    2    12     2
    3    28     2
    4    13     2
    5    33     2
    6    10     2
    7    15     2
    8    16     2
    9    48     2
   10    43     2
    0    36     3
    1    40     3
    2    17     3
    3    20     3
    4     8     3
    5    14     3
    6    34     3
    7    19     3
    8    39     3
    9     1     3
   10     2     3
   11    29     3
-1 -1 -1
dados_trab_4_50_struc_release_facil_01   time:      2.626  fo:     900.00
