dados_trab_4_50_struc_release_facil_05 4 50 e
    0    13     0
    1    18     0
    2    12     0
    3    45     0
    4    32     0
    5    34     0
    6     6     0
    7     0     0
    8    39     0
    9     2     0
   10     8     0
    0    31     1
    1    41     1
    2    28     1
    3    33     1
    4    29     1
    5    46     1
    6    38     1
    7     9     1
    8    14     1
    9    48     1
   10     3     1
   11     5     1
    0    26     2
    1    24     2
    2    16     2
    3     1     2
    4    43     2
    5    10     2
    6    11     2
    7    44     2
    8    49     2
    9     4     2
   10    40     2
    0    37     3
    1    20     3
    2    22     3
    3    42     3
    4    36     3
    5    35     3
    6    17     3
    7    27     3
    8     7     3
    9    25     3
   10    23     3
   11    30     3
   12    21     3
   13    15     3
   14    19     3
   15    47     3
-1 -1 -1
dados_trab_4_50_struc_release_facil_05   time:      2.394  fo:     917.00
