dados_trab_4_50_struc_release_facil_05 4 50 e
    0    31     0
    1    37     0
    2    10     0
    3    45     0
    4    11     0
    5     6     0
    6     0     0
    7    39     0
    8    23     0
    9    30     0
   10    40     0
   11     7     0
   12     4     0
    0    24     1
    1    16     1
    2    25     1
    3    49     1
    4    19     1
    5    12     1
    6    44     1
    7    47     1
    8     9     1
    9    46     1
   10    14     1
    0    13     2
    1    17     2
    2    18     2
    3    26     2
    4    22     2
    5    42     2
    6    36     2
    7    43     2
    8    35     2
    9    27     2
   10    48     2
   11     3     2
   12     5     2
   13    34     2
    0    41     3
    1    28     3
    2    33     3
    3    29     3
    4     1     3
    5    32     3
    6    20     3
    7    38     3
    8     2     3
    9     8     3
   10    21     3
   11    15     3
-1 -1 -1
dados_trab_4_50_struc_release_facil_05   time:      3.856  fo:     922.00
