dados_trab_4_50_struc_release_facil_02 4 50 e
    0    28     0
    1    22     0
    2    14     0
    3    48     0
    4    17     0
    5     2     0
    6    30     0
    7    23     0
    8    25     0
    9    42     0
   10    18     0
   11    21     0
   12    40     0
    0    34     1
    1     7     1
    2    16     1
    3    13     1
    4    10     1
    5    39     1
    6    26     1
    7    32     1
    8    45     1
    9    43     1
   10    29     1
    0    35     2
    1     1     2
    2    47     2
    3    20     2
    4     5     2
    5    41     2
    6     6     2
    7    11     2
    8    12     2
    9    24     2
   10    44     2
   11    15     2
   12    36     2
   13    46     2
    0    38     3
    1    37     3
    2     3     3
    3     8     3
    4     9     3
    5     4     3
    6     0     3
    7    19     3
    8    33     3
    9    27     3
   10    31     3
   11    49     3
-1 -1 -1
dados_trab_4_50_struc_release_facil_02   time:      2.882  fo:     947.00
