dados_trab_4_50_struc_release_facil_01 4 50 e
    0     4     0
    1    42     0
    2    18     0
    3     0     0
    4    24     0
    5    21     0
    6    26     0
    7    41     0
    8    23     0
    9    30     0
    0     5     1
    1    32     1
    2     3     1
    3    46     1
    4    27     1
    5    37     1
    6    35     1
    7     6     1
    8    49     1
    9    14     1
   10    34     1
   11    10     1
   12    15     1
   13    16     1
    0    47     2
    1     7     2
    2    12     2
    3    28     2
    4    13     2
    5    33     2
    6    38     2
    7    25     2
    8    22     2
    9    31     2
   10    48     2
   11    43     2
    0    44     3
    1    36     3
    2    40     3
    3    17     3
    4     8     3
    5    20     3
    6    19     3
    7    39     3
    8     1     3
    9     2     3
   10    29     3
   11    11     3
   12     9     3
   13    45     3
-1 -1 -1
dados_trab_4_50_struc_release_facil_01   time:      3.449  fo:     902.00
