dados_trab_4_50_struc_release_facil_06 4 50 e
    0    23     0
    1    49     0
    2    25     0
    3     3     0
    4    43     0
    5    12     0
    6     2     0
    7    28     0
    8    35     0
    9    20     0
   10    19     0
   11    42     0
   12    48     0
    0     0     1
    1    30     1
    2     1     1
    3    31     1
    4     6     1
    5    15     1
    6    21     1
    7    36     1
    8     7     1
    9    44     1
   10    39     1
   11    18     1
   12    22     1
   13    34     1
    0     8     2
    1    27     2
    2    10     2
    3    14     2
    4    29     2
    5    45     2
    6    32     2
    7    46     2
    8    40     2
    9    37     2
   10    38     2
    0    13     3
    1    26     3
    2    11     3
    3     4     3
    4    47     3
    5    17     3
    6     5     3
    7    33     3
    8     9     3
    9    41     3
   10    16     3
   11    24     3
-1 -1 -1
dados_trab_4_50_struc_release_facil_06   time:      1.757  fo:     915.00
