dados_trab_4_50_struc_release_facil_05 4 50 e
    0    13     0
    1    18     0
    2    26     0
    3     1     0
    4    43     0
    5    35     0
    6    17     0
    7    10     0
    8    11     0
    9     6     0
   10     0     0
   11    44     0
   12    47     0
   13    27     0
   14     7     0
   15     9     0
    0    16     1
    1    25     1
    2    12     1
    3    34     1
    4    32     1
    5    20     1
    6    42     1
    7     2     1
    8    46     1
    9     8     1
    0    41     2
    1    28     2
    2    33     2
    3    29     2
    4    22     2
    5    38     2
    6    49     2
    7    19     2
    8    14     2
    9    48     2
   10    39     2
   11    30     2
   12    21     2
   13    15     2
    0    31     3
    1    37     3
    2    45     3
    3    36     3
    4    24     3
    5     3     3
    6     5     3
    7    40     3
    8    23     3
    9     4     3
-1 -1 -1
dados_trab_4_50_struc_release_facil_05   time:      3.209  fo:     935.00
