dados_trab_4_50_struc_release_facil_04 4 50 e
    0     5     0
    1    23     0
    2    15     0
    3    19     0
    4    20     0
    5    38     0
    6    34     0
    7    48     0
    8    12     0
    9    42     0
   10    26     0
   11     9     0
    0     7     1
    1    29     1
    2     3     1
    3    22     1
    4    37     1
    5    36     1
    6    17     1
    7     6     1
    8    39     1
    9     4     1
   10    31     1
   11    44     1
   12    46     1
   13    27     1
   14    32     1
    0    43     2
    1    14     2
    2    41     2
    3    30     2
    4    45     2
    5     0     2
    6    11     2
    7    13     2
    8    40     2
    9     1     2
   10    10     2
    0    47     3
    1    33     3
    2    16     3
    3     8     3
    4    21     3
    5    25     3
    6    18     3
    7     2     3
    8    24     3
    9    28     3
   10    49     3
   11    35     3
-1 -1 -1
dados_trab_4_50_struc_release_facil_04   time:      3.523  fo:     929.00
