dados_trab_4_50_struc_release_facil_03 4 50 e
    0    30     0
    1    32     0
    2     3     0
    3    17     0
    4     7     0
    5    20     0
    6    18     0
    7    46     0
    8    35     0
    9    37     0
   10    23     0
   11    36     0
   12    19     0
   13     8     0
    0    29     1
    1    34     1
    2    10     1
    3    31     1
    4    28     1
    5    40     1
    6    33     1
    7    43     1
    8    14     1
    9    24     1
   10    12     1
   11    41     1
   12    44     1
    0     2     2
    1     6     2
    2     4     2
    3     9     2
    4    22     2
    5    16     2
    6    47     2
    7    26     2
    8    45     2
    9    42     2
   10    11     2
    0    15     3
    1    48     3
    2    38     3
    3     1     3
    4     5     3
    5     0     3
    6    13     3
    7    21     3
    8    49     3
    9    39     3
   10    27     3
   11    25     3
-1 -1 -1
dados_trab_4_50_struc_release_facil_03   time:      3.386  fo:     895.00
