dados_trab_4_50_struc_release_facil_05 4 50 e
    0     9     0
    1    18     0
    2    26     0
    3    37     0
    4    20     0
    5    35     0
    6    11     0
    7    44     0
    8    27     0
    9    12     0
   10    40     0
   11     5     0
    0    13     1
    1    41     1
    2    28     1
    3    22     1
    4    42     1
    5    36     1
    6    32     1
    7    43     1
    8    14     1
    9     3     1
   10    30     1
   11    21     1
   12    15     1
    0    33     2
    1     1     2
    2    24     2
    3    29     2
    4    16     2
    5     6     2
    6     0     2
    7    39     2
    8     2     2
    9     8     2
   10    34     2
   11    48     2
    0    31     3
    1    10     3
    2    45     3
    3    17     3
    4    46     3
    5    38     3
    6     7     3
    7    25     3
    8    23     3
    9    49     3
   10    19     3
   11    47     3
   12     4     3
-1 -1 -1
dados_trab_4_50_struc_release_facil_05   time:      3.376  fo:     903.00
