dados_trab_4_50_struc_release_facil_02 4 50 e
    0    35     0
    1     1     0
    2    10     0
    3     7     0
    4    16     0
    5    13     0
    6    17     0
    7     2     0
    8    23     0
    9    44     0
   10    43     0
   11    29     0
    0    38     1
    1    28     1
    2    20     1
    3     3     1
    4     0     1
    5    19     1
    6    37     1
    7     6     1
    8    11     1
    9    32     1
   10    40     1
   11    18     1
   12    15     1
   13    36     1
   14    46     1
    0     8     2
    1    47     2
    2    22     2
    3    14     2
    4    48     2
    5    21     2
    6    25     2
    7    30     2
    8    45     2
    9    12     2
   10    42     2
   11    33     2
    0    34     3
    1     9     3
    2     5     3
    3    41     3
    4     4     3
    5    39     3
    6    26     3
    7    27     3
    8    31     3
    9    24     3
   10    49     3
-1 -1 -1
dados_trab_4_50_struc_release_facil_02   time:      4.645  fo:     949.00
