dados_trab_5_30_struc_release_facil_07 5 30 e
    0    20     0
    1    24     0
    2    14     0
    3    28     0
    4    12     0
    0    19     1
    1     7     1
    2    26     1
    3     6     1
    4    29     1
    5    17     1
    0    27     2
    1     9     2
    2     1     2
    3    21     2
    4    25     2
    0    23     3
    1     3     3
    2     4     3
    3    15     3
    4    13     3
    5     2     3
    6    11     3
    7    22     3
    0     0     4
    1     8     4
    2    16     4
    3    18     4
    4     5     4
    5    10     4
-1 -1 -1
dados_trab_5_30_struc_release_facil_07   time:      0.744  fo:     413.00
