dados_trab_5_30_struc_release_facil_02 5 30 e
    0     0     0
    1    14     0
    2    19     0
    3    15     0
    4    18     0
    5     1     0
    6     3     0
    0    22     1
    1    11     1
    2     4     1
    3    26     1
    4    27     1
    5    21     1
    0    25     2
    1    16     2
    2    20     2
    3    28     2
    4    10     2
    0     6     3
    1     2     3
    2     9     3
    3     7     3
    4    29     3
    5    24     3
    6    17     3
    0    12     4
    1     8     4
    2    13     4
    3    23     4
    4     5     4
-1 -1 -1
dados_trab_5_30_struc_release_facil_02   time:      0.639  fo:     548.00
