dados_trab_5_30_struc_release_facil_04 5 30 e
    0    15     0
    1    20     0
    2     3     0
    3    16     0
    4     9     0
    5    29     0
    0     2     1
    1    26     1
    2     0     1
    3    27     1
    4     4     1
    5    14     1
    0     6     2
    1    25     2
    2    12     2
    3    10     2
    0    11     3
    1    23     3
    2    18     3
    3    22     3
    4    21     3
    5    19     3
    6    28     3
    7     7     3
    0    17     4
    1     5     4
    2     8     4
    3    13     4
    4    24     4
    5     1     4
-1 -1 -1
dados_trab_5_30_struc_release_facil_04   time:      0.851  fo:     484.00
