dados_trab_5_30_struc_release_facil_05 5 30 e
    0    28     0
    1     3     0
    2    24     0
    3    27     0
    4    16     0
    5    10     0
    6     9     0
    7     4     0
    8    18     0
    0     2     1
    1    21     1
    2    20     1
    3    12     1
    4    29     1
    0    19     2
    1     6     2
    2     1     2
    3    22     2
    4     7     2
    0    25     3
    1    15     3
    2    17     3
    3    13     3
    4    23     3
    0     5     4
    1    14     4
    2     0     4
    3     8     4
    4    11     4
    5    26     4
-1 -1 -1
dados_trab_5_30_struc_release_facil_05   time:      1.378  fo:     507.00
