dados_trab_5_30_struc_release_facil_04 5 30 e
    0    11     0
    1    23     0
    2    18     0
    3    22     0
    4    21     0
    5    19     0
    6     5     0
    7     1     0
    0    17     1
    1     0     1
    2    13     1
    3     4     1
    4    14     1
    0     6     2
    1    25     2
    2    24     2
    3     9     2
    4    29     2
    0    15     3
    1    20     3
    2     2     3
    3    16     3
    4    12     3
    5    28     3
    6     7     3
    0     3     4
    1     8     4
    2    27     4
    3    26     4
    4    10     4
-1 -1 -1
dados_trab_5_30_struc_release_facil_04   time:      0.609  fo:     466.00
