dados_trab_5_30_struc_release_facil_10 5 30 e
    0    16     0
    1    15     0
    2     9     0
    3     4     0
    4    29     0
    0    25     1
    1    11     1
    2    28     1
    3    17     1
    4    20     1
    5    13     1
    0    23     2
    1    18     2
    2    10     2
    3     2     2
    4     5     2
    5     6     2
    0    14     3
    1     7     3
    2     8     3
    3    12     3
    4     0     3
    5    26     3
    6     1     3
    0    24     4
    1    19     4
    2     3     4
    3    21     4
    4    27     4
    5    22     4
-1 -1 -1
dados_trab_5_30_struc_release_facil_10   time:      0.558  fo:     506.00
