dados_trab_5_30_struc_release_facil_04 5 30 e
    0    11     0
    1    23     0
    2    18     0
    3    22     0
    4    21     0
    5    19     0
    6    28     0
    7     7     0
    8    14     0
    9     1     0
    0     6     1
    1    25     1
    2    24     1
    3     0     1
    4    13     1
    5    29     1
    0    17     2
    1     2     2
    2     3     2
    3    26     2
    4     9     2
    0    15     3
    1    16     3
    2    12     3
    3    10     3
    0    20     4
    1     5     4
    2     8     4
    3    27     4
    4     4     4
-1 -1 -1
dados_trab_5_30_struc_release_facil_04   time:      0.636  fo:     482.00
