dados_trab_5_30_struc_release_facil_08 5 30 e
    0    13     0
    1     5     0
    2     6     0
    3    20     0
    4    21     0
    5     3     0
    0     2     1
    1    14     1
    2     1     1
    3     9     1
    4    28     1
    5    16     1
    6     4     1
    7    17     1
    0    24     2
    1     0     2
    2    15     2
    3    12     2
    0    10     3
    1    22     3
    2    19     3
    3    29     3
    4    23     3
    5    27     3
    6    25     3
    7     8     3
    0    26     4
    1    11     4
    2    18     4
    3     7     4
-1 -1 -1
dados_trab_5_30_struc_release_facil_08   time:      0.495  fo:     489.00
