dados_trab_5_30_struc_release_facil_08 5 30 e
    0    22     0
    1    20     0
    2    27     0
    3    21     0
    4     3     0
    0    10     1
    1    28     1
    2    26     1
    3    19     1
    4    29     1
    5    23     1
    6    17     1
    0     4     2
    1    24     2
    2    15     2
    3     9     2
    0     2     3
    1    14     3
    2     1     3
    3    11     3
    4    18     3
    5    16     3
    6     7     3
    0     5     4
    1     0     4
    2     6     4
    3    13     4
    4    12     4
    5    25     4
    6     8     4
-1 -1 -1
dados_trab_5_30_struc_release_facil_08   time:      0.986  fo:     492.00
