dados_trab_5_30_struc_release_facil_03 5 30 e
    0    22     0
    1     2     0
    2     4     0
    3     6     0
    4    12     0
    5     9     0
    6     7     0
    7     5     0
    0    23     1
    1     3     1
    2    26     1
    3     1     1
    4    14     1
    5    10     1
    0    18     2
    1    29     2
    2     8     2
    3     0     2
    4    27     2
    0    16     3
    1    11     3
    2    20     3
    3    17     3
    4    25     3
    5    21     3
    0    19     4
    1    28     4
    2    15     4
    3    13     4
    4    24     4
-1 -1 -1
dados_trab_5_30_struc_release_facil_03   time:      0.581  fo:     448.00
