dados_trab_5_30_struc_release_facil_06 5 30 e
    0    28     0
    1     1     0
    2    26     0
    3     5     0
    4    13     0
    5    16     0
    6     2     0
    0    15     1
    1    24     1
    2    29     1
    3     3     1
    4     8     1
    0    14     2
    1    10     2
    2     6     2
    3    27     2
    4    20     2
    5    25     2
    0     4     3
    1     0     3
    2    23     3
    3     9     3
    4    11     3
    5    17     3
    6    21     3
    7    18     3
    0    12     4
    1    19     4
    2    22     4
    3     7     4
-1 -1 -1
dados_trab_5_30_struc_release_facil_06   time:      1.355  fo:     508.00
