dados_trab_5_30_struc_release_facil_02 5 30 e
    0     0     0
    1    14     0
    2    15     0
    3    26     0
    4    13     0
    5    11     0
    6     5     0
    0    25     1
    1    16     1
    2    12     1
    3    23     1
    4     4     1
    5    29     1
    6    24     1
    7    17     1
    0     8     2
    1    22     2
    2    20     2
    3     1     2
    4    27     2
    5    21     2
    0    18     3
    1    28     3
    2    10     3
    0     6     4
    1     2     4
    2     9     4
    3     7     4
    4    19     4
    5     3     4
-1 -1 -1
dados_trab_5_30_struc_release_facil_02   time:      1.691  fo:     530.00
