dados_trab_5_30_struc_release_facil_08 5 30 e
    0    10     0
    1    22     0
    2    20     0
    3    29     0
    4    27     0
    0     2     1
    1    14     1
    2     1     1
    3    25     1
    4    16     1
    5     4     1
    6    12     1
    7     8     1
    0     5     2
    1     0     2
    2     6     2
    3    15     2
    4    21     2
    5    23     2
    6    17     2
    0    19     3
    1    26     3
    2    11     3
    3     7     3
    0    24     4
    1    28     4
    2    13     4
    3    18     4
    4     9     4
    5     3     4
-1 -1 -1
dados_trab_5_30_struc_release_facil_08   time:      0.511  fo:     491.00
