dados_trab_5_30_struc_release_facil_05 5 30 e
    0    28     0
    1     2     0
    2    21     0
    3    27     0
    4    25     0
    5     8     0
    6    23     0
    0    16     1
    1    10     1
    2     9     1
    3     4     1
    4    12     1
    5    18     1
    0    15     2
    1    17     2
    2    13     2
    3    29     2
    0     3     3
    1    19     3
    2    24     3
    3     6     3
    4     1     3
    5    11     3
    6    26     3
    0     5     4
    1    14     4
    2     0     4
    3    20     4
    4    22     4
    5     7     4
-1 -1 -1
dados_trab_5_30_struc_release_facil_05   time:      0.615  fo:     542.00
