dados_trab_5_30_struc_release_facil_08 5 30 e
    0    26     0
    1    20     0
    2    21     0
    3    27     0
    0    13     1
    1     4     1
    2    28     1
    3    24     1
    4    11     1
    5    18     1
    6    16     1
    7     7     1
    0    10     2
    1    22     2
    2    19     2
    3    29     2
    4    23     2
    5    17     2
    0     2     3
    1    14     3
    2     1     3
    3     9     3
    4    25     3
    5    12     3
    6     8     3
    0     5     4
    1     0     4
    2     6     4
    3    15     4
    4     3     4
-1 -1 -1
dados_trab_5_30_struc_release_facil_08   time:      0.618  fo:     487.00
