dados_trab_5_30_struc_release_facil_04 5 30 e
    0    11     0
    1    23     0
    2    18     0
    3    22     0
    4    21     0
    5    19     0
    6    28     0
    7     7     0
    0     6     1
    1    25     1
    2    24     1
    3     9     1
    4     1     1
    0    15     2
    1    20     2
    2     5     2
    3    26     2
    4     0     2
    5     4     2
    6    14     2
    0     3     3
    1    12     3
    2    10     3
    0    17     4
    1     2     4
    2     8     4
    3    27     4
    4    16     4
    5    13     4
    6    29     4
-1 -1 -1
dados_trab_5_30_struc_release_facil_04   time:      0.719  fo:     443.00
