dados_trab_5_40_struc_release_facil_06 5 40 e
    0    20     0
    1     3     0
    2    33     0
    3    23     0
    4    21     0
    5    39     0
    6    28     0
    7    15     0
    0    35     1
    1    27     1
    2    22     1
    3     8     1
    4    10     1
    5    36     1
    6     2     1
    7    34     1
    8     6     1
    9    13     1
    0    38     2
    1    11     2
    2     4     2
    3    18     2
    4    30     2
    5    26     2
    6     7     2
    7     0     2
    0    16     3
    1    17     3
    2    12     3
    3    29     3
    4    25     3
    0    31     4
    1    19     4
    2     5     4
    3    14     4
    4    24     4
    5     1     4
    6    37     4
    7    32     4
    8     9     4
-1 -1 -1
dados_trab_5_40_struc_release_facil_06   time:      1.292  fo:     652.00
