dados_trab_5_40_struc_release_facil_07 5 40 e
    0     8     0
    1    31     0
    2     7     0
    3    29     0
    4     1     0
    5    17     0
    6    20     0
    7    21     0
    8    22     0
    9    24     0
   10    14     0
    0    37     1
    1     9     1
    2    39     1
    3    30     1
    4    16     1
    5    33     1
    0    10     2
    1    27     2
    2    36     2
    3     5     2
    4    28     2
    5    34     2
    0    18     3
    1    13     3
    2    26     3
    3    15     3
    4    35     3
    5    19     3
    6     6     3
    7    32     3
    8    38     3
    9    25     3
    0     4     4
    1     0     4
    2    12     4
    3    11     4
    4     3     4
    5     2     4
    6    23     4
-1 -1 -1
dados_trab_5_40_struc_release_facil_07   time:      1.267  fo:     626.00
