dados_trab_5_40_struc_release_facil_07 5 40 e
    0     4     0
    1    11     0
    2    19     0
    3     6     0
    4     5     0
    5    21     0
    6    22     0
    7    25     0
    0     8     1
    1    31     1
    2     0     1
    3    12     1
    4    15     1
    5    29     1
    6     1     1
    7    17     1
    8    20     1
    9    33     1
   10    28     1
   11    34     1
    0    18     2
    1    13     2
    2    26     2
    3    39     2
    4    30     2
    5    27     2
    6    24     2
    7    14     2
    0    35     3
    1    10     3
    2     7     3
    3    32     3
    4    38     3
    5    36     3
    0    37     4
    1     9     4
    2    16     4
    3     3     4
    4     2     4
    5    23     4
-1 -1 -1
dados_trab_5_40_struc_release_facil_07   time:      1.130  fo:     630.00
