dados_trab_5_40_struc_release_facil_07 5 40 e
    0    35     0
    1    10     0
    2     7     0
    3    11     0
    4    17     0
    5    20     0
    6    33     0
    7    28     0
    8    34     0
    0    37     1
    1     9     1
    2    29     1
    3    36     1
    4    16     1
    5    21     1
    6    24     1
    7    14     1
    0     4     2
    1    15     2
    2    12     2
    3     6     2
    4     5     2
    5    22     2
    6    23     2
    0    18     3
    1    13     3
    2     1     3
    3     3     3
    4     2     3
    5    19     3
    6    25     3
    0     8     4
    1    31     4
    2     0     4
    3    27     4
    4    26     4
    5    39     4
    6    30     4
    7    32     4
    8    38     4
-1 -1 -1
dados_trab_5_40_struc_release_facil_07   time:      2.006  fo:     623.00
