dados_trab_5_40_struc_release_facil_06 5 40 e
    0    20     0
    1     8     0
    2    24     0
    3     4     0
    4     6     0
    5    28     0
    6    25     0
    0     3     1
    1    33     1
    2    23     1
    3    21     1
    4     2     1
    5    12     1
    6    29     1
    7    34     1
    8    13     1
    0    31     2
    1    22     2
    2     1     2
    3    30     2
    4    18     2
    5    26     2
    6     7     2
    7     0     2
    0     5     3
    1    14     3
    2    10     3
    3    36     3
    4    37     3
    5    32     3
    6     9     3
    0    35     4
    1    27     4
    2    19     4
    3    38     4
    4    11     4
    5    16     4
    6    17     4
    7    39     4
    8    15     4
-1 -1 -1
dados_trab_5_40_struc_release_facil_06   time:      1.199  fo:     634.00
