dados_trab_5_40_struc_release_facil_01 5 40 e
    0    24     0
    1    16     0
    2     6     0
    3     3     0
    4    21     0
    5    26     0
    6     8     0
    7    27     0
    8    37     0
    0     2     1
    1    30     1
    2    14     1
    3    11     1
    4    15     1
    5     4     1
    6    23     1
    7    33     1
    0    10     2
    1     9     2
    2    35     2
    3    22     2
    4    19     2
    5    34     2
    6    32     2
    7    38     2
    0     7     3
    1    18     3
    2    12     3
    3    20     3
    4     5     3
    5     1     3
    6    13     3
    7    17     3
    8    39     3
    0    29     4
    1    25     4
    2    36     4
    3    31     4
    4     0     4
    5    28     4
-1 -1 -1
dados_trab_5_40_struc_release_facil_01   time:      1.973  fo:     596.00
