dados_trab_5_40_struc_release_facil_05 5 40 e
    0    13     0
    1    33     0
    2    15     0
    3    14     0
    4    18     0
    5    35     0
    6     0     0
    7    16     0
    0     5     1
    1    27     1
    2    26     1
    3     2     1
    4    37     1
    5     3     1
    6    39     1
    7    10     1
    8     1     1
    0    30     2
    1    24     2
    2    20     2
    3    36     2
    4    31     2
    5    34     2
    6    29     2
    7     6     2
    0    17     3
    1    12     3
    2    23     3
    3     4     3
    4     8     3
    5    32     3
    6    22     3
    7    11     3
    0    19     4
    1    38     4
    2    21     4
    3     9     4
    4    25     4
    5    28     4
    6     7     4
-1 -1 -1
dados_trab_5_40_struc_release_facil_05   time:      1.683  fo:     746.00
