dados_trab_5_40_struc_release_facil_06 5 40 e
    0    20     0
    1     5     0
    2    14     0
    3    18     0
    4    35     0
    5    30     0
    6    26     0
    7     7     0
    8    32     0
    9     9     0
    0    38     1
    1    33     1
    2    23     1
    3    21     1
    4    39     1
    5    15     1
    0     3     2
    1    27     2
    2    24     2
    3    36     2
    4    37     2
    5    11     2
    6    34     2
    7    13     2
    0     2     3
    1     8     3
    2    10     3
    3    16     3
    4    17     3
    5    12     3
    6    29     3
    7     4     3
    0    31     4
    1    19     4
    2    22     4
    3     1     4
    4     6     4
    5    28     4
    6    25     4
    7     0     4
-1 -1 -1
dados_trab_5_40_struc_release_facil_06   time:      1.202  fo:     650.00
