dados_trab_5_40_struc_release_facil_07 5 40 e
    0    31     0
    1     0     0
    2    15     0
    3    27     0
    4     3     0
    5     2     0
    0    37     1
    1     9     1
    2    20     1
    3    33     1
    4    28     1
    5     5     1
    6    25     1
    0    35     2
    1    10     2
    2     7     2
    3    29     2
    4    36     2
    5    16     2
    6    21     2
    7    22     2
    8    24     2
    9    34     2
    0     4     3
    1    12     3
    2    11     3
    3    19     3
    4     6     3
    5     1     3
    6    23     3
    7    17     3
    8     8     3
    0    18     4
    1    13     4
    2    26     4
    3    39     4
    4    30     4
    5    32     4
    6    38     4
    7    14     4
-1 -1 -1
dados_trab_5_40_struc_release_facil_07   time:      2.354  fo:     621.00
