dados_trab_5_40_struc_release_facil_03 5 40 e
    0     0     0
    1    13     0
    2     8     0
    3    35     0
    4    14     0
    5    34     0
    6    36     0
    7    37     0
    8    22     0
    9    12     0
   10     2     0
    0    33     1
    1    39     1
    2    25     1
    3    15     1
    4    10     1
    5    21     1
    6    19     1
    7    31     1
    8     4     1
    9    11     1
   10    32     1
    0    23     2
    1    20     2
    2     1     2
    3    17     2
    4     7     2
    0     6     3
    1     3     3
    2    28     3
    3     5     3
    4    26     3
    0    24     4
    1    38     4
    2    30     4
    3    27     4
    4    29     4
    5    16     4
    6     9     4
    7    18     4
-1 -1 -1
dados_trab_5_40_struc_release_facil_03   time:      1.503  fo:     649.00
