dados_trab_5_40_struc_release_facil_08 5 40 e
    0    34     0
    1    36     0
    2     8     0
    3    32     0
    4    11     0
    5    17     0
    6    37     0
    7    27     0
    8    25     0
    9    28     0
    0    13     1
    1    18     1
    2     1     1
    3    14     1
    4     4     1
    5    30     1
    6    31     1
    7    19     1
    0    39     2
    1    22     2
    2     7     2
    3     2     2
    4    29     2
    5    21     2
    0    10     3
    1    12     3
    2     0     3
    3     3     3
    4    38     3
    5    24     3
    6    23     3
    7     9     3
    0    33     4
    1    15     4
    2     5     4
    3    20     4
    4    16     4
    5     6     4
    6    26     4
    7    35     4
-1 -1 -1
dados_trab_5_40_struc_release_facil_08   time:      1.998  fo:     597.00
