dados_trab_5_40_struc_release_facil_04 5 40 e
    0    14     0
    1    31     0
    2    21     0
    3    35     0
    4     2     0
    5    18     0
    6     5     0
    0    16     1
    1    25     1
    2    37     1
    3    38     1
    4    36     1
    5     6     1
    6    19     1
    7    29     1
    8     8     1
    9     0     1
   10    23     1
    0    13     2
    1     1     2
    2     3     2
    3    26     2
    4    24     2
    5    15     2
    6    28     2
    7    32     2
    0    20     3
    1    39     3
    2    27     3
    3    34     3
    4     7     3
    5    22     3
    6    11     3
    7     9     3
    0    10     4
    1     4     4
    2    33     4
    3    30     4
    4    17     4
    5    12     4
-1 -1 -1
dados_trab_5_40_struc_release_facil_04   time:      1.211  fo:     621.00
