dados_trab_5_40_struc_release_facil_04 5 40 e
    0    16     0
    1    25     0
    2    24     0
    3     2     0
    4    20     0
    5     5     0
    0    10     1
    1     1     1
    2     3     1
    3    37     1
    4    38     1
    5    28     1
    6    35     1
    7    15     1
    8    19     1
    9    29     1
   10    18     1
   11    32     1
    0    14     2
    1    31     2
    2     6     2
    3    21     2
    4    30     2
    5    17     2
    6    34     2
    7     7     2
    8     9     2
    0    13     3
    1     4     3
    2    26     3
    3    22     3
    4    11     3
    5    33     3
    6     8     3
    7     0     3
    8    23     3
    0    36     4
    1    39     4
    2    27     4
    3    12     4
-1 -1 -1
dados_trab_5_40_struc_release_facil_04   time:      1.031  fo:     611.00
