dados_trab_5_40_struc_release_facil_06 5 40 e
    0    20     0
    1     5     0
    2    11     0
    3     4     0
    4    39     0
    5    31     0
    6    15     0
    0    10     1
    1    23     1
    2    21     1
    3    36     1
    4    37     1
    5    26     1
    6    28     1
    7    19     1
    8    35     1
    0     8     2
    1    14     2
    2    16     2
    3    17     2
    4     7     2
    5    32     2
    6    18     2
    7    13     2
    0     3     3
    1    27     3
    2    22     3
    3     1     3
    4     6     3
    5    25     3
    6     0     3
    0     2     4
    1    38     4
    2    33     4
    3    24     4
    4    30     4
    5    12     4
    6    29     4
    7    34     4
    8     9     4
-1 -1 -1
dados_trab_5_40_struc_release_facil_06   time:      1.823  fo:     649.00
