dados_trab_5_40_struc_release_facil_01 5 40 e
    0    14     0
    1    21     0
    2    24     0
    3    29     0
    4    34     0
    5    25     0
    6     0     0
    7    28     0
    0    12     1
    1     1     1
    2    35     1
    3    26     1
    4    32     1
    5    38     1
    6    23     1
    0     2     2
    1    30     2
    2    16     2
    3    11     2
    4    20     2
    5     5     2
    6     8     2
    0    10     3
    1     9     3
    2    13     3
    3     6     3
    4     3     3
    5    15     3
    6    36     3
    7    31     3
    8    37     3
    9    27     3
   10    33     3
    0     7     4
    1    18     4
    2    22     4
    3    19     4
    4    17     4
    5     4     4
    6    39     4
-1 -1 -1
dados_trab_5_40_struc_release_facil_01   time:      1.629  fo:     586.00
