dados_trab_5_40_struc_release_facil_09 5 40 e
    0    35     0
    1    12     0
    2    28     0
    3    17     0
    4    14     0
    5    16     0
    6     9     0
    7    22     0
    8     1     0
    9    33     0
   10     7     0
    0    30     1
    1    13     1
    2     6     1
    3    18     1
    4     8     1
    5    19     1
    0     4     2
    1    27     2
    2     0     2
    3    36     2
    4    11     2
    5     3     2
    6    37     2
    7    10     2
    0    21     3
    1    38     3
    2    29     3
    3     5     3
    4    32     3
    5    31     3
    6    23     3
    7    20     3
    8    34     3
    0    25     4
    1     2     4
    2    24     4
    3    15     4
    4    26     4
    5    39     4
-1 -1 -1
dados_trab_5_40_struc_release_facil_09   time:      1.501  fo:     691.00
