dados_trab_5_40_struc_release_facil_09 5 40 e
    0    35     0
    1    12     0
    2    28     0
    3     4     0
    4    31     0
    5    23     0
    6    32     0
    7    20     0
    0    21     1
    1    27     1
    2     2     1
    3    39     1
    4    16     1
    5     9     1
    6     1     1
    7    33     1
    8     8     1
    0    38     2
    1    17     2
    2    14     2
    3     5     2
    4     7     2
    5    11     2
    6    10     2
    7     3     2
    0    30     3
    1    13     3
    2     6     3
    3    29     3
    4    24     3
    5    18     3
    6    22     3
    7    19     3
    0    25     4
    1     0     4
    2    36     4
    3    15     4
    4    26     4
    5    37     4
    6    34     4
-1 -1 -1
dados_trab_5_40_struc_release_facil_09   time:      1.693  fo:     697.00
