dados_trab_5_40_struc_release_facil_07 5 40 e
    0    18     0
    1    10     0
    2    27     0
    3    19     0
    4    16     0
    5    24     0
    6    36     0
    0    35     1
    1    13     1
    2    26     1
    3    39     1
    4    12     1
    5     6     1
    6    32     1
    7    23     1
    0    37     2
    1     7     2
    2     9     2
    3    20     2
    4    21     2
    5    33     2
    6    28     2
    7    34     2
    0     4     3
    1     0     3
    2    11     3
    3    30     3
    4     5     3
    5    22     3
    6    38     3
    7    25     3
    0     8     4
    1    31     4
    2    15     4
    3    29     4
    4     1     4
    5     3     4
    6     2     4
    7    17     4
    8    14     4
-1 -1 -1
dados_trab_5_40_struc_release_facil_07   time:      1.337  fo:     622.00
