dados_trab_5_40_struc_release_facil_04 5 40 e
    0    20     0
    1    39     0
    2    27     0
    3    34     0
    4     7     0
    5     9     0
    0    14     1
    1     1     1
    2    23     1
    3    24     1
    4    15     1
    5    28     1
    6    35     1
    7    12     1
    0    13     2
    1     4     2
    2     3     2
    3    30     2
    4    17     2
    5     2     2
    0    10     3
    1     6     3
    2    21     3
    3    26     3
    4    22     3
    5    11     3
    6    33     3
    7    18     3
    8     5     3
    9    32     3
    0    16     4
    1    25     4
    2    37     4
    3    38     4
    4    36     4
    5    31     4
    6    19     4
    7    29     4
    8     8     4
    9     0     4
-1 -1 -1
dados_trab_5_40_struc_release_facil_04   time:      1.461  fo:     624.00
