dados_trab_5_40_struc_release_facil_03 5 40 e
    0    24     0
    1    38     0
    2    30     0
    3    20     0
    4    29     0
    5    37     0
    6    17     0
    7     7     0
    0    25     1
    1     2     1
    2    28     1
    3    15     1
    4    10     1
    5    21     1
    6    19     1
    7    26     1
    0     6     2
    1     3     2
    2    34     2
    3    36     2
    4    16     2
    5    22     2
    0    33     3
    1    39     3
    2     8     3
    3    35     3
    4    14     3
    5    31     3
    6     5     3
    7     9     3
    8    18     3
    0    23     4
    1     0     4
    2    13     4
    3     1     4
    4    27     4
    5    12     4
    6     4     4
    7    11     4
    8    32     4
-1 -1 -1
dados_trab_5_40_struc_release_facil_03   time:      1.432  fo:     651.00
