dados_trab_5_40_struc_release_facil_04 5 40 e
    0    10     0
    1     6     0
    2    21     0
    3    26     0
    4    22     0
    5    11     0
    6    33     0
    7     3     0
    8     7     0
    9    18     0
    0    16     1
    1     1     1
    2     2     1
    3    20     1
    4     5     1
    0     4     2
    1     0     2
    2    23     2
    3    24     2
    4    15     2
    5    30     2
    6    17     2
    7    12     2
    0    13     3
    1    31     3
    2    25     3
    3    39     3
    4    27     3
    5    34     3
    6    32     3
    7    19     3
    8     9     3
    0    14     4
    1    37     4
    2    38     4
    3    28     4
    4    35     4
    5    29     4
    6    36     4
    7     8     4
-1 -1 -1
dados_trab_5_40_struc_release_facil_04   time:      2.197  fo:     612.00
