dados_trab_5_40_struc_release_facil_10 5 40 e
    0     5     0
    1     2     0
    2     3     0
    3    37     0
    4    32     0
    5    15     0
    6    26     0
    7    36     0
    8     0     0
    9    19     0
    0     8     1
    1     9     1
    2    18     1
    3    20     1
    4    38     1
    5     6     1
    0    35     2
    1    31     2
    2     1     2
    3    22     2
    4    28     2
    5    10     2
    0    24     3
    1    23     3
    2    21     3
    3    25     3
    4    27     3
    5    30     3
    6    14     3
    7    11     3
    8    12     3
    0    39     4
    1     4     4
    2     7     4
    3    33     4
    4    34     4
    5    17     4
    6    13     4
    7    29     4
    8    16     4
-1 -1 -1
dados_trab_5_40_struc_release_facil_10   time:      3.834  fo:     656.00
