dados_trab_5_50_struc_release_facil_05 5 50 e
    0     2     0
    1     1     0
    2     6     0
    3    48     0
    4    39     0
    5    13     0
    6     8     0
    7    17     0
    8    23     0
    9    37     0
    0    26     1
    1    30     1
    2    47     1
    3    14     1
    4    40     1
    5    16     1
    6     3     1
    7    43     1
    8    18     1
    0    29     2
    1    33     2
    2    44     2
    3    41     2
    4    11     2
    5    31     2
    6    15     2
    7     0     2
    8    10     2
    9    25     2
    0    19     3
    1    35     3
    2     4     3
    3    45     3
    4    12     3
    5    20     3
    6    24     3
    7    27     3
    8    22     3
    9    34     3
    0     5     4
    1    28     4
    2     7     4
    3    46     4
    4    38     4
    5    32     4
    6    21     4
    7    36     4
    8     9     4
    9    42     4
   10    49     4
-1 -1 -1
dados_trab_5_50_struc_release_facil_05   time:      2.726  fo:     779.00
