dados_trab_5_50_struc_release_facil_08 5 50 e
    0    10     0
    1    37     0
    2    12     0
    3    40     0
    4    16     0
    5    32     0
    6     7     0
    7     1     0
    8    24     0
    9     4     0
   10    46     0
    0    38     1
    1     8     1
    2    25     1
    3     5     1
    4    41     1
    5    44     1
    6     2     1
    7    15     1
    8    22     1
    9    30     1
    0    34     2
    1    29     2
    2    49     2
    3    36     2
    4    18     2
    5    48     2
    6    43     2
    7    14     2
    8    45     2
    9    39     2
    0     9     3
    1    17     3
    2    27     3
    3    23     3
    4    42     3
    5    33     3
    6    21     3
    7     0     3
    0    13     4
    1    26     4
    2     6     4
    3    47     4
    4    19     4
    5    11     4
    6     3     4
    7    28     4
    8    31     4
    9    35     4
   10    20     4
-1 -1 -1
dados_trab_5_50_struc_release_facil_08   time:      2.517  fo:     768.00
