dados_trab_5_50_struc_release_facil_09 5 50 e
    0    46     0
    1    23     0
    2     0     0
    3    31     0
    4    30     0
    5    48     0
    6    24     0
    7    19     0
    8    21     0
    9    44     0
   10     5     0
    0    37     1
    1    39     1
    2    11     1
    3     3     1
    4    47     1
    5    25     1
    6    43     1
    7     8     1
    8    35     1
    9     2     1
   10    22     1
    0    17     2
    1    33     2
    2    26     2
    3    38     2
    4    10     2
    5    40     2
    6    45     2
    0    13     3
    1     7     3
    2    36     3
    3    14     3
    4    15     3
    5    20     3
    6    29     3
    7    42     3
    8     4     3
    9     1     3
    0    18     4
    1    16     4
    2    28     4
    3    41     4
    4    27     4
    5    34     4
    6    49     4
    7     9     4
    8     6     4
    9    32     4
   10    12     4
-1 -1 -1
dados_trab_5_50_struc_release_facil_09   time:      1.786  fo:     843.00
