dados_trab_5_50_struc_release_facil_05 5 50 e
    0    48     0
    1    47     0
    2    30     0
    3    27     0
    4    16     0
    5    17     0
    6    23     0
    0     1     1
    1     6     1
    2    11     1
    3     4     1
    4    14     1
    5    40     1
    6    33     1
    7    15     1
    8    12     1
    9     3     1
   10    43     1
   11    18     1
    0    19     2
    1    26     2
    2     5     2
    3    24     2
    4    39     2
    5    13     2
    6    35     2
    7    36     2
    8     9     2
    9    49     2
    0    29     3
    1    28     3
    2    44     3
    3    41     3
    4    31     3
    5    42     3
    6     0     3
    7    10     3
    8    37     3
    9    25     3
    0     2     4
    1     7     4
    2    46     4
    3    38     4
    4    32     4
    5    21     4
    6    20     4
    7     8     4
    8    45     4
    9    22     4
   10    34     4
-1 -1 -1
dados_trab_5_50_struc_release_facil_05   time:      2.526  fo:     820.00
