dados_trab_5_50_struc_release_facil_05 5 50 e
    0    26     0
    1    48     0
    2    47     0
    3    30     0
    4     6     0
    5    17     0
    6    42     0
    7    22     0
    8    34     0
    9    49     0
    0     1     1
    1     7     1
    2    44     1
    3    41     1
    4    14     1
    5    27     1
    6    21     1
    7    37     1
    0    29     2
    1    35     2
    2    46     2
    3    38     2
    4    32     2
    5    40     2
    6    33     2
    7    15     2
    8    16     2
    9     3     2
   10    43     2
   11    18     2
    0    19     3
    1    11     3
    2    39     3
    3    13     3
    4     8     3
    5     0     3
    6    10     3
    7    25     3
    0     2     4
    1     5     4
    2    28     4
    3     4     4
    4    45     4
    5    12     4
    6    20     4
    7    24     4
    8    31     4
    9    36     4
   10     9     4
   11    23     4
-1 -1 -1
dados_trab_5_50_struc_release_facil_05   time:      1.698  fo:     817.00
