dados_trab_5_50_struc_release_facil_03 5 50 e
    0    45     0
    1     2     0
    2    33     0
    3    23     0
    4    22     0
    5    47     0
    6    31     0
    7    14     0
    0    44     1
    1    41     1
    2    28     1
    3    30     1
    4    20     1
    5    17     1
    6    32     1
    7    12     1
    8    25     1
    9    34     1
    0    38     2
    1    40     2
    2    35     2
    3     9     2
    4    39     2
    5    36     2
    6    49     2
    7     7     2
    8    24     2
    9     1     2
   10    11     2
    0    19     3
    1    15     3
    2    26     3
    3    43     3
    4    10     3
    5    48     3
    6     8     3
    7     5     3
    8     0     3
    9    16     3
   10    46     3
   11    42     3
    0    21     4
    1    13     4
    2     3     4
    3    18     4
    4     6     4
    5    27     4
    6     4     4
    7    29     4
    8    37     4
-1 -1 -1
dados_trab_5_50_struc_release_facil_03   time:      2.914  fo:     809.00
