dados_trab_5_50_struc_release_facil_08 5 50 e
    0    38     0
    1     8     0
    2     5     0
    3    36     0
    4    41     0
    5    25     0
    6    19     0
    7    44     0
    8     1     0
    0    13     1
    1    23     1
    2    21     1
    3     7     1
    4    43     1
    5    24     1
    6    14     1
    7    45     1
    8    39     1
    9    20     1
    0     3     2
    1    37     2
    2    12     2
    3    49     2
    4    42     2
    5    33     2
    6     0     2
    0    10     3
    1    26     3
    2     6     3
    3    47     3
    4    18     3
    5    48     3
    6    28     3
    7     4     3
    8    46     3
    0    34     4
    1    29     4
    2     9     4
    3    17     4
    4    27     4
    5    40     4
    6    16     4
    7    32     4
    8    31     4
    9    11     4
   10     2     4
   11    15     4
   12    35     4
   13    22     4
   14    30     4
-1 -1 -1
dados_trab_5_50_struc_release_facil_08   time:      1.835  fo:     794.00
