dados_trab_5_50_struc_release_facil_10 5 50 e
    0    33     0
    1    18     0
    2     4     0
    3    28     0
    4    31     0
    5    10     0
    6    26     0
    0     3     1
    1    22     1
    2    17     1
    3    32     1
    4    46     1
    5    14     1
    6    27     1
    7     6     1
    8    42     1
    0     9     2
    1     0     2
    2     8     2
    3     7     2
    4    29     2
    5    13     2
    6     2     2
    7    35     2
    8    34     2
    0    30     3
    1    37     3
    2    49     3
    3    41     3
    4    19     3
    5    47     3
    6    45     3
    7    36     3
    8    24     3
    9    12     3
   10    25     3
   11    43     3
   12    48     3
    0    11     4
    1    21     4
    2    38     4
    3    20     4
    4    15     4
    5    39     4
    6    40     4
    7     5     4
    8     1     4
    9    16     4
   10    44     4
   11    23     4
-1 -1 -1
dados_trab_5_50_struc_release_facil_10   time:      1.694  fo:     775.00
