dados_trab_5_50_struc_release_facil_05 5 50 e
    0    19     0
    1    35     0
    2     1     0
    3     6     0
    4    47     0
    5    31     0
    6    15     0
    7     0     0
    8    10     0
    9    37     0
    0     7     1
    1    33     1
    2    41     1
    3    14     1
    4     2     1
    5    40     1
    6    16     1
    7     3     1
    8    43     1
    9    18     1
    0    48     2
    1     4     2
    2    45     2
    3    44     2
    4    11     2
    5    36     2
    6     9     2
    7    42     2
    8    49     2
    0     5     3
    1    28     3
    2    30     3
    3    12     3
    4    20     3
    5    24     3
    6    39     3
    7    13     3
    8     8     3
    9    17     3
   10    23     3
   11    25     3
    0    29     4
    1    26     4
    2    46     4
    3    38     4
    4    32     4
    5    21     4
    6    27     4
    7    22     4
    8    34     4
-1 -1 -1
dados_trab_5_50_struc_release_facil_05   time:      2.508  fo:     796.00
