dados_trab_5_50_struc_release_facil_07 5 50 e
    0    15     0
    1    20     0
    2    48     0
    3     3     0
    4    33     0
    5    28     0
    6    32     0
    7    41     0
    8    16     0
    9    29     0
   10    23     0
    0    13     1
    1     1     1
    2     7     1
    3    49     1
    4     2     1
    5    42     1
    6    35     1
    7    46     1
    0    43     2
    1    19     2
    2    44     2
    3    47     2
    4    39     2
    5    26     2
    6    27     2
    7    22     2
    0     9     3
    1    25     3
    2    40     3
    3    31     3
    4    11     3
    5    18     3
    6    17     3
    7     4     3
    8    30     3
    9     8     3
   10    37     3
   11     6     3
    0    12     4
    1     5     4
    2    14     4
    3    36     4
    4    24     4
    5    10     4
    6    38     4
    7    45     4
    8     0     4
    9    34     4
   10    21     4
-1 -1 -1
dados_trab_5_50_struc_release_facil_07   time:      2.938  fo:     722.00
