dados_trab_5_50_struc_release_facil_07 5 50 e
    0    13     0
    1    15     0
    2    20     0
    3    48     0
    4     3     0
    5    33     0
    6     4     0
    7    16     0
    8    29     0
    9    37     0
   10    14     0
   11    24     0
    0    11     1
    1    42     1
    2    18     1
    3    17     1
    4    30     1
    5    27     1
    6     6     1
    7    23     1
    8    21     1
    0     5     2
    1     7     2
    2    49     2
    3    10     2
    4    19     2
    5     1     2
    6    45     2
    7     0     2
    8     8     2
    0    12     3
    1     2     3
    2    44     3
    3    47     3
    4    32     3
    5    39     3
    6    26     3
    7    41     3
    8    34     3
    9    40     3
   10    22     3
    0    43     4
    1    31     4
    2     9     4
    3    25     4
    4    36     4
    5    38     4
    6    28     4
    7    35     4
    8    46     4
-1 -1 -1
dados_trab_5_50_struc_release_facil_07   time:      1.775  fo:     732.00
