dados_trab_5_50_struc_release_facil_04 5 50 e
    0    42     0
    1    39     0
    2    49     0
    3    23     0
    4     7     0
    5    12     0
    6     3     0
    7    41     0
    0    16     1
    1     1     1
    2    14     1
    3    37     1
    4    33     1
    5     8     1
    6    17     1
    7    40     1
    8    24     1
    9     5     1
    0    18     2
    1    20     2
    2    47     2
    3    38     2
    4    43     2
    5     0     2
    6    30     2
    7    26     2
    8    31     2
    0    13     3
    1     2     3
    2    36     3
    3     9     3
    4    29     3
    5    48     3
    6    21     3
    7    35     3
    8    44     3
    9    15     3
    0    32     4
    1     4     4
    2    22     4
    3    28     4
    4    10     4
    5    45     4
    6    46     4
    7    19     4
    8    11     4
    9     6     4
   10    34     4
   11    25     4
   12    27     4
-1 -1 -1
dados_trab_5_50_struc_release_facil_04   time:      3.084  fo:     793.00
