dados_trab_5_50_struc_release_facil_07 5 50 e
    0    40     0
    1    31     0
    2    11     0
    3    42     0
    4     3     0
    5    48     0
    6    17     0
    7    30     0
    8    27     0
    9    22     0
    0    12     1
    1     2     1
    2    44     1
    3    18     1
    4     4     1
    5    14     1
    6    38     1
    7    37     1
    8     6     1
    0    13     2
    1     1     2
    2    25     2
    3    36     2
    4    24     2
    5    20     2
    6    33     2
    7    45     2
    8    26     2
    9    41     2
   10    34     2
   11    21     2
    0    43     3
    1    15     3
    2     5     3
    3     9     3
    4    39     3
    5     0     3
    6     8     3
    7    16     3
    8    19     3
    9    29     3
   10    23     3
    0     7     4
    1    49     4
    2    47     4
    3    32     4
    4    28     4
    5    35     4
    6    10     4
    7    46     4
-1 -1 -1
dados_trab_5_50_struc_release_facil_07   time:      3.743  fo:     726.00
