dados_trab_5_50_struc_release_facil_03 5 50 e
    0    44     0
    1    41     0
    2    28     0
    3    40     0
    4     1     0
    5     9     0
    6    39     0
    7    36     0
    8    46     0
    9    42     0
   10    47     0
   11    32     0
    0    38     1
    1    33     1
    2    23     1
    3    10     1
    4    48     1
    5    29     1
    6    49     1
    7     8     1
    8     3     1
    9    18     1
   10    13     1
   11    14     1
    0    35     2
    1    11     2
    2    30     2
    3    27     2
    4    22     2
    5    45     2
    6     7     2
    7    24     2
    0    19     3
    1    15     3
    2    26     3
    3    43     3
    4     2     3
    5     5     3
    6     0     3
    7     6     3
    8    31     3
    9    12     3
   10    16     3
    0    21     4
    1    20     4
    2    17     4
    3     4     4
    4    25     4
    5    37     4
    6    34     4
-1 -1 -1
dados_trab_5_50_struc_release_facil_03   time:      1.825  fo:     825.00
