dados_trab_5_50_struc_release_facil_07 5 50 e
    0     9     0
    1    25     0
    2     2     0
    3    44     0
    4    47     0
    5    32     0
    6    39     0
    7     8     0
    8    27     0
    9    30     0
   10     7     0
   11    29     0
   12    21     0
    0    19     1
    1    12     1
    2     5     1
    3    36     1
    4    49     1
    5    10     1
    6    38     1
    7    28     1
    8    35     1
    9    22     1
    0    20     2
    1    45     2
    2     4     2
    3    16     2
    4    46     2
    0    13     3
    1    40     3
    2    31     3
    3    15     3
    4    17     3
    5    18     3
    6     3     3
    7     0     3
    8     1     3
    9    33     3
   10    14     3
   11    24     3
   12    37     3
   13     6     3
    0    43     4
    1    11     4
    2    42     4
    3    48     4
    4    26     4
    5    41     4
    6    34     4
    7    23     4
-1 -1 -1
dados_trab_5_50_struc_release_facil_07   time:      3.787  fo:     729.00
