dados_trab_5_50_struc_release_facil_08 5 50 e
    0    10     0
    1    26     0
    2     6     0
    3    47     0
    4    43     0
    5    48     0
    6    28     0
    7     4     0
    8    46     0
    0    34     1
    1    25     1
    2    17     1
    3    27     1
    4    12     1
    5    40     1
    6    20     1
    7    42     1
    8     1     1
    0    38     2
    1     8     2
    2     5     2
    3    21     2
    4    24     2
    5    14     2
    6    45     2
    7    39     2
    8    23     2
    0     9     3
    1     3     3
    2    37     3
    3    16     3
    4    31     3
    5    41     3
    6    44     3
    7     2     3
    8    15     3
    9    35     3
   10    22     3
   11    30     3
    0    13     4
    1    29     4
    2    49     4
    3    36     4
    4    18     4
    5    19     4
    6    11     4
    7    32     4
    8     7     4
    9    33     4
   10     0     4
-1 -1 -1
dados_trab_5_50_struc_release_facil_08   time:      2.172  fo:     781.00
