dados_trab_5_50_struc_release_facil_10 5 50 e
    0    28     0
    1    38     0
    2    17     0
    3    21     0
    4    14     0
    5    13     0
    6     2     0
    7     6     0
    8    42     0
    9     1     0
    0    37     1
    1    49     1
    2    41     1
    3    15     1
    4    20     1
    5     7     1
    6    32     1
    7    27     1
    8    39     1
    9    12     1
   10     5     1
   11    48     1
    0     9     2
    1     0     2
    2    19     2
    3    18     2
    4     4     2
    5    46     2
    6    31     2
    7    34     2
    0    11     3
    1    24     3
    2    30     3
    3     3     3
    4    22     3
    5    47     3
    6    43     3
    7    29     3
    8    10     3
    9    26     3
    0    45     4
    1     8     4
    2    33     4
    3    35     4
    4    16     4
    5    40     4
    6    25     4
    7    44     4
    8    36     4
    9    23     4
-1 -1 -1
dados_trab_5_50_struc_release_facil_10   time:      4.147  fo:     763.00
