dados_trab_5_50_struc_release_facil_08 5 50 e
    0    36     0
    1     6     0
    2    47     0
    3    28     0
    4     4     0
    5    46     0
    0    10     1
    1    26     1
    2     8     1
    3    12     1
    4    41     1
    5    44     1
    6    33     1
    7     0     1
    0     9     2
    1    17     2
    2    27     2
    3    40     2
    4    21     2
    5     7     2
    6    43     2
    7     2     2
    8    15     2
    9    35     2
   10    22     2
   11    30     2
    0    13     3
    1    38     3
    2     5     3
    3    37     3
    4    16     3
    5    23     3
    6    42     3
    7     1     3
    8    49     3
    9    24     3
   10    32     3
   11    20     3
    0    34     4
    1    29     4
    2     3     4
    3    19     4
    4    18     4
    5    48     4
    6    31     4
    7    11     4
    8    25     4
    9    14     4
   10    45     4
   11    39     4
-1 -1 -1
dados_trab_5_50_struc_release_facil_08   time:      1.718  fo:     786.00
