dados_trab_5_50_struc_release_facil_03 5 50 e
    0    38     0
    1    40     0
    2    21     0
    3    43     0
    4    48     0
    5    29     0
    6     4     0
    7     6     0
    8     8     0
    9    14     0
    0    19     1
    1    15     1
    2    44     1
    3     2     1
    4     5     1
    5    20     1
    6     9     1
    7    39     1
    8    18     1
    9    31     1
   10    12     1
   11    16     1
    0    33     2
    1    23     2
    2    41     2
    3    26     2
    4    17     2
    5     3     2
    6    46     2
    7    42     2
    8    45     2
    9    36     2
    0    35     3
    1    13     3
    2    10     3
    3     1     3
    4    27     3
    5    11     3
    6    22     3
    7     7     3
    8    24     3
    0    30     4
    1    28     4
    2    49     4
    3     0     4
    4    32     4
    5    25     4
    6    34     4
    7    47     4
    8    37     4
-1 -1 -1
dados_trab_5_50_struc_release_facil_03   time:      1.736  fo:     817.00
