dados_trab_5_50_struc_release_facil_03 5 50 e
    0    35     0
    1    33     0
    2    30     0
    3    27     0
    4     4     0
    5     6     0
    6     8     0
    7    22     0
    0    19     1
    1    23     1
    2     2     1
    3     0     1
    4    20     1
    5    17     1
    6    18     1
    7    12     1
    8    16     1
    9    46     1
   10    42     1
   11    37     1
    0    44     2
    1    41     2
    2    26     2
    3    39     2
    4    36     2
    5    47     2
    6    32     2
    7    25     2
    8    34     2
    9    49     2
    0    28     3
    1    45     3
    2    10     3
    3    48     3
    4    29     3
    5     7     3
    6    24     3
    7     1     3
    8    31     3
    0    38     4
    1    40     4
    2    21     4
    3     9     4
    4    13     4
    5     5     4
    6    15     4
    7    43     4
    8     3     4
    9    14     4
   10    11     4
-1 -1 -1
dados_trab_5_50_struc_release_facil_03   time:      1.486  fo:     836.00
