dados_trab_5_50_struc_release_facil_02 5 50 e
    0    26     0
    1    25     0
    2     2     0
    3    32     0
    4    16     0
    5    37     0
    6    27     0
    7    20     0
    8    43     0
    0     6     1
    1    11     1
    2    24     1
    3     9     1
    4    30     1
    5    48     1
    6     0     1
    7    19     1
    8    13     1
    9     1     1
   10    44     1
   11    22     1
    0    49     2
    1    47     2
    2    33     2
    3    28     2
    4    40     2
    5    39     2
    6     5     2
    7    46     2
    8    38     2
    9    31     2
   10    34     2
    0    29     3
    1    45     3
    2    35     3
    3    41     3
    4    36     3
    5    23     3
    6    21     3
    7     4     3
    8    18     3
    0    15     4
    1    17     4
    2     3     4
    3    42     4
    4     8     4
    5    12     4
    6    10     4
    7    14     4
    8     7     4
-1 -1 -1
dados_trab_5_50_struc_release_facil_02   time:      1.528  fo:     773.00
