dados_trab_5_50_struc_release_facil_10 5 50 e
    0     3     0
    1    22     0
    2    35     0
    3    17     0
    4    40     0
    5     5     0
    6     1     0
    7    25     0
    8    44     0
    9    23     0
    0    30     1
    1    21     1
    2    24     1
    3    19     1
    4    14     1
    5    46     1
    6    13     1
    7    36     1
    8    26     1
    0     0     2
    1     9     2
    2    20     2
    3     7     2
    4    10     2
    5    15     2
    6    49     2
    7    39     2
    8     2     2
    9     6     2
   10    42     2
    0    28     3
    1    37     3
    2    38     3
    3    11     3
    4    32     3
    5    47     3
    6    43     3
    7    29     3
    8    31     3
    9    34     3
    0    45     4
    1     8     4
    2    33     4
    3    18     4
    4     4     4
    5    27     4
    6    12     4
    7    41     4
    8    16     4
    9    48     4
-1 -1 -1
dados_trab_5_50_struc_release_facil_10   time:      2.115  fo:     762.00
