dados_trab_5_50_struc_release_facil_04 5 50 e
    0    32     0
    1     4     0
    2    20     0
    3    37     0
    4    28     0
    5    10     0
    6    41     0
    7    44     0
    8    15     0
    0    18     1
    1    22     1
    2    36     1
    3    14     1
    4     7     1
    5    48     1
    6     0     1
    7    30     1
    8    26     1
    9    24     1
   10     5     1
    0     9     2
    1    49     2
    2    47     2
    3    38     2
    4    29     2
    5    40     2
    6    35     2
    7    43     2
    8     6     2
    9    34     2
   10    25     2
   11    27     2
    0    16     3
    1     1     3
    2    21     3
    3    45     3
    4    46     3
    5    19     3
    6     8     3
    7    31     3
    0    13     4
    1    39     4
    2     2     4
    3    12     4
    4     3     4
    5    33     4
    6    11     4
    7    17     4
    8    42     4
    9    23     4
-1 -1 -1
dados_trab_5_50_struc_release_facil_04   time:      1.491  fo:     781.00
