dados_trab_5_50_struc_release_facil_01 5 50 e
    0    45     0
    1    12     0
    2     5     0
    3     0     0
    4    49     0
    5    35     0
    6    21     0
    7    32     0
    0    37     1
    1    47     1
    2    31     1
    3    43     1
    4    42     1
    5    39     1
    6    19     1
    7    26     1
    0     6     2
    1    15     2
    2    24     2
    3    28     2
    4    25     2
    5    27     2
    6    22     2
    7    16     2
    8    23     2
    9    11     2
   10    40     2
    0    10     3
    1    34     3
    2    30     3
    3    29     3
    4     4     3
    5    13     3
    6     8     3
    7     2     3
    8     3     3
    9    48     3
   10    41     3
    0    44     4
    1     7     4
    2    36     4
    3    46     4
    4    33     4
    5     1     4
    6    20     4
    7    18     4
    8    38     4
    9    14     4
   10    17     4
   11     9     4
-1 -1 -1
dados_trab_5_50_struc_release_facil_01   time:      3.268  fo:     813.00
