dados_trab_5_50_struc_release_facil_08 5 50 e
    0    10     0
    1    26     0
    2     6     0
    3    47     0
    4    43     0
    5    24     0
    6    11     0
    7     2     0
    8     4     0
    9    46     0
    0    34     1
    1    29     1
    2    25     1
    3    12     1
    4    40     1
    5    16     1
    6    32     1
    7     7     1
    8     1     1
    9    28     1
   10    35     1
   11    20     1
    0     9     2
    1    17     2
    2    27     2
    3    31     2
    4    41     2
    5    44     2
    6    15     2
    7    22     2
    8    30     2
    0    38     3
    1     8     3
    2     5     3
    3    37     3
    4     3     3
    5    19     3
    6    48     3
    7    14     3
    8    45     3
    9    39     3
   10    23     3
    0    13     4
    1    49     4
    2    36     4
    3    18     4
    4    42     4
    5    33     4
    6    21     4
    7     0     4
-1 -1 -1
dados_trab_5_50_struc_release_facil_08   time:      4.027  fo:     777.00
