    1   31    5    0    151500
1750017400
1730014300
 950011700
 8500 8500
1270017300
1490011500
12000 8800
1590011000
1440011600
12000 8300
 910016500
1260012800
 690011000
1200016900
14000 8100
 530017100
 430011500
 850010900
1390015100
 550017100
 510010900
1430016300
10900 9100
13500 9300
 760017400
10600 9200
 990013000
 990017400
1200017400
 4000 8900
1220018600
1450010000
1150018900
12400 9700
 980013500
1200013900
 940017600
1260018200
1170014700
 190011700
 950018900
 920010400
 590018500
1540010900
 760012400
 690014800
 760016100
1360017800
 460015700
 950011300
1230016200
1350017600
1720015700
1350018500
11300 9900
 790011800
 800011000
1230014900
 320011100
 950018900
 860011200
1600010300
1080016100
1170018800
1220018400
1330017200
 810010400
  70013900
1660011700
11200 9900
 970010500
1690011500
1110018600
 920013700
1100011200
1480015600
 490011200
 650012100
1330011500
1010015500
1520014400
1100016400
1090017700
 790011900
1180017500
1320014800
 870015600
10400 7100
1540012800
1310010500
 420013300
10500 5600
 5600 8200
1430011400
 470010000
1690014900
 7100 8300
 6000 9100
1590011800
1320012700
 8700 7500
 820013100
1320014500
 430012100
 3300 9000
1050011500
1390014900
 8600 9300
1130015100
 970011300
1140015200
12500 6000
1030011500
 350011300
14500 6600
 7700 4000
11900 4100
11700 8900
 8100 7500
 9100 5100
 9400 8900
17100 3300
14300 2700
10600 6500
10200 2800
 3800 5100
 4600 5500
1010010500
12400 8700
 810010500
 7700 3700
 830010800
14700 3700
15700 7000
13400 6100
 820011000
15200 4700
 6100 4400
13500 5700
 7800 7600
 9000 9700
1120012300
1400017700
1200010200
 8400 8600
 540017100
 880014400
 720013400
 820016300
11200 9200
 860014800
 2800 9600
 420011700
 9100 9700
 190011200
 530017000
1420015100
1210012600
15900 9200
 830011100
 920014700
1370013400
1390012200
 710012600
 100011900
 5000 8200
1510014400
12800 8400
1770010700
 870016000
1450014800
12900 8200
1240014000
1230010000
 4500 8600
 370013000
 570012000
1040014100
 950014000
 4400 6600
 900010300
1110011100
10300 7400
 930012300
1450011300
1140012000
 780014800
 490010400
 7600 9500
12100 5800
 9600 6300
15100 5500
 8200 5700
12300 9800
13600 7400
 5600 6100
1620011600
 8900 9900
 8300 7300
11900 4400
 7800 3200
 4600 6700
10000 9200
10400 5000
 6600 8400
12400 8800
 690012600
17200 4000
13500 9100
11600 5000
 800012800
 5700 8100
14800 8700
1570010300
 620013500
1670014800
1310014300
10100 8200
16900 9000
 690011800
1100010100
 940012500
1120015000
1130014600
 810014900
 720012100
11600 9200
 9200 8400
 920011500
12000 8200
1020013900
12100 8100
 6800 8800
 760011800
1260013400
 430014700
1640012700
 8500 7200
 2900 6800
 950012500
1280013200
 630010700
1340013100
1330014100
 620014900
1010012900
1000011700
1030014700
14500 6400
1050014400
 830013600
16100 6100
 6900 7400
 760015100
  70010100
 930017000
1490017300
 520012200
 4000 8100
1530011100
 820017600
10100 9900
1060010100
1560010700
 610012900
 1600 8200
 960011300
1200012000
1230014800
13700 8300
 980013400
13400 9500
1440016400
 4600 8100
 950015900
 9500 4700
 9500 7000
 5400 9300
11500 2600
10400 6400
 6700 3400
 4100 7400
13800 7000
 7700 9300
 1000 7300
10000 9700
 8900 7500
11400 3000
15500 2100
15600 9800
14600 4300
 9700 8600
10400 1600
 8600  500
 980013900
 710016000
1220013900
1170010400
1070012100
1240010700
1430016300
 560014700
 130016100
1020014400
 7100 8200
1730015200
1040016200
1270017700
 8700 9600
 560010900
1140013700
 870011300
 3200 5100
13000 8200
 920011700
 650010600
1020012200
1120013500
 1600 6000
 810010000
 780011600
1300014200
15400 6000
11600 9300
1640014000
1230011400
1240012600
12200 6200
 5200 6100
11900 8700
 6300 7200
 750011600
 7000 9100
15600 8800
1040010200
 8500 3000
12200 7800
1300010300
1410011800
10600 8700
14600 6900
1100012700
 6500 3300
12700 9300
 7900 2900
 5700 9100
 940016300
 670014200
1160016600
1000010100
 280013400
 550014600
 8800 9200
1060010800
1000011700
1070010300
 980016600
1050012600
1120011000
 680014600
12400 9800
10800 6800
12000 5700
 6500 4900
 430012300
 5600 6800
 8200 9900
10400 5100
15400 8800
1430010000
 7300 7600
13800 6200
1040011700
  800 9200
 6500 3800
1030010300
 6900 7800
 9900 7300
14200 6700
10100 7300
15400 4500
1470012400
1510012600
1000011600
10500 3300
 4300 6000
  400 2900
14200 5500
 7000 8600
 810011400
 5900 6600
 9200 9500
1600013600
1420010200
1160013200
15200 9600
13900 4800
 630010500
 840010600
 3400 9600
1000016300
 990015800
15100 8700
15500 7300
15700 7600
16100 8500
1470010500
 860014600
13600 6800
 7400 9200
 7400 4000
15000 5100
10700 4600
12000 9700
 6600 5900
1620011100
1480010900
 7100 2600
11100 3800
 730010700
12900 9700
12100 7200
15200 1500
 6800 5800
 8300  300
11400 7900
 6700 9400
1120010000
 3100 5200
1340011600
15200 9800
 8900 9600
 9100 5400
 9600 9500
 750012100
1130013100
 970013000
1220012600
1450014400
15800 9400
1060013100
 7100 7900
 680015900
 7100 6900
 860012300
1380012600
 900017000
1470015100
1340011800
 8800 9500
1420014100
10200 7700
 720014300
 870015100
 190014200
1160016500
 580010500
 980017600
 130011500
 800011700
 590015900
 650012000
 3900 6400
 450012600
 610013400
     0.494