    1   51    5    0    174100
1200014900
14000 7100
 9000 9800
1580013000
10400 7500
 9700 6400
1260013300
1100011600
14700 9500
15100 7900
 770012300
  200 5800
10100 6400
 9500 9200
1000013000
 8800 7000
 8000 8600
16000 8600
 390015100
14300 9900
1120015000
 5900 9300
 8400 9300
13200 7800
1820012000
1450014900
 590013700
1280015000
 650011000
 7000 6000
16800 6000
11000 6600
 380015200
 840014600
13800 7400
 480010500
 580010400
 2500 7100
12200 7400
1340013000
 700014300
1110011200
1200014900
 240013500
13000 5600
 6600 6500
17500 9300
 6700 5600
 240010100
 9500 8900
 840016200
 200017000
1300014500
 990017100
 880014700
 610011200
1260015600
1470012200
1420017700
1560010200
  20018400
1180015800
 740018100
 640013500
 560016500
 420018400
 910019100
 630014600
1150010500
 880016800
 290011400
1100013300
1620019700
1130013000
 950011700
 260010400
1270018600
 740016900
 480019500
 950015800
1610018300
 470014500
 290011800
1620016700
 620018900
1150011300
 580010400
1360014000
1970014900
 970019100
 870013000
1070019400
1130011600
1400019100
 720013600
1180015700
1090018200
 540011000
 540012300
 520013600
11500 9500
 910017700
 960013800
13400 9300
 840016800
 860017500
13500 8900
 970017400
 240013700
1380015900
 920014100
 520012900
 980013800
 880010400
1410014200
1160012400
1310016500
 620015300
 670011100
1440011100
1450012500
1040017200
10100 8500
 370011800
 990010800
 740015400
1160010900
1750014300
1730017700
 500013700
 330013800
1220012200
 5400 9400
1050010000
 6600 9700
1350017600
1880017000
 840014900
1170015400
 460010500
 220017800
1400012200
 650015600
1930016400
 960012400
 640010700
 470015400
1320010100
 7100 1500
 5500 6800
 9000 4700
 8900 6400
 7600 1500
13100 3100
11500 6900
 5400 4700
13000 4300
12600 9200
 4600 5000
14200 9000
 4300 6300
13600 3400
 5200 9600
17900 6000
10600 7000
 6000 8100
13400 4900
15200 6700
17500 8400
 9400 7800
 1500 7100
 8400 4200
10100 7300
 4600 8900
16500 5500
15300 4800
12000 5800
 8600 1800
10800 9100
10300 9200
12000 7900
 2500 4800
14200 1700
15200 8800
 7400 4500
 3600 2700
 3700 2900
10000 4200
 9300 3400
 6200 3300
18700 5600
11600 8500
 8700 7400
 490010100
1620015600
 220012300
 860013300
16200 9900
1010011500
 950010100
1280013800
 4800 9600
1260014600
 4200 8700
 950012500
1210015100
 950012200
1240014700
 760015000
1850010300
1390012400
 500014400
 870013100
1080012000
1860010900
 800011000
 2300 9100
1180015000
 550012300
 660012900
16200 8600
1780015400
 550017100
 350017200
1640011300
1180014000
 840012000
 320016900
16100 8800
13200 7800
 830010100
 7800 8600
 280016600
1160015200
1230011300
 840013200
1250015800
 710012000
 990015600
 530016700
 280014100
1160014900
1450015700
 710014500
 5800 8900
 960010700
 360015600
 9400 9500
10400 7300
 790015900
 610012800
 680014000
18300 7600
1190010700
10000 8600
1450011900
 7400 9000
1300013900
12600 9400
16400 9100
 8500 7500
 290016700
1030011800
 680016000
1210015900
1030011800
13200 8300
 510015900
 820014900
10200 7900
1140016600
 700015300
 200014400
12000 7800
17300 8200
 890015800
11600 7900
 3900 9400
 840015500
1230016100
 490013300
13200 7300
 3800 7900
 770011900
 8100 7300
12600 5100
 920010000
1280011600
11000 2700
13900 6200
 520011600
 700011900
 6300 7800
 930010500
 980011500
13300 7400
16400 7000
11100 3200
16400 5400
 6600 4300
 6000 3700
11100 3800
 8600 6300
19400 6000
12700 9400
 1700 9000
12500 6100
 3900 5900
 4000 8700
17400 9300
 990011600
 9800 9500
 8200 7000
17300 2700
 6700 8800
 4800 6200
 9600 8800
16000 8700
18500 9200
 2100 6700
 7100 7200
 7600 2400
1060010900
11800 9100
 760011400
11600 7100
 9600 8300
 140011700
 2900 8500
13400 9900
13200 8300
 9800 6200
10800 9000
 300012500
1080011200
 560011800
 9400 8200
 570012800
 6800 6200
1480010600
 4300 6300
16300 8100
13100 5700
 820014500
14200 6100
1520014200
19300 8700
 930011000
 840011800
1250012900
 6400 5200
 9800 8800
13200 8300
13700 5400
 2900 6300
 300010400
1050014800
 780010400
11300 8400
 9800 9900
17800 5200
1880010800
 180013500
10300 6700
1140014900
 450012700
11200 8200
 830010900
 9900 8300
 630015000
 900012900
 480013100
15800 8800
 6400 9900
14700 8000
 7000 7200
10300 7300
1060011500
 510011500
 880011700
 440012000
1290011400
1140016700
 9900 7200
1490011000
 660010300
1490012800
16300 7100
18800 8000
14100 8000
 5500 8500
 8100 9100
 890014200
 500011100
1020016300
1710012200
 720011300
 5500 8700
1300013800
 840012800
1200013100
 510016500
1820014400
1810010900
 520012900
 4700 9000
10000 7800
 470015000
15000 7200
 790014200
1160014900
 190013600
 190010200
 350010900
12300 6300
 980010700
 790015000
15600 6500
 2900 9500
 8000 7000
13900 6400
 960015700
1810013000
 520012900
1390015800
11400 9700
 470010300
1400014000
1190012400
1640010600
1480013000
 200011200
 6800 9100
 370010600
 9500 7100
1730015800
1640015700
 590010600
11800 7700
1270015300
 3000 9200
 970010200
 4400 7100
1390012000
19500 6700
 9600 7100
 720014200
11400 7400
 5600 7100
1040015200
 830010600
1180010800
 490010200
 160011400
 390013900
1570014800
 1700 6400
 8000 5900
 7400 9700
1060011300
 9200 5600
1150013400
1570013300
 7800 9600
18700 8000
 9900 7900
1100012900
 770015200
1140012400
1310010400
13000 7400
 8100 8000
 750012800
 150015100
 6200 9400
11800 6700
1040014000
1070012200
 310014300
19000 6200
 2200 5700
 530014700
10400 6900
1100013700
1240014000
 120013800
1250015000
 4200 8900
 510011900
10100 7700
 580010000
1140010000
 330014800
 560013400
  900 7600
 4400 7100
1070013300
10000 6700
 8400 7600
14300 8800
 7300 8800
17000 8300
 710012700
 980015700
 600010400
1170010700
 970015600
1500014200
16500 7500
1110011700
 9400 8200
 930014700
 330014200
 680013300
13800 8100
1350010700
1030011800
 5400 8400
11600 8400
 6600 9800
 500012800
 410013700
1380010000
1460014000
 4600 8100
 550012300
1050013900
 3100 7300
 9500 7900
10500 6600
1020012500
11600 8200
 890013100
 660012000
12500 7700
11100 6300
 9200 1600
 6600 7200
 6000 2100
10500 1900
12500 5100
 9000  800
 9800 7300
 3800 6000
15000 3000
 8400 3800
10900 9700
 9200 3300
 6800 4900
 9700 2300
 8300 4800
 7900 1300
10800 8100
15800  700
 7900 1400
 6200 4800
12500  700
 3600 2000
 6700 3000
 4200 7500
13700 6900
15600 5200
 5100  500
 9400 3900
 7100 6100
 2100 4900
14300 1400
 6900 8800
17200 4000
 4900 7800
 9700 2000
 3500 4200
1080014900
 760010100
10300 9700
12100 8000
 940011700
 8000 8100
1370012900
 550016400
 740013700
12100 6700
10800 7800
1540013600
 760011800
 460012300
 390010100
1030013400
 4600 8300
1030014000
1340012500
 460015400
10500 9400
1440016300
 9100 7400
 240014000
1030014100
10500 8100
1840016300
 590014000
 690014400
 430012900
 870014600
 870016300
 620016000
 9900 9300
 890014400
 570011100
  30014200
10700 6400
11500 8500
 9300 6300
13600 6100
 6500 9500
1010012400
14300 5800
11400 9600
10700 6500
15900 4800
18900 8400
13700 7200
1050010800
 8300 6700
 2700 7200
11600 4200
12000 4300
1020011200
 7800 9800
 3900 5100
 960010700
 800011400
 6400 9200
 8900 4300
12400 7300
17400 3300
10800 6600
1020010900
 510012300
10800 6500
 7400 4600
 9100 6700
17800 6500
 2700 7900
10200 9500
 7500 4700
 550010100
 7400 6400
18200 9300
 4100 2400
1470010200
 6100 5400
11300 8600
15100 5100
16400 3200
12400 8300
 9900 3600
 620011400
11700 5500
 8500 8300
 4500 2200
14900 3500
18900 9600
 5800 8000
 4700 9600
 9500 3300
 6700 6800
1130010100
 920011100
14100 4500
14300 3100
 4800 6800
11900 2000
 4300 7400
 7300 2400
12400 8600
 800010300
15500 8600
 3500 5100
 9500 7000
 7500 3300
11700 5900
1100014700
 3600 7200
1660012700
1460014200
 820012200
16900 7900
 7800 7300
1240010400
 9400 6900
 940012700
 540011000
 8300 9400
1250011700
16800 8100
1580011900
 990013300
 690014800
18800 5100
 8700 6900
 840011100
 470012800
12500 8000
19200 5000
 2200 5300
11200 9600
 9300 6000
 4300 8600
1480010600
 580012400
1560014600
 780011100
 470010000
 960013100
11600 8500
12100 4500
 990010000
 8200 8000
 580011300
10600 9300
13000 8100
19700 9400
1050012700
1030011900
 540010700
 9700 9300
12000 6800
14000 6100
13200 9200
 6200 9600
 2600 6800
12800 8800
1170012900
11200 5100
 500011800
 860010600
10000 7200
 9500 6500
 810013200
 9600 4600
 4000 9600
 670013000
 420010300
16000 7400
 3500 9800
 2900 9300
 9500 9500
 5800 9300
1860016300
 990012700
 890012800
1310015300
1390014000
1930015300
 910012200
 210012600
11500 9700
 770017600
 690014000
17100 9800
1750011200
1080015500
 790015800
1500010300
 960011400
 900013200
 980015900
1300014300
1300010100
 1500 8800
1160016100
 990017200
1000017800
1340010400
1140018400
1480010100
1160011700
 380016900
 780016400
12700 4900
13300 3400
 5200 9800
16700 3400
 8300 5800
18200 5100
 910010600
 370011900
 9000 9100
 420010600
11400 5500
13300 4100
1590010700
 630011900
11800 5800
19200 8700
 4900 9700
 610011100
 2400 8300
13500 8000
1850011900
 4200 4400
 7200 8500
 720011100
 7900 5400
14500 3600
1200011900
11700 4200
 3800 9200
 380010800
  900 5800
1150014800
 620011200
1480018500
1220012600
16300 9500
1460017200
 990016100
 830011700
 420012900
 380017700
1310011400
1530013800
 250013400
 530010000
1210012500
1080012800
 420014800
 910013900
1560012000
1080013400
 140015500
 390015100
1130012200
 420016900
1520017900
1000011600
1040010400
 970010200
 230017500
 310010200
 6500 6700
 7100 7200
1490012700
16600 6400
13100 8300
 160012600
 830013100
 6900 8600
 530014900
1130012300
1380013800
10200 7100
1080010000
18500 6200
 2300 7900
 350014100
 380011400
11600 9400
10400 5700
 9700 8800
 540012200
 240011100
 950010700
 9400 8100
1270014600
1480010000
 630012800
 1100 9700
 490013300
1080010400
11000 9800
15900 7800
 6000 7600
 820011700
 5500 7200
 3400 4000
 8500 3100
16500 5900
13200 6100
 4000 3600
 2800 6800
12000 9600
 3100 3700
 8200 4900
 5700 9900
17800 9900
14500 7100
 4400 3200
13200 3400
 300010100
 2300 8200
15700 8200
10500 3600
19300 7000
 8100 8900
 8200 4800
 2300 3700
1160011600
1120012700
 800016100
 5400 7200
12700 8400
 220013900
 9700 7600
1570011500
17800 9700
 730016300
12200 7500
1130010600
 460012500
 820014300
1080010300
1140016700
11400 8900
 120010300
 6800 8200
 260014100
10600 8400
 810015200
1330011400
1400012700
 710016500
 3200 9600
 420015000
1930014800
1470010100
10200 6800
 400010500
1040011500
 530015200
1740010800
1880013000
 4000 8400
11600 7400
1890015700
 570014400
 8300 8800
 730011100
1010015700
1980013400
 820016000
 9900 9600
 300011300
 3100 9000
1620011700
12200 8000
10900 8900
1100015900
 690011000
 790016500
 810015300
 290016700
 900012600
1070018200
 860014000
1470010700
1680011200
 520011300
 980010400
1390015100
1040016000
 640014000
 680019600
1470014300
1370018000
 810011400
 900019000
 940018400
 580014100
 920018400
1000016600
1170014000
1150017700
1050012500
 720016000
10600 7400
 610011000
 6600 7800
 3200 6500
11900 9600
16200 9200
 8600 9400
 290013900
1080010200
 800012700
 500010500
 180013400
10700 7900
17500 9200
 1500 5600
 650013400
 380014500
 630010500
 9200 9300
 980010100
 9900 9100
 670013300
 690014300
 510014800
 8700 1100
 6400 9500
 9300 1100
16000 4700
11200 5000
 4500 3400
 9800 8200
15400 9800
 5300 4800
 5100 1400
 180010000
16900 6500
15900 1100
 3900 2300
 4600 3700
 4100 5200
 4500 5300
14400 6400
1010010500
11300 1900
 6800 5800
 9500 2700
  900 2300
 3500 3800
 750012600
15000 9500
15000 4600
 480011000
 3300 4600
16900 4700
 9200 3600
 830011200
 310010500
1210012100
12900 7600
10800 5100
 8600 8200
 7600 8900
 2600 7800
1470012000
 8000 6400
13800 5600
 6600 7300
 4600 7500
 3300 8600
 8000 8400
 9800 7000
16900 3900
11000 2800
 3000 1400
15500 8400
 7700 5400
 2600 2400
 2600 5800
11600 8800
10900 3100
 1700 9400
 8300 3100
 5900 9500
11400 8700
 6900 1000
12400 7800
11300 9500
 7900 1700
 2700 8500
 9200 6500
16000 3700
13500 4100
11400 5800
11000 3800
12900 5900
1090010900
 640011800
 8400 9400
1580012100
11100 8500
 6400 7500
 880010600
 6800 7400
 7500 8600
1140010100
 9100 9600
18800 6200
11400 9900
 1600 9800
 780012100
1400012100
 880018000
 870014300
1480017200
 4000 9400
 580014100
 930010000
1270013300
10600 9900
 910013200
 8600 9400
 850015800
 930013900
1120011500
1020017200
1500015900
 750013200
 120010700
 800017200
 710013600
 940014600
1860018100
 400010900
1170017600
 910016000
1770013900
1930014100
 670012000
 950018600
 810011200
 600015200
1420017800
1000013300
1220017400
 530013900
 770012700
 280011500
10900 5500
18600 8300
10700 4700
 2900 4300
 6500 5900
11500 7800
10400 4300
 8300 6000
10000 5000
 5600 2800
 6500 6100
13700 5900
1310011900
11400 4900
 830010500
 970011000
 9900 8800
14400 7400
 320010700
 2700 4100
 3500 9700
1740010500
13500 8300
 3600 8500
 8400 3100
 2800 5700
 6100 6000
 7200 8900
 9000 3500
14200 3700
 3400 7400
 6700 9100
 2900 9100
 560012200
 790014500
 200017900
1800018800
1680012100
 250018100
1330018300
 510012200
 330014900
1270016400
1210013600
 980014800
 450014900
 270010500
 820014700
 7200 3400
11000 9100
 9400 9100
16600 9700
 5400 7000
 760010800
 4000 2800
10500 7600
 900010100
 5400 6900
1730011900
 840011200
 2000 7700
 2200 4500
10000 9700
10000 4800
10300 8900
 4700 4800
 9800 8400
 8800 8000
11000 8600
 7400 7500
 5900 6400
18100 7600
 4600 6700
 550010300
 8400 8300
16700 9900
19000 1600
 1700 6600
 3800 9500
 6900 2100
 8100 9100
 9500 4400
 6600 4000
18900 1600
 4000 4900
 4800 1800
 7300 6600
1780014600
 1700 8900
 440018000
 480013800
 380016200
 870011700
1100018300
1430016300
1140013900
 400010900
  10017300
 150012900
 940018100
1140019600
1060017700
1230010700
1140014400
1730013100
 960012200
 230015400
 500016400
 7100 9000
 5400 3600
 5900 3900
 6600 3200
 5500 8700
11800 3000
 8500 3900
 2600 4200
 3500 8300
 750010100
 7900 4300
 690011500
 7700 8000
12600 9500
 720010200
 370012800
 3500 9800
 910011100
13400 7800
1380011100
1570010600
 3200 4200
10400 9100
 5700 2800
11500 9700
 8000 3800
1860011500
 4500 7900
 270011100
  300 7800
 830014700
14000 9700
 970015700
 210016200
 980010400
1480010400
 8400 4700
 4200 8200
 1400 4800
10300 9800
 700019400
 860017300
 2300 6900
 8600 2900
 6300 2100
     1.629