    1   41    3    0    1110600
19000 3500
 8400 9300
14900 7200
11000 3300
 9700 9300
18000 1500
 7800 4700
 8000 2800
 9400 7500
16900 5500
13600 5600
 9000 3300
13200 4800
11300 6600
 7100 7600
17500 8400
13200 1400
 9700 8200
 6500 4600
 4900 7200
 720010800
12600 9100
18300 1800
 6000 2200
 7000 1500
 7000 3100
10300 7800
11000 6400
10100 2400
1190010000
10800 4200
12100 4900
 2400 1900
13700 1500
14100 8900
10600 5700
17300 7400
 5900 7800
14900 6000
  900 9100
 730012900
13200 9500
1520010900
1540015800
10600 9800
 930018300
 930012300
1270018500
1460016100
1790014000
 230016900
12000 9700
 730016400
 390012000
1580017500
 570016600
1640010600
 700015100
1050016000
 860012700
13100 9400
 890018000
 540018000
 930018000
1430015800
1340014100
11600 9600
1480014200
17600 9900
1240014600
1080012100
 2800 9900
1330018200
1460015200
 640013200
1180014300
1190015400
1150017600
 660013700
1230014700
1310010400
 970015200
1150011500
1700014600
 560013400
1140011900
 900011400
1050014900
 370014800
1540013800
10300 9000
11400 8600
1190013900
1030015600
1380015200
 680010400
 690012600
 820013100
 930015800
1260012200
1280010500
 760013300
 780010100
1060012800
 870015100
15300 9400
14500 7300
 7000 9600
1220012200
11200 8100
1080012400
11200 8300
 630010000
1260010000
10400 8700
 8100 8100
 1600 8600
14300 9900
16900 6300
1180014300
1240014100
 7700 8200
1490012300
15100 6700
17300 5800
 750014500
 9200 9900
12900 9700
10100 9300
 820010300
1180013500
1320012700
12400 6300
1260014100
 6200 9300
11800 8800
 8600 6800
 6500 6900
14700 6700
 570012900
12000 7200
 6400 6600
1730014400
1390010200
 980012100
 500011500
10900 5700
1660013700
1620012700
1470012100
15200 6500
 730013400
1620012500
 1400 8500
10100 7900
14700 7000
1500015000
1040013200
1250011900
15700 6300
16300 7200
 6600 7100
1360015600
12500 9400
 480012400
11400 8700
13500 6500
1610012600
13500 8200
 6700 8600
 7800 6600
1340011200
1640011300
 410011700
1390014000
1080014800
15300 6100
1140013300
10700 9000
16700 6500
1640012100
1280013800
 2400 6700
10600 7200
1040011400
 790015900
15400 7900
 940013600
1670010500
 720013500
1710013900
 770014600
 100016200
1070010900
13100 7900
11400 8800
10700 7900
11200 8300
 9200 7700
11300 9500
1780015300
13800 7600
 860012900
 770013200
 670016800
1250015100
 500010700
17400 7800
 670013600
13800 7900
 960014800
 8400 9400
 940015300
16300 9500
1050014300
1240017000
11000 7500
 3100 7800
 800010400
1520012300
1080015800
1120016900
1300015700
 840015600
 7800 9000
 780014200
1010017100
1180017900
 980010700
1010015200
 480018000
1640015600
 540010000
1170018000
1530013400
1310010600
 700018200
1480013200
 680011700
 920014100
1390010900
1700017400
 5300 9000
 790012600
11700 9700
1070012900
 730012200
16800 9700
1580013300
1320013000
 530013300
 590012300
 920014200
 980013300
10000 9400
1660017200
 330015600
1590016800
 480010000
10500 8700
1830012500
1440015100
16900 8500
 8500 9200
 990010200
12500 8500
11400 8800
1060012800
1130010300
1450016900
 820010900
1400011100
 470015900
 740010500
10900 8300
 7000 7900
1540011400
 5800 8500
1310015900
 860012900
1030011200
 980014200
1050016800
 340010300
 580015300
 980012300
 820014100
1430014400
 960014500
 910010900
 8200 9500
 3400 8800
18500 6800
13100 3800
1860010800
11200 2400
13500 5100
 6200 9100
 8900 1300
16600 2900
 4500 6000
13100 8700
 5300 5600
14200 7000
 6400 9100
12900 1400
17000 1100
 9800 6300
 8200 9700
12600 7600
15500 4800
11200 1600
12500 5600
16800 7500
11500 7000
12800 5000
 9800 2800
13800 3000
13000 6200
 9400 6000
16500 5300
 4300 8500
13100 4200
 3500 7400
1040011500
1090011500
 470017000
 980018200
1190017200
 270014600
1620018100
1260017100
1240014600
 900010400
1380013900
 480017800
1360010200
1130016800
1060011600
10400 9200
13600 9100
1010010900
 760011300
16500 9600
1070012900
1530015800
 600010900
1030016000
 910012200
1380016300
1520010900
1690014800
1280016600
1620017200
 800015800
1650014200
 1800 9800
1040018600
 570011000
 250017900
1760013600
1210017600
1130016400
1230012700
1260016200
 570011500
 910010900
1440016600
1300017600
1530018300
 6800 9100
1370010700
 650013100
1210013600
1100010000
1360017100
1090017000
1060011400
1240010000
1640014500
1440014700
1640016100
 930010800
1080015900
 580012400
1050014100
1260014600
 990012300
 900017600
1100010100
 990018300
1050014600
1120014200
 560011200
 460012400
 580012500
1660011500
10300 9900
10400 9900
1250018700
1650012900
1160019000
1440010200
1460012200
 850017600
1100014000
 140017100
1500010800
1570011900
1150011200
1690012300
 410011900
 930012500
 210018800
 9300 7000
 6400 4600
11900 8200
 8800 4500
11900 5700
 7400 7400
14500 3600
10000 3800
 5400 1600
13600 9100
12800 2300
 5000 2800
 9400 7800
1360011200
16300 1900
1030010800
16600 4000
16600 9600
12600 2800
 8600 4500
 2500 9900
12300 2300
15200 9900
 8200 9400
15900 7000
11700 5600
13300 8600
 7300 9100
1220013600
1140017100
1770013700
 560016400
 740015400
1410016600
1120010900
 870016100
1070013100
1800012700
 510017100
 9800 8400
1130011700
1090014600
 630017300
1160012400
1370016800
1340017300
 820015200
1120010100
1720015700
1670010200
 850010200
1410010900
1300016300
1710017400
 730016900
 5500 8400
1620013400
12400 5700
 790010700
1250012700
 940011400
12900 6600
1280011900
1670010100
 720010300
 650013000
1140012200
 800012000
 6800 9400
11900 4000
16400 6600
13000 9500
11600 5300
 7100 8600
14900 7100
1310011000
 8500 5100
1400012200
1220013100
 8200 4300
  700 7100
 830010700
1190010300
 7300 7100
14500 5500
1440011800
 9500 3700
 5900 8900
17900 5000
11300 9700
13700 8600
 6100 4400
 8400 6400
 9300 7800
14000 6000
17000 5500
10200 3600
 3400 4900
 6800 9400
13700 6200
 9600 5000
13000 5700
17200 7100
 5800 3800
1700011100
 2500 9300
1240016700
 850016400
1430014700
1150017700
 330016600
 780016800
1050011200
10100 9800
11400 9500
1290017700
12900 8200
1380013500
1770012400
1450012500
1110015200
1120012500
 990014900
 9800 9800
1510011100
1370014400
12400 9000
 890011200
13400 8500
 660016900
1480012200
14200 5400
1010010800
 8200 9700
1390012500
16700 5900
 5600 8200
 720013200
 4800 6600
 790010800
1210010800
16800 8200
11600 6600
11200 5600
 440012700
 320010500
15000 9400
1150010300
1190012600
1040012900
 4900 7400
10500 6700
 5900 6700
13000 9900
 850011200
 640012300
 5300 6800
17500 7800
1240012700
14100 9900
 840014300
1390016400
 960015600
1890012000
1310013500
 8500 8300
12000 9400
10800 8800
1730016300
1070011900
1070012100
17600 6900
 700014700
1470010300
 140012300
 5700 9800
 8800 5700
1060013700
1110010200
 580012100
1460014400
 750010900
1230011500
12500 7300
10800 7700
16700 8100
 950013400
11700 8600
 290011000
15100 9500
17200 9500
 8000 5600
1830014700
11200 7600
11500 8900
 610011300
 7000 6000
 8600 5000
1420011000
 590011000
12900 5000
13600 7800
 990011600
 8000 9900
13300 5700
1640013500
 7900 5600
 570010500
 8200 8500
13800 8600
1770014400
13900 7200
15800 9200
 550011000
1440011600
 840010200
11300 4500
11300 8400
11200 4300
13000 6200
10700 9300
1030010400
 9800 3800
10600 9200
 990010000
11800 5000
 7900 7800
 8900 7000
15700 4900
15400 6000
1360011800
1290013000
 7900 3400
17400 5300
 670011700
14200 7000
13400 9400
10500 7100
 8100 8100
 870014200
15800 5000
19400 8200
1360013000
14300 6700
 4300 6800
 4600 4400
1010012600
1370011000
 650010000
1620012900
 820010000
1010011900
 7600 8200
 840013800
 830011300
 830012100
1100017500
1500016500
1140011800
 980018000
 710015700
 460014700
 420017900
1560015000
1450016400
 930010200
1820017700
 7600 9300
1320016100
 9900 9300
 8800 6000
 640011500
 9000 9400
 6200 8600
11000 7100
1260010600
13300 6600
 8600 7200
 9800 5500
11000 7900
 890011000
12400 5700
1720012900
 590012400
 890012700
 9800 7800
1230015600
 980013700
1270013000
16400 6500
1370012800
1340011900
10800 6800
 160010700
1560013000
15100 8900
 800014500
12100 6800
 4400 9200
1580012400
 120011500
 950011500
1490011700
19600 5600
18000 4900
1260010400
 6200 8200
 240011200
1770012800
 8900 5500
 930011800
17600 6100
 3300 7000
1540013100
 4300 4600
1520013900
1090010600
1440011700
1050014300
12300 7800
 990013800
14100 9300
1520016000
 820012300
1530010000
1020013700
 990016900
 520011100
1900011300
1140012700
16000 9500
 510011100
 470014700
1110014400
10700 6600
1170013000
 980013900
 600011900
1110015200
 9100 6500
 990012500
 900017000
1050012100
 700019800
1740017800
1730014700
 610015600
1430011200
1070018000
1500010300
 430019600
13100 9300
 750017600
 990016700
1240016600
 810013700
 620017700
17600 9000
 440015800
1690017700
 1100 9700
 590016300
 3100 7700
1640016100
16500 9500
 910015600
16000 8200
 6800 9000
16500 9700
 6100 7000
 700012100
1390010300
15500 9200
13100 6800
1250011800
 6500 6000
1660012800
 160011900
 9500 4500
1150010900
10400 1700
10100 4000
 5600 2100
16200 5400
 3400 8300
1770013900
 750016500
1450015100
 400017600
1590013900
 360013100
13000 9200
1140015900
11700 8000
1470010800
  40014400
1460014800
 560013700
1550011000
 7500 6600
1100017400
 860016000
 710010800
 7600 8000
  600 4900
  100 9100
     1.656