    1   41    3    0    1116000
1320013300
1330011000
 7500 9300
 7200 9700
1290014600
1450015800
1170010200
 810012600
 5900 8900
 770015300
1550011000
1230010000
1760015200
1180011500
 830013200
1730010100
1000015100
 510014500
10300 7100
 2300 6700
1320012300
 800013200
 790011500
1510015200
 340014000
 6400 6700
 520012200
 1700 8100
13100 8100
10100 9500
12200 6000
1530012700
1280011300
 9800 8400
11700 9900
1720011600
 5800 9500
1950014000
 9900 6000
  100 8800
1250017400
 410012700
 590014700
1160016600
10300 9700
 700014100
 940012200
 4600 7700
1330012300
1160013400
1540013000
1660016700
 920017000
1190015400
 870013300
1520014700
 710016500
1230010900
 200010900
12600 9100
 630014900
 6700 8400
10200 9100
 7200 8500
1070015100
10500 9500
 400014300
11200 9100
18300 8300
1680015300
1260011500
1260014300
18300 9100
1100011500
1210014600
 480010200
1300012300
1350016800
 930014800
 5100 8100
 860014000
10800 7500
1370015300
 9800 6400
 7500 7900
10400 8300
 630013700
10600 7300
 920011900
1870013600
1460011300
10400 9000
 860013100
11800 8800
 6600 9600
15400 8500
 8200 5800
12000 9500
 4200 8800
1010013900
17400 7200
 150015200
1440011700
1390012400
 9200 8600
 6300 5800
18200 6300
1170010200
1910014800
1160012700
16300 5700
 6900 9200
1880010300
 500011500
10500 6500
1180010500
 9300 7700
14100 9800
 810013700
14600 4700
1220013600
1330010000
11000 6500
12800 7700
15200 4500
15900 7600
1760012100
1120011400
1330010300
13800 6500
12900 8000
 4900 5200
1450012300
 340012700
1330010100
 8300 8600
14400 7200
10600 7100
 2700 7300
 8500 4200
1100010100
 7000 7800
 9900 6100
17600 7100
1800012600
1770011500
 7800 6400
15100 6200
10200 5500
1810012800
 350010800
11100 6300
1260010400
 690010000
12300 6600
12000 9800
 3500 6300
 7100 9800
 5500 6300
 7100 8200
1180013700
1240013600
10000 6400
 700015200
14700 5600
1050010400
13800 9100
 6400 8600
12000 7600
1000010400
 9700 6300
 9700 7300
14700 6500
1620013800
 3800 6100
 9600 5700
 6800 7900
10100 9600
1010014000
1650010000
1430014700
1600012500
 820011800
1480010600
1300014800
 920014000
1010012500
16900 7600
1330013000
 590013100
1650014000
 360012000
1330011100
 5600 8200
1130010000
11700 9000
11300 7900
11700 6700
 800013600
12800 9000
 8500 8400
12500 8400
 380015900
14800 9000
 430014000
1140010800
 460010000
 8700 7600
10600 7000
 680012700
 910010100
 7500 6200
 380011600
 9700 8500
1720010200
1650014400
17300 6800
1100013100
1650011800
1210014500
1110015400
 510012700
1940013200
16800 9400
 520012600
 880014300
 670011000
 630012800
 580014300
16800 9400
1020017000
1950013600
 710013600
1330010300
1370010000
 980012400
 930015200
1090016400
 450015300
 860011100
 460011700
10500 9400
1740011600
 740018100
10100 9300
 570014800
 910010000
1410018400
12200 9200
 980011700
1380012900
1610016700
1380013500
 750015500
16200 9400
1310012500
1430014000
1130016600
 3500 8700
14200 2800
 4600 4900
11900 3800
11500 3000
 9000 4600
1360010500
15700 3800
 8900 5700
10700 7800
1390011000
 9700 8000
 8600 7300
 1800 8800
16200 9900
12600 9800
13500 5300
12000 7900
 3500 6500
14600 3400
12800 8800
 1500 5300
13800 8800
11700 6600
18100 5300
1190012400
12400 4800
17500 5200
 7700 3200
 970011400
13000 2800
14100 4000
1470010400
 8700 5600
 4400 8500
1040011200
10100 8100
1670013400
1340015400
 990011500
 9600 9500
11800 9800
1690014300
 560015300
1020014500
1120012000
15600 8300
 920010600
 860015700
1530010200
 2200 8600
1440013200
12200 7300
 8700 6000
1130011800
18500 8700
1510012800
1800011700
12400 6500
11500 6000
 8000 6700
1820014800
1290012000
1590012500
1170013800
  40011100
1170010800
10400 9200
11500 9300
15300 5000
 920010900
1490012900
15200 4900
1940012000
 2400 4600
1030011700
 3700 5000
15600 8600
12000 4400
 8700 6300
10200 5200
10800 4100
13300 5600
1220010200
 3400 8800
 7000 9700
14000 9100
14200 6400
1490012900
 770010000
15400 9600
11100 8400
1280013300
 5900 6500
1050010500
 7400 8100
 9300 5900
14800 5300
1520014200
1600014700
1180012300
1340013800
1360011600
1820013000
 670012800
12000 6700
 400010800
1410014000
 5800 8700
 6600 8600
 990011600
 380011400
 7300 8200
1250013500
 6600 7300
 800011000
13200 5300
1830012100
14400 8300
1640014300
10100 8600
1010013100
1500014400
1230013900
1590014400
1680010500
 4000 5700
16700 8600
1800011400
10800 8700
1420011300
1180018000
1420015600
 280014000
15700 9600
 260017600
1410011900
1180013300
11300 9500
 970010000
 710014700
1000010100
 890010600
 370017500
1170016100
 990011100
1720012900
1310012500
 840012900
1010011900
 810013200
1390013100
 810010900
1380010500
1280013600
 340012200
1530014200
 6100 9900
1110011100
1440012200
 970012400
 370014700
1380016800
 440015500
1050010000
 410015300
1180011700
13000 8200
10200 8500
14100 7700
 650016700
 260015300
1060017100
1450013200
10300 9500
19800 9100
1530012300
1670015800
1130014600
1570012800
1230013800
1120015000
1370011100
 300013000
1330017200
 850010400
1240018300
1680018400
 680012500
 910017400
 610018100
1240012900
1120018400
1480010900
1130014300
 2300 9800
1090010500
 730011600
 210010400
 580016300
1220010300
1340015600
1810012900
1160016400
1240016400
1150015200
1340013500
 480014200
1670013500
 990012700
 120013900
1680012900
15300 8600
1730012400
 5900 7300
1680011300
1000011100
16300 9900
 5200 6800
 9600 7100
1820013700
 370013600
 720015600
11500 7000
 860013800
 770015000
 9900 9500
16200 6600
10900 7900
1380015200
12700 8000
1160010200
14200 8900
 3700 8000
10200 6300
17100 6300
 700013100
1090017000
19300 7600
 370010700
1670012700
 330016300
1140012500
 570010100
 960014900
1060010300
 3100 7800
1030016400
1020011200
 5600 9300
1510012300
1680011700
1790015500
10300 7500
1290016100
1070014000
 640015700
1420016500
 8600 8100
1000015900
1690012200
 920016600
1220014200
  60011300
 800011300
 6300 8900
11900 8700
12300 9400
 740011300
1200010200
 400010300
1400013000
14600 9800
1010010300
12700 9700
1740012000
1130014600
1000013400
 850011200
18900 9300
 6500 8500
1740016000
1270013500
1820012200
 9100 9000
 500011300
 340017800
13300 9900
 640014700
1080018800
 920015700
 800017200
1780013600
 380014800
1000015200
1020012500
 180010200
 660013300
12900 9700
14300 9700
12100 9900
1620013500
1340015200
 880012800
1620016600
1070019300
1210015300
 970010400
 190015700
10500 3400
 1900 5600
16800 2200
 9600 8100
 7300  400
 9800 5100
 8700 9300
12000 3500
 9500 8700
 9500  300
12800 7700
13100 9900
10500 8300
17300 9600
11200  800
12100 4800
14000 7600
14800 6100
10600 3200
11300 9300
13700 9200
 7800 9000
 690015900
11400 9700
 850015800
1220012000
1110015500
 820017000
 820011700
 870015800
  80013100
14100 9500
1090013300
1510015200
1130010100
 970010500
15200 9600
1430016400
1330012900
1040016000
15400 9200
1030017300
 3900 8900
 8400 7400
 6100 9800
13700 5200
13600 1400
 3100 9900
 9900 9500
 7100 4300
 1500 9500
13900 9300
13500 7400
13700 5500
15900 5500
14800 3900
15400 9600
11700 8500
1680010200
1300010600
16700 9700
14500 4600
 370010200
 580015500
 9100 8700
 8800 8900
 5000 7700
1070010900
 660011100
 440013400
 6800 9600
13600 9800
1670012000
18900 7700
 950014600
17800 9100
1160013700
1210013100
11200 8700
11400 7900
13500 9000
 330016500
11500 2800
14300 5600
 8500 7200
1420011300
13000 4500
10100 8100
1320010700
 9700 7600
10300 3700
18400 4800
 9200 6300
13300 9700
12500 7200
12100 4100
12700 5800
1340010300
13900 6000
 2500 5300
14500 9500
 5700 9200
12700 6700
 5500 8500
 6400 8400
 800014600
1140014400
12100 9700
12900 9600
 720010700
1490010700
1340014400
14500 6500
 4400 9400
1630013700
14200 6300
  400 7800
 720014900
 950016300
 540016700
 5600 8500
1180013700
1080013700
 970013800
1470016600
1290017200
17300 9900
14000 8700
1690011000
 540014200
1150017900
 8000 8900
 350010200
10100 1900
 630010300
 2300 3300
12900 4600
11000 1300
12200 1300
11800 9100
 710010100
18900 4300
 6600 8800
11900 1300
12200 3100
12300 2100
16100 2900
 6100 3100
1120011200
 120010100
1200011600
1800010100
10100 9200
10400 7700
11900 6000
 960010200
14000 8200
1840013500
 420014100
14300 9600
 9900 8500
  400 9100
 390013200
1360012900
1720011200
13500 8400
10400 6700
1300013300
1290010900
1240013700
13200 7500
 7200 8200
18300 8700
13000 9800
 370010200
1420010500
15100 5300
14200 9200
18200 9500
13900 2700
14200 1500
 6400 2400
18400 3600
11400 5000
10100 7400
 9200  700
 8200 4500
10800 8400
11400 7600
1760010600
1200010800
1500010900
 680012100
1020010100
 7600 6900
1020014600
10800 6900
 180010500
1820017500
1500010100
1210015300
1680018500
 780012000
1460016700
 620016200
1700011500
 9400 9700
 810012300
1690013100
1070010000
13300 9300
1280017900
1820013300
10800 9200
1220011700
11200 9900
 790011000
1020011300
1180015500
1560018400
1820011900
 670017400
1050018400
1570018000
 550016400
11900 8000
14500 8100
1540011400
10900 7900
13300 8000
10100 9100
 940010800
 670015900
1650018100
 7500 9200
1800015500
1230012700
 520013300
17500 5900
 6800 7000
1450013200
1540013300
 2800 7500
 350017900
1920012300
1590015200
 1600 9700
17800 7300
1320012200
  70012600
 850017500
 230010900
 500015500
     1.338