    1   31    4    0    166000
16300 5800
 8500 9600
11400 9800
18700 6700
12000 7900
 8100 7300
11000 4200
 6800 8600
12800 6900
10200 5100
11300 6400
11600 8600
11800 6400
 7200 3800
1550010500
12300 8000
15000 6400
17000 9500
 7100 7400
1400012100
 780012100
13900 8400
17600 3900
1350012100
 5200 6400
11800 7500
 4000 5000
 910010200
14800 4500
 2500 6400
 470010000
 700013200
1650018000
1480018300
 950014200
1410015200
 750012700
12400 9800
1120011500
1420017300
1290011100
 8400 8900
 870017000
1290014100
 720010200
1320010900
1220010300
1350016300
1090017900
1030015500
1450016800
1270012000
 850011600
 440012000
1240010900
 620010900
1640017000
1010018600
 430013000
10600 9400
11000 7700
1320010500
 860010300
 9800 5800
 6100 5800
10200 3700
 6400 4100
1330011300
11800 9700
1110011000
 7400 8000
 9800 3600
 5500 7600
12400 6100
14600 2500
 8900 2100
12000 9400
 9500 8500
1230010600
11300 6500
10900 1900
 4500 2700
10900 3200
 2100 3300
 9300 2100
14400 4100
 1000 4500
18000 4600
17000 6800
1300010000
14000 9500
12600 8800
1430011100
 780011900
 510010900
15000 6300
13800 8600
14500 5900
1570010100
 530011800
1500011400
 910011000
 950011600
1670013500
1470010600
 8900 9000
17800 4100
1330010900
10400 6900
 6900 7900
 8400 6400
11200 9100
 9400 6300
 4200 7500
1700017500
1610018000
1240013900
 630015100
1120018700
 700016500
1310018700
 780018500
 810014000
1130013900
12000 9900
 480012300
 720018800
1360014300
1150011600
1170010000
1420017500
 880013600
1220017400
 800012300
 860019000
1210015200
 490010200
1390010400
1400012500
 810017900
 950010100
1680016600
1430018100
 940010900
 890015300
 750019000
1000019000
1240014400
1190012900
1450017500
1390018800
 990014400
1600015600
 910010100
1170013800
1390018200
 910018000
16700 9900
1370012600
 660016200
 910013600
 810019300
1040011600
1110015900
 770016800
11400 9000
1030014900
1000010600
 7400 9700
 9100 9900
1600011600
14300 8200
13900 9400
1330010000
14100 9900
1350012600
13300 9700
 990013500
13100 8100
12000 7500
 870016100
1760017100
1370010200
 880015100
 850016100
 9300 8800
 7600 9900
 640010700
 860016300
1370010800
1280014300
 3500 8600
1020013300
 840010200
 730015300
1150015000
1770010000
1370013800
1400015400
1480017300
 6800 7700
1410010400
1160017100
 940010100
14300 8700
1340011900
 620013200
1150014100
 1800 9800
 970012700
 760014100
 490010000
1210013300
 5100 6300
 590011200
 8200 8400
12100 6300
 8000 6700
10900 9100
 4400 7100
1000015000
15600 5900
14400 9100
15200 7500
 590011100
1090011600
15800 9000
1030014400
 6900 9700
12000 6000
 930013000
15400 7100
1330014900
  60014000
1140010700
1170013300
 8500 7400
 7300 7600
12200 5700
 970012800
1350010500
16600 7900
12900 4500
 8900 9800
1190013300
1170012900
 690011100
1640014000
1470014300
 510013200
 8600 5700
 3200 6700
1390010400
1570012700
 230014000
 6200 2600
14600 2800
 830011400
13300 3700
 8300 8500
 8300 3300
 730010600
16100 8900
 8500 3300
11300 6900
 7600 3300
 860011300
10600 2300
13400 9700
 8600 9100
11800 8300
 1500 9100
11700 3600
 9800 7200
 4400 4700
1610014700
 640010300
 8700 5600
1730010700
 7000 9400
1160013400
1050013500
 510011700
 800014700
 7000 6200
1230010300
1860013200
11000 6000
 8100 9500
 860014500
 590011700
 7100 6100
1150010000
 5500 8800
 550010500
 530016100
12400 9700
 830010800
1030014700
1540013800
 630013100
 780012800
 8800 8200
 680017100
1390010300
1460017300
 540015400
1290014100
 5200 9400
 750015600
1470017300
 610013500
11900 5400
15600 7800
1390014500
11400 9900
11600 8200
 970013400
 8100 8800
 850012500
 7500 6800
10800 5300
11000 5600
10300 8100
12900 9600
 460014000
12600 8500
 7200 8400
 180014800
1690013400
 550013100
12400 7800
1260012100
1080010400
 8500 7100
 620014600
11600 7600
13500 9600
12900 5600
 4800 6700
1360012900
 8900 6300
1020012800
 820010100
  60013600
 960018000
1630015500
1060010300
1350015000
1560017300
1280011300
 6400 9300
1050013000
 780015900
 870013900
14200 9700
 730011600
1100015400
 770014500
 940013000
 8500 4600
17000 7400
12700 5700
 7500 9700
15200 8800
 8000 7000
1880010500
 740012600
 450012300
 6600 9100
 9600 9300
 9200 9200
1040010500
 3200 7900
1160014600
1020011500
 980011400
 7500 8100
 730010700
18000 9500
1320012700
11700 9000
 8200 9700
 520015300
1160014000
1350014100
 200012600
1250018600
1590014800
 860012200
 580017700
1730010600
 780011000
 920018500
 640010900
 590012900
1410015600
1480017500
 210012700
15200 9400
15500 6600
 730011800
12300 6600
10300 9800
1060010200
11200 9200
10800 8400
1350014100
 670011800
 6400 6000
 9400 8600
1220017000
1390015300
1130016700
1000012700
 930015400
 130011600
1680012900
15500 9200
 430015200
 5700 7100
16300 6300
 6700 9400
 7500 9900
 840015100
 5200 8900
 7600 9600
12700 9300
 970010600
1450014100
 8500 6100
 900013700
 910014700
 1500 8400
1370012200
1390011700
 570012900
1290014100
1020018200
1050014300
 640019200
1290018100
1310014500
 220011700
 260013900
 8100 7900
1070011500
10200 8400
11700 7900
 450011300
14500 2600
 840010400
16100 8800
1510011700
 4000 3200
 950014000
13200 7900
 7500 5900
  20011800
11300 2000
15000 7400
 6000 2700
 960011900
 4900 8900
 350012500
     1.047