    1   21    3    0    152600
 3700 1100
 8700 2300
1150010200
17100 2900
13200 6400
12200 4400
13400 4300
 9100 2400
 260010700
13900 9400
14400 8800
12800 1600
 5100 2700
 8600 8000
11800 4000
 5900 5200
 9400 3200
12200 8900
12000 2200
 8800 6000
 8900 6700
14900 7000
1720012100
 6100 5300
1180011200
 8200 6500
15000 3400
 4600 3800
18200 6200
13800 7900
1540012800
 8600 8400
 5400 9100
 8600 6700
10500 6200
14200 9400
 740010500
16400 7000
 3800 5600
15500 6500
10700 6500
 9200 4400
 4300 9300
16400 9400
14500 2200
 8100 4600
1850010000
1040011600
 8600 3300
11100 5300
 5600 3800
14200 2200
 760010500
1240011100
 8600 9200
17200 7900
 1700 4500
17200 9800
 350011600
 770013300
1230018600
1100015500
 780013700
1940018600
 840017400
 870013700
 900015700
1100016500
 810014500
 500015600
1350018900
1050014400
1260010800
  30015400
 570015200
 810013100
 980018700
12000 9900
 110010100
1590010000
 880014600
1480018900
 200015000
 8500 9800
1320017200
 920013800
 930012900
 590015000
1360012900
 830013100
 4200 6100
10100 6200
11600 5700
 150012300
16500 7800
1170012900
1600011800
 720012300
 6200 5600
 9600 6400
 4000 7900
 610011500
 8200 4900
13400 9600
 5000 9000
 9700 4500
1870011200
 9700 3400
13100 3500
12700 7000
12000 6300
 7900 5700
 910010500
 9900 5000
 5400 7100
11800 4000
12700 6000
1580011800
  200 6900
1520015500
 730018000
1020012400
1620012600
 7600 9000
 920015900
 5700 8300
 720014900
 8500 9100
12500 8300
 800010700
14100 9100
 170012800
 730010400
1680017200
1570011800
1340015500
 620015000
1000012600
1020012600
 800016100
 790015600
1050013100
1150012800
 260018200
16400 1400
10300 4700
16700 3600
 6200 7000
11600 5100
11400  800
 5000 6500
10700 2900
12800 1900
17600 1000
 3900 4000
1340015600
1150012500
 250015000
 580019400
1390015800
 220010600
1410016200
 940012600
1950010300
 440010400
1070014800
 840010000
 720010900
1180014500
1100013900
1580011100
 940016400
17700 9900
 270013900
 800015800
 550016200
 8000 9000
 7900 8100
10200 8900
 6000 8300
1080017000
 220014000
 5300 2100
 6800 4800
 430010300
 7700 5400
10600 2600
11600 7100
 7100 6000
 610013800
1060014300
1190014600
 4400 8000
1940011800
 7200 8600
 2200 5700
 650010500
10200 9400
1060014100
 220013100
12600 2700
 4200 2000
16100 9700
 8900 1900
 830013900
18100 9800
 8200 8100
17500 3900
 310013500
 330017100
     0.287