    1   51    4    0    1102500
1150018100
 790014600
 110010300
1470017600
 720010000
1240014000
1050013000
 6500 9500
1430014400
1300014200
1600015900
1420016900
1870011700
 370013200
 860012800
1080013000
1760014400
 950011700
1720017400
 700018400
 570014600
 740013000
1290013800
 430012500
 620013600
 950011500
1060012600
1330016500
 650018300
13900 9400
 870010300
 960012800
1550014600
 650010200
12700 9000
1020014400
1110010900
1160015700
 680012200
 940013900
 3800 9600
1420017600
 850017300
1210010400
 520014000
 820017300
1010012700
1280010100
1590011800
 3000 9300
16200 8500
 4500 7400
1380016800
1080013900
 350012400
 740015200
 240012100
1630011600
 740014900
1140012200
 9200 9100
16900 7400
 240012300
 960010300
 360015000
1210013800
13600 8700
 880015400
 7500 7600
 630011700
1110016300
1050014100
 7700 8000
 720010000
1030016100
10400 9400
1710015600
 5100 8700
11000 7300
 840012800
1680013400
1530014000
1300011200
1210011200
16900 9100
1050012000
 8400 8600
1330014100
1610014000
 490012400
1200016300
 950012300
 790010300
 720011200
 5100 8400
 820013000
1160016300
14100 8000
 590010700
 8600 8300
 660012300
 7600 9600
 330015100
 410014400
 670011000
 9600 8200
 790011400
1240014900
1520013300
1340011300
 560013600
  500 6900
 7900 7200
1060014500
14200 9200
14900 7300
 880014900
12000 9600
1090010200
1180014800
 310011200
1250010400
1090014700
 990012300
1730011800
13700 8800
 7500 8000
 870013000
1710015500
14000 8500
1390012100
 900016100
1110013700
1700013400
 5400 7700
1250016100
1190014400
 780011900
1310014800
 880010000
1260014100
 290012500
 7700 8200
1680012300
1700014100
13700 6800
 750014900
10500 7100
 7700 5900
13000 2000
 7800 6300
 3000 3400
13400 7300
13200 3400
15600 7800
 6300 5000
13800 2000
 680010500
 5800 2300
10200 6800
17400 4400
15800 1500
 8600  800
 9200 9300
 8400  800
 8100 4300
14600 7300
1120010300
11300 5800
 2700 4200
14100 7600
16000 7700
10600 5500
 8600 4700
 840010300
15500 2800
1150010200
13500 8000
1510010500
1560010000
11500 7400
 6300 9900
 930010100
15100 9300
 4200 3700
10300 9000
 810010600
10000 4900
 4300 8500
 5500  900
11600 6600
10900 6300
 9100 4300
 5800 4300
 880014900
 6100 6300
 3300 9100
 700012500
1800015700
 580013000
1280013500
14300 7900
1160014500
 7300 8000
 230010300
 210010900
1330014000
 8200 9800
1480011900
 9300 7300
 630012600
 780010300
1780011500
 2600 7500
13100 7100
 660013700
1470015100
16200 6000
1250012100
 9200 9900
 7800 7600
 9900 9300
1760011500
1260013100
1430013100
17600 9700
1250011900
1000015200
 790013000
16800 6900
 4500 9100
1480010000
 2400 7000
 940014900
 6200 9600
1300014400
12900 6200
1540010900
 850012200
 380012200
 470012000
 250012800
 9200 6000
 840012700
12200 7600
 780010800
 8900 7000
15200 6800
 860014500
 4400 5200
 920013000
18700 9400
 8600 8200
10200 5900
1400014900
1360013800
 5700 9500
13600 7100
 810012600
 6900 6400
 440013500
10900 9600
12200 7200
 520013000
1200011800
14000 7900
13500 8100
1490013900
10100 6600
13200 9200
1410012000
12500 6700
 9400 8400
 9700 9800
10000 6300
 810010600
1360013600
 790011300
1020011700
 4700 7500
 9400 9800
11300 5500
 9400 7400
13900 9200
 910010500
1170011700
 6000 5500
14800 5900
1190011300
14100 7200
11200 6900
11000 5200
 6500 7500
10000 8000
 2300 3600
16000 6900
13700 5800
10700 4600
14700 4600
10900 9200
1130012000
13500 7900
 6600 7600
 8800 8800
 940012500
17500 7000
11400 3700
1310011500
10600 9000
 4800 9100
15400 7900
12500 7100
1140010200
 7200 4200
1500013100
12500 6700
 8300 5500
 9900 6100
12900 4000
 6800 5300
12600 3800
 540011600
12500 8700
 940010300
1280012600
1400012200
11400 9700
15400 9100
 3000 8900
 3100 5300
 9800 6700
 840010600
13200 6000
1410010100
12100 4300
1100010600
 1300 8400
 4800 3200
12300 3500
1140010900
13900 8800
13500 8600
1050010600
 480010800
1350012000
1110011700
 7400 7700
 5700 6900
19400 8200
14800 9600
 6300 9700
10200 4200
1290011400
16300 7900
10400 4600
14200 4400
1370010200
18400 5500
1380011200
 8400 3500
 7200 2500
1680012100
1290010300
1330011900
 550010500
 5800 7700
 960010200
 3600 8000
11100 3700
11400 4200
10100 3800
 1200 7100
12900 6300
10600 9300
12800 3200
12900 4800
16000 7500
10900 8900
 3400 3400
 7700 4200
16200 9300
13300 3200
13700 8000
 9400 8800
11600 2700
 8700 9300
14600 6400
 3700 3900
1040011000
10200 9200
11900 3600
13200 8200
 5200 5200
10700 5800
13800 6200
16700 7500
13000 4700
13000 8000
12100 6300
12800 5400
 970010700
 5700 2400
 7700 6300
16500 3200
12600 7600
 5900 8200
 5800 7100
 5300 4300
 470011100
1040010800
16000 4700
 9700 8100
15300 8900
 1200 8500
 700016700
13200 9200
 820014100
 960012800
 460011700
 870016300
 800015800
1860015500
1670015300
 870017300
1000014600
1110011000
1330012000
12300 9800
 820011800
 440014300
 500016000
1030011500
1010016500
 670015500
1600017400
 480016300
1150017900
 9900 9600
 5400 9000
1160014600
1710016900
1400017600
1140012000
1100011300
1740015200
 550010800
13400 8300
 270011000
1340013200
 4200 8900
1120011100
1180013000
1060018000
 800010400
 930011900
1170011500
 970014000
1500014600
 630011500
 820012100
 910010700
1050011500
 900014300
1660011600
13800 7700
 480013200
12500 9700
11500 7400
 7600 7300
1180013900
 6900 7300
12300 6400
11700 7500
11900 6900
14600 4900
 660012000
1590014100
11100 4900
 900011400
10400 8100
1410012800
1310011200
 7600 9000
11700 6100
14600 5000
 740011200
1170011400
1140013600
11600 9300
 800013000
 7000 9500
15300 5400
18100 8200
10700 6900
 750011900
1480013500
10200 7600
 980012600
 8400 8700
 880014400
1310012700
 940014400
1240014000
 900011400
13300 8600
1340016300
1540014700
 3800 9300
 940014000
 230013000
12000 7700
1130015700
1010017000
1190016700
 530010600
1390010200
1490014800
 580011800
1360015800
1510013500
1290013300
1010010400
1040013200
1200012200
1320011400
 620011800
 5900 8500
1340015800
 280014900
 650016800
1450011100
1140015700
1470015900
 900012700
1550013500
 390013100
 7100 6000
 380015100
18600 5800
1030014000
1240015600
 9100 7900
1270015500
 770013700
1690012000
11600 9000
 9700 8600
1080013600
1730012800
1190015000
1150014000
13900 9900
 6500 8900
1650010900
16200 8400
 670012000
1530011800
1490014300
 980012100
13400 7000
 410013400
1560011600
 630012600
1310012700
 540014200
 7400 6900
 5100 8900
 930014400
 950014600
1040012700
10500 9500
 450015600
 8300 9400
  80011300
1030015200
1370011800
1360010400
1430014000
1110018600
1340012700
1260011900
1770016600
 240010500
1280014600
 2400 9100
15000 9900
1630012100
 900012500
1340018400
 830016000
1570017700
1870012300
1200018200
1340011200
1270017800
1270016400
 7900 9600
1060015800
1610017500
 720015300
1160014600
 310017200
 530016900
 430015800
 960011800
 730014800
16300 9600
1580016800
  90018900
 3400 3500
 830010600
14800 7200
 8500 5200
11600 7200
13700 1900
10100 4200
 5200 7000
1280011200
11800 6400
13400 3400
 8800 4000
19300 6000
12100 6100
 7100 1800
12600 7300
11600 2600
12700 9500
16400 7700
12400 6000
1170011400
12800 2400
11600 4200
 710010200
 6100 9700
10400 3000
12900 6300
1210010700
 2200 6400
 650010200
 8400 3000
 560011300
14100 6400
14400 9900
1250010900
 9500 4900
11100 9300
11300 9700
10500 7300
 9700 5700
12200 6200
12500 7700
12100 1800
 9700 7500
 4700 6500
 9600 6900
 5100 6700
14700 6400
13500 6000
10300 7100
10400 6900
 9600 5600
12100 2500
17800 1500
13400 3900
15200 3800
11600 4200
10100 3900
 6400 7800
 7900 8000
15400 7300
12300 9300
11000 2400
 8100 4500
 7300 1600
10400 9000
 3700 9200
 8500 3200
11900 9300
12700 3300
 5300 7100
11800 5400
1000010400
 9600 2500
 9900 4900
 9600 4400
12600 2500
 9100 3300
11800 7300
 8100 6400
10000 5400
18700 4400
 890010600
1280010300
14100 1600
 9600 5900
 8700 7400
14700 9800
 5500 7400
 5900 2500
1140010100
18900 2500
11100 7700
 620011200
13800 7500
 7000 3200
12100 5700
10600 9800
 6000 6800
10500 2400
 6100 6300
 790010400
15000 6400
15700 4800
 450010600
1430017800
1400018100
1270013500
1320015600
 490011100
1060013400
 9700 9200
 920012600
 830015400
1120013500
1350017000
 570015000
 770011300
 470018000
 820011600
1660012000
 850014500
1460016700
 990015100
1780012500
1270015600
 980018900
17800 9800
 490015300
 890011600
 790017700
12900 9900
 810012500
1310011600
1500012500
1740010600
1180016800
 280016200
1060012500
1200014500
1100015200
1140016900
1440016000
 7500 9500
 3900 9100
 710011000
1070010800
12500 9000
1160017500
 630011900
1190010300
1660016800
1840012300
 880014600
1450014300
1240017200
 920015800
 550015800
 6200 9200
1190010900
10400 9300
1230016400
 320013700
 880015400
10000 9600
 570015900
 990016200
1720012800
1140011000
 670012200
 530012700
 760017000
 610015600
13000 8600
 4600 8300
 580016300
 940011400
 9600 9900
1410014900
1090010500
 780016800
1240012700
 830015700
17200 9900
 460011000
 980012600
1640010300
1000015100
1080012400
11000 9100
1450011400
11200 9600
 6600 9800
1020011700
1190012300
 6500 8100
 870011000
 860010500
1190015400
1550017500
 470015800
1440014300
 9600 7400
1810012400
 430012700
10600 6400
 530012400
1420014100
14800 5900
12900 4900
1270011400
 7300 8300
1750012100
1350012500
 7600 6200
 9200 6500
1220011500
18400 9500
 9600 5400
1210010800
13100 9200
 580012100
 770010600
 730010400
 5900 8400
11100 8900
1040011700
15300 5700
 9400 7100
10200 9900
 280014300
 5100 9000
1550010900
 5800 9800
 550010200
 590010800
11400 8900
1640013500
13300 5000
1260010900
 970013200
1400014400
15500 5400
 480010600
 650014400
16000 7500
1360011800
 760012100
11200 5100
1400012200
 530010500
 5700 5800
 600010100
13500 4900
11300 4900
 9700 5500
16900 5100
18900 8800
11000 7200
 320011800
1700011700
 6900 9500
1220012200
 400013100
1530010900
13800 8400
10800 7300
 8300 8900
13800 4500
1410012700
15300 4400
 5900 9200
14800 8400
11100 6500
1280010600
14000 9700
 7200 5600
16500 9600
11800 8600
 6800 5100
 250012100
 540011300
10800 7500
12400 9500
1100011400
12600 6200
14200 9000
 130011400
1110016500
 740014600
 620011200
1390012000
1630011000
 900010300
1230018500
1270010200
 830010200
 930012900
1260013900
 820015700
1640016600
1130011500
1360018600
12400 9700
1750013400
 640011400
 880014400
 910012500
 980010100
 320012600
1170012400
 880012700
1320010700
 890015600
 930016900
 490011600
 8500 9600
16200 6500
17500 9600
 650010800
 6600 6800
13300 2800
12400 5800
18100 4700
12200 3000
 9200 5000
18900 7300
16500 9800
 8500 9000
 8800 6500
17000 9800
 9600 9900
 7700 4400
10600 9500
 4600 8200
 800010600
 380012100
11400 3300
10800 6700
 7200 3800
 1000 3200
 6800 6500
11200 9400
 9900 3700
1040012800
14000 8300
 910012700
17500 5600
 910012600
1440010300
 590010100
1270012300
18600 6300
 5800 5700
11300 4100
11000 4000
1360012000
1310011200
11400 9500
 540010700
1130012400
13000 6700
 7900 8900
1740012600
 9900 8600
 300011200
13200 8000
1060010000
1370010100
13900 9700
 910010600
14900 5300
16400 7600
 5800 7900
14000 9500
15400 4300
12500 2100
 7400 6500
 7500 3000
17000 7000
12900 2800
13500 1800
 9000 7200
 7500 5300
 8600 8100
 9300 3000
16600 7500
15500 2600
 6800 9600
 290011200
1090013900
1400018400
1550015500
1420019400
1260014400
1400012200
1290015100
1490010900
1740012700
1570013000
 570016300
 560012700
16000 9600
1310018400
1080014200
 990010000
 490011500
 720018300
1310015400
1590012900
1410019000
 800013400
 350012200
 9900 9900
 920014200
1390010400
1290015900
1770014700
1190017800
1370010800
1260014900
1520013600
1300015000
 7200 8900
1010014700
 390011500
 580016000
 7100 8700
1360014900
1150016400
 840017600
 830014700
 980012700
1450014900
 460013800
11800 6500
 8900 6200
1520011900
1320011500
 830013800
 6700 6700
16100 6400
11600 8500
 8000 6300
1160013900
12300 6000
 710012100
12700 6000
 860010900
 9000 5800
 4300 5400
 8600 5100
1180011500
1620010400
1000014700
 420010300
1050015100
11000 8100
10400 8700
11100 9600
1350010800
 930015100
16700 7500
1320010100
12200 6500
16800 7500
1230016100
10400 8100
 810014600
1170010200
 6000 7800
 640014400
1390011100
14400 6700
1090014200
 730012000
12200 5500
15800 8900
 910011400
 570011000
13600 9000
19000 9200
12200 9100
10900 8100
13400 6800
 4400 5700
12600 6700
 4900 6300
10600 4500
 890010500
1020012500
1340011400
1480010100
11900 5300
 7100 9600
1140016000
13700 9800
 900013800
1430014700
1410010900
1340014200
1020016700
1110010800
 660014300
1000014400
1110015100
1380014400
 670013900
1120015000
1130017200
1260012300
15300 8400
 5200 9200
 610012500
14700 9400
1650011900
1780011100
1000018100
1270016800
1810012300
 580014100
 550017600
 990016900
 820014000
 530016900
 480011500
 740012900
1430017800
1010011700
 640017500
 7300 4700
14000 6400
1120011700
1240010200
1020012600
18300 8600
 580012900
11700 8200
11400 4800
 4700 6200
 670013500
13000 8700
11900 8900
1020011000
 7000 4800
 650011700
1650013200
1260013400
 6000 8500
 400015200
 9400 5700
 820010100
13600 9400
1130012300
 470012800
 870011100
1050013000
1110010700
12600 6700
14700 8000
 880010100
1430013000
1200014600
1180011600
1710018300
 780012000
 740010200
1110010800
 640013700
 290012200
 480015800
1330017500
1630012700
1380012900
  80012600
 510015900
1230013900
1150018500
 920014600
 630017900
 300014600
 700015500
1100015400
 350013300
1360011000
1230011600
 680010000
 280017500
11100 6800
11000 5300
 6600 5800
1060012900
11200 6700
 580014200
 820010700
 6700 7200
1370011100
16600 9100
 9900 9700
 6200 9300
1010013500
 650012200
 6700 9700
1070011600
 720013200
10400 7000
 6200 8500
1160010700
1770011600
 8400 8900
  90010900
1070013900
 730011300
 5200 9900
 500016900
 860010200
1060014000
1480015900
1880017400
 7800 8700
 430013800
12100 7100
 5600 4300
11800 8700
 3800 6800
1110011100
14500 5500
12900 6500
 8300 9800
  300 6000
 4900 8600
 9000 8000
 3900 7800
1250010200
10400 5400
1260013600
1020013300
 690013400
 9100 3800
10200 2100
 450010300
11000 3400
13400 6700
 7500 7600
 5400 7000
 6200 4700
 6800 5000
16000 8800
1180011900
10900 9400
 3300 7300
 9500 7700
11600 8400
1640012300
11600 7200
 750010300
13900 9900
12400 5900
 6900 7900
 5000 9800
10100 8000
1590016100
 2500 9300
1630017100
 130018800
 8600 8700
     2.792