    1   21    4    0    138700
14400 9100
 2800 5400
10900 5800
 2400 1700
10100 3900
 9800 5900
 4200 1700
14400 8600
11800 6500
 6700 9700
10800 7800
17100 7500
 5900 9100
1380010000
 5900 6200
 7300 3700
 2000 6400
 2000 5900
 3900 1500
 9200 8500
1060014500
1230012600
 270014000
13100 5800
 740012600
 4600 6100
1090010500
1380010100
1210010200
12600 6200
1680014900
1270012100
1210010400
 8600 5400
 6700 9800
 3800 5100
 590011900
 360011300
 1500 8400
10100 7100
 6800 5500
11600 9400
1290010600
 2800 4800
 780010700
17000 4700
 9300 5200
18500 4600
11700 6500
 990010400
11600 3300
12200 6100
 3800 4000
 2600 1800
 8900 3100
12000 5400
 3300 9700
 520013900
15100 5800
 760011600
 650012300
1500010600
13300 6100
1190013000
1440012300
15800 7000
 900013400
1650010900
 940010100
 380010000
 5400 7000
10100 7800
 5200 6800
 110013000
1550011300
15200 7100
 8500 5300
12700 4800
11500 7300
 560011300
10600 4100
14900 7500
11900 8700
11500 4800
 6300 3600
 8000 4900
 4400 4800
 2800 3000
 7700 7900
 980010300
 800011000
 3400 9500
1470012300
1320012200
 810015500
1840016700
1940016600
 820015500
1490016000
 740015400
 870018100
 930013000
 6700 9500
1020017700
 840015100
 8600 8600
 820010800
1190016500
 450012300
10500 7700
1100012100
 9100 7500
15700 8100
 590011000
 940013400
 200013700
1090014400
1280015400
  20014700
11200 2900
1630010600
 830011200
18000 3700
15500 9700
 7700 3900
1250010200
1030011200
11900 6400
 950011800
 790010100
 440011900
 2400 3000
1260015400
 740013000
1000013000
18100 8500
14600 8700
11700 7500
 780012800
10400 9000
 3900 8000
 8300 9600
 8900 8000
 1600 7600
1100010200
1190014000
1160018900
1260015800
1290013800
1130018800
 780017400
1080018100
 920017400
 610018700
 440013200
11300 6100
12900 5100
1480012600
1160012500
 880011500
 5300 6600
 6400 8700
 430011600
 8400 3900
 1400 4900
1710017700
 710014300
1370013900
 760018000
 480015500
 870010600
 590010400
 700017700
 840019400
1430013000
1850014000
 990017500
1150018200
 270018800
 650013500
 990010100
  90010000
1230013500
11000 6900
 5000 6800
1020013200
 2700 6300
 960012800
 670014300
 640014400
 380016900
1010016000
 490016900
 620014600
 380014900
1060010100
 5500 5300
 550012700
 6100 5100
 8700 7900
 2000 9100
1030011500
 6400 4600
  600 4800
 5600 1800
13200 2600
 1600 2000
 9600 8900
 1300 7200
 800011200
     0.272