    1   21    4    0    134600
15700 9400
10700 4800
 2700 3400
 2400 8700
 6700 8700
 7200 9300
 6200 4100
1530010500
 480011800
 8600 6200
 9600 2900
14300 7000
1440011100
1160010900
 6000 9800
10700 7600
1330010000
 2300 8400
 2900 6100
 5600 3600
1360010000
 370012800
 780012700
15600 8900
 450017600
15400 9600
1190017200
 470011400
 890010800
 980012800
 930015800
 940010600
 450016100
 290010900
1520016000
 550012700
 5700 8700
 800010000
 490015500
 7300 4500
 830011300
12600 4200
 6800 6900
1170013600
1550013900
 8700 7400
1380013700
1580010900
 750012600
15000 9800
 8600 8000
 7700 6800
 7700 6100
 9400 4200
 730011100
 5300 5200
 1500 5400
 7100 9900
 9500 3700
 8400 5000
 9500 8300
17500 9300
 4700 4400
 9300 1600
14600 2200
 9400 9100
15200 5800
12100 3600
 3200 1200
 7000 3800
 6300 8100
 9200 5600
11400 9000
 980010600
15200 3300
1050010300
 8700 5800
13400 4700
 9700 6800
 4400 5700
11500 7800
1250011700
 7500 2900
1290011700
 4400 7700
13600 7000
 630011300
 8300 8900
 6900 2500
 4500 9800
 7100 8600
1530012300
1690011700
 730013700
10000 8700
1010013600
1060015200
1110012500
 9400 8300
 600011500
1410012900
14000 7900
 680014800
 570012100
 9600 8800
11100 2500
18200 7400
 3900 3900
 5800 4700
13600 4800
 8700 7700
 760011700
 580010700
10400 9500
10000 4300
10500 3600
 6900 9800
 9000 7600
 1500 7100
1020011600
1210010800
1260011500
1430011600
12100 7900
 8200 8200
1060012500
 450014000
1450010700
 7100 8200
 870010800
 920015300
 5200 6300
1340013000
 690013600
1350013500
 600010100
1250011900
 480010800
 860013600
 630016700
 600015600
 990012700
 720015200
 970010300
 7900 7800
 890010600
 8300 4500
1620011800
 700010900
 550011500
 6700 8200
12700 5300
  900 9600
11900 4800
 630010500
17400 8000
 750011100
10200 5600
 4200 8500
 3000 5900
1510013600
1310014000
 2300 7000
 580012000
 780012800
 670017200
1250012300
 560012800
 300012300
11100 9800
1290016200
 480016900
 3600 9400
 910014000
 900011200
 540010400
 920014600
 660014700
1330014100
 7700 9200
 8200 5900
 6200 6200
 8500 7500
 930012800
1390014500
 8700 8200
 5600 9000
11100 9600
  800 8600
 960011900
 6400 4500
 930012900
 250012100
10000 4500
 8900 4300
 6600 3600
14100 7200
 7100 4200
 8200 2500
 200010300
 5300 8200
 4600 7900
 830011200
 360013800
 310012200
10400 9400
 6300 5200
 5200 6200
  800 3500
 8700 3200
     0.411