    1   21    5    0    133700
 4000 6800
 8700 8900
 8700 3900
 7700 3500
10300 6400
10100 4100
 2900 6400
 8800 3100
 8300 6900
 7700 3700
 8200 1900
14300 3800
 8200 3700
11300 1200
 9900 4700
 5300 8200
 3400 6100
 150010300
16400 6000
 3400 5900
 890012700
 9900 4000
 9300 7000
1430013500
 7300 5300
 600010400
 700012800
1180011700
1330012600
 540010500
 6300 6700
 9900 8400
 9600 8900
12100 4000
 520011800
 420010000
 2000 8400
 970010100
 790010000
1050014500
1120012700
1410016000
1150018100
 730014800
11900 8600
1370017400
 980013000
11100 9200
1140011200
1520010200
1510016300
1100013100
 540013300
 390016500
 150011600
1550015700
 620010500
1280010100
1000015000
1430010100
 690011800
 5300 8400
 7300 7300
 5900 9100
 920010300
1030014700
1450015600
10500 7400
1200013800
 270015900
 370013500
 7400 8600
11800 8100
 9100 7600
1500010300
10000 8600
12400 7100
 6200 7000
1230010400
10700 7600
1070010200
14600 4600
 7700 8900
14000 8000
16800 9000
 4800 8700
 6900 8800
  500 8300
 7600 4400
 4200 9100
 7100 8700
 750013200
 5600 9300
1250010100
1300015800
 7000 6900
1480011800
14200 9100
17400 9700
1540013100
 4100 7600
 990014100
 7000 7500
14800 7700
 880014400
 8300 8700
11100 6600
1120015200
1550011100
 4500 7300
1110010600
 820011400
10600 9500
1660013000
 240011600
 8100 7400
 800015200
1170015300
  400 7100
1100010900
 6500 8600
1120010900
 7300 8500
 6500 5700
13800 8300
15500 8700
16100 8100
10600 4200
 9300 5800
 360010700
 990011000
 2900 5300
12900 6300
1220010400
 9700 5200
1420013400
11400 6100
14400 8600
1410012300
 360011200
 3800 7000
  90014300
 8200 8800
 190013300
1420010000
1240012100
1520011700
14600 8600
11300 9900
1190013700
10600 5900
 5600 5900
 9700 7500
14700 6000
  500 9800
 410012500
1390011600
11000 8600
1500010900
 940015200
 960010800
1220014500
 6000 8700
 9600 8100
 7900 8200
14200 6300
 990010000
13700 8900
18600 8200
 4600 5700
11700 9200
 1000 4600
1110012900
 4900 6100
 910012300
1140011600
18700 7000
 9800 6900
1240010900
 3300 7800
 820014900
 780012000
1130012300
1140011000
 8500 7700
 290010800
10200 9100
10700 7000
 4000 7300
1090018600
1020016400
 950011200
 670012800
1220014700
 370017300
 5700 9900
 960012400
 690010100
13700 9500
 5500 9900
 7400 8400
 690011400
17000 4000
 7600 9200
 180011100
 780012300
 6500 8900
16400 1700
 8500 2400
 990015100
     0.402