    1   21    5    0    136300
 5000 4800
 2700 2700
1660011500
 8600 4600
 3700 2000
 880010400
 8500 9200
1210010000
18100 9600
15000 9000
16300 6400
 4200 6800
 8800 9800
17000 5000
 9300 9000
1120010800
1400010600
 9100 2700
 3300 3400
 870010600
 870011200
1780012800
 5500 4800
 5000 8200
 210010600
1070012800
 9300 4000
15000 7300
10500 5600
16200 4500
11200 7200
11100 8200
11900 9900
 670010300
10000 8000
1430012300
12700 7400
 9800 9800
 950012400
10500 1400
 9500 8500
 2900 3800
10600 5900
 6400 5400
 8200 9000
11000 3000
15100 9600
14400 3100
11800 8400
 6600 5200
15500 1200
14500 6400
11400 6600
12000 7900
10500 2000
 4100 8000
 8200 4100
 730018300
 600014200
 660012100
1620012200
10000 9600
 890012200
1880013000
1650012200
 540017100
 6800 9600
18400 9100
 8200 9200
 660010400
1690010700
14200 9600
1000017600
 170014200
10100 4800
10600 8400
1380011400
 7000 7800
1120011800
15600 8800
1280012000
1140010000
 6100 4000
17700 6600
14900 8000
 370012500
13200 3700
13900 5200
10300 8400
 5800 9800
 500010200
15600 2800
1060010300
16400 4000
 9100 3600
12300 3500
 5400 8200
 3600 1900
14100 8900
13700 7700
 5900 1800
 760011000
10900 5400
 7800 1600
 6400 8400
 6400 8500
13500 8000
15600 5500
12700 6200
15300 9200
10700 3400
 7200 6500
10700 3300
 9200 8300
 8600 8400
 7900 1300
10200 5000
 2500 5100
 6400 5700
 630010900
 9600 7600
16700 6800
1060013300
 620011100
1010014700
1630012300
1200014900
 5600 9700
1480014100
10400 8700
 3800 9600
  50015400
1710012100
17600 7800
1260013800
 510014500
 9300 6000
15600 7400
 550011300
 3800 6700
14700 9400
1270014000
1090015500
 480012000
1240018100
1420011900
1180014200
1250016000
 860016300
 970011000
1310014300
1700015900
 990016400
 270015800
 960010800
1890015100
 870017100
 560016400
 980012300
1170017100
 970016300
1250012200
1570016500
 950016300
 940010600
1230018300
 790010300
1690011900
1280016800
 880018400
1730010700
1240012400
 320010700
 700010800
1050012800
16400 9300
11700 4700
 5000 9500
12000 5100
1140010300
 8700 6100
 3800 5800
10600 3800
 710010000
 410010000
14800 6400
1440012600
 5600 7000
  60012500
1450011900
 790017200
1020015600
1560016300
1050017600
 560018100
 8600 8100
 9800 5800
1000010000
 8100 8400
 4600 9800
15600 5200
 8100 8300
 6700 8000
 8600 9600
10900 8000
 5600 7700
 750015300
 7800 8000
 380011700
 470010800
     0.227