    1   41    2    0    1136300
 8800 9400
1300013700
 970018600
 460010300
 880013300
1800019000
1450017700
 520013100
 850013500
 570017900
 890018700
 8900 9700
1040013100
 820016300
15200 9700
1060013700
1390016400
10700 9900
1030011100
 820016400
 840018300
1380019000
1390014500
 930017500
1350012600
 740016300
1360015900
 920012600
1250012900
 770011100
 630012500
 950011600
 530012700
 790015700
1130013300
1100016000
 310015800
 790013400
1110011500
 290010400
 9500 7500
 690010000
1310011400
12000 9500
19200 5800
1290010000
 290010300
 710013000
1120010000
  800 7100
1150010700
 890011300
 980012200
1220011300
 570013000
1190012700
10400 5000
 3400 5900
1560012000
1380010800
10400 8600
 890010100
13300 9000
 570010000
1000014400
13100 7900
 610013900
1660013100
 6400 8000
 8400 4800
11200 7500
 380013000
 960011600
 5900 9300
12000 7800
 2900 7600
 360011400
 970011800
 6700 9500
 7600 6200
10800 7100
12100 6900
 980010500
15200 8500
 4600 6800
1540010700
 4700 6600
 6400 5000
1000011500
10700 7800
 7500 5400
11900 7700
 7400 9700
13100 3900
13000 4400
 5900 7300
11900 7900
 7200 8900
 6900 7700
 810010300
 9300 9100
 7000 4500
10600 8900
12600 6100
 610012600
1760013500
12400 5500
 8800 5100
 8300 9200
1210010600
 830010800
 3000 8300
1330012300
 8300 6400
 6000 9300
 6000 6100
 3200 3900
1370011800
1240011500
14600 5000
18400 4800
 1500 7300
1310012000
 590012500
 590012600
 9200 5600
 290013300
13300 5900
10400 9600
1380013300
11900 5600
15500 7300
 290011700
16400 6900
16100 4300
 960011800
10900 9200
 6500 6300
11700 4900
1080011600
 7000 8900
1200010400
10200 4400
 9100 8300
 8300 4500
1160012100
10900 6800
10400 9500
 980012100
1530010300
  500 8400
 9600 7500
 720013200
 790013000
 970013000
19300 8500
18200 9600
11000 7400
1130012100
1070010700
 110010600
 4900 9800
 5900 4800
11200 5000
1520013200
 8400 5300
1240013200
10300 7000
 990011100
1240011000
 940012300
 600013100
13800 7400
 630011600
 590011800
1080010000
 9200 6000
 6800 5400
1580011900
1170013000
11600 7000
17700 7000
 9700 9900
10000 5600
 6600 9100
11000 6100
 280011200
1010011200
 3800 8700
 6600 6400
17300 7000
1290012400
 410013000
 720011700
1390012300
 910013800
 350010400
11200 5000
 730014100
 840010500
 6200 9800
 9700 6900
1820013300
 940013400
12700 4900
12700 5500
 980010700
 9100 7500
 4000 4800
 6400 5200
 640010800
 660010600
10200 7700
10800 4900
 7200 5700
 9300 7800
1560012500
1260012800
 3500 7900
 820011200
1350013700
 4900 8800
 310013400
10300 7300
  80010900
1220012900
 320017900
 900016800
1350012100
 670015100
1110012900
1040015600
 930018000
1230014800
 920017300
 540016700
1250014100
1210011300
1260014400
 970014900
 920015600
1270012200
1100011000
1080017400
 670015300
1140013500
1270010400
 960011700
 840010100
 620011900
1250011100
1050015100
 790011300
 670012800
1520017900
 880011000
1150011300
1100018800
 410014800
 510014400
1420016400
 530016900
 790015800
1070014000
 870015500
1280011800
 860010400
 810012900
 970013800
1160017400
 870013100
 820011500
 860010600
 950016300
1680017400
 620013300
 850010700
 180018900
1100018200
 820010300
1840011000
1020014800
 630010200
1410015700
1230010800
1110010300
 250019100
1540016200
 740019400
 660012500
1010018300
 840017800
 5900 7800
11100 9800
 8300 1600
 8600 8400
 3000 5400
 7400 6700
1200011200
 9300 2800
 8400 7500
10400 8600
11900 5700
16200 3600
12700 5600
12400 6000
14700 3900
10600 1600
 4900 5100
 240010500
 5400 9600
 610010300
10200 5200
 5700 1700
 5400 8700
17800 5100
 9100 3400
 6800 8200
 6300 7200
14700 7400
 2500 8800
11100 3000
 3600 4800
  700 8700
 730013300
 500013400
 9900 7700
10800 9100
 610015700
1500010100
 800013700
 7500 7200
1840012700
 390014300
1230015000
1200015500
1010015700
1050013400
12600 7300
 800011300
 970015400
 970012200
1260010600
12400 8400
11000 8300
1190010600
1390015000
 650012000
 1800 8100
 330014100
 9400 8700
  800 6600
1260014800
1150012600
 2200 6200
 9600 5600
12500 9500
12100 9300
11600 5800
1170012700
 870013300
10900 7300
16500 6600
 960011400
 8000 8300
1160011400
 760011600
10900 5100
 980011700
 9900 5300
 5000 7500
 4600 7900
1130012300
17600 9200
 3400 5400
1030011500
10300 8000
11700 6800
 150013700
1160010700
 640010400
  300 5100
 7500 9700
 6100 6100
 900010300
 4200 3100
 4200 4400
12400 4300
10000 8000
 4400 7700
 8800 9600
17200 6400
 9100 8500
13500 5100
 7200 6000
12800 1700
 9100 4200
12400 5100
 6800 5700
 3000  900
 4800 4400
 7800 3800
15200 5800
 8100 3800
 7400 8800
12500  500
 8500 8700
10900 3700
 7100 3300
16100 2200
 5100  700
 6700 2500
 7300 7300
 5600 2900
1080012200
 9900 9600
 6300 8500
 7700 7700
 6600 3700
1700012300
 750011100
15200 6100
1020012300
 8400 4800
 890011600
1060010800
13300 8800
1070010400
 9900 8700
 6900 8500
 950012200
10400 8800
 560010900
 9800 4500
 5200 6900
 6400 4000
10000 6600
10600 5200
 8900 3700
11500 4500
 8100 7700
 5600 5300
13800 7200
 8800 6400
12800 8000
1430010800
10500 9100
 7600 2400
15800 3800
13100 7000
 7200 6500
14200 7700
13600 5700
 8300 4900
 910010700
 790011700
12500 8100
18300 7200
 690010600
 7100 8800
11300 6600
1230010100
 7100 7700
10700 8400
10100 6500
 7800 2700
 5600 3700
 4300 9000
 300011800
 7600 5400
12700 9500
1190012400
1830010900
 800011600
15300 6600
12100 8400
 9100 6200
 930014100
 500013700
 890010500
 980011000
 430013400
 8600 7500
1760014600
 870012100
1280013700
14200 5300
1000014100
1100012000
11400 7000
 8300 8900
 5000 8400
 7700 6100
11400 7300
 430012400
 9600 8400
 6300 6600
11600 9600
 9800 6000
 9900 6000
1130011000
 470011700
12800 6800
 630010200
 810013900
 290011200
 950014000
1360014900
1560011200
12200 9900
1050010100
13400 7300
 650011200
 230015000
 860013400
1280015100
 640013500
 4200 8300
10900 8400
 930014100
 6600 4900
1050013800
11200 6500
1510013600
16500 7400
11400 9400
1200010800
 560013200
 7500 8700
 4000 7900
 770010800
 9900 6800
12200 6500
11100 9100
 740013100
1370013600
 600013900
 6900 6000
 830010200
 990010000
 4800 5100
1180010300
12400 7700
  600 7400
 9700 6800
 770013500
13100 9900
1400013300
1370011700
17700 7000
 5000 7700
 9400 8200
10600 8000
10000 6500
 760014500
1320013400
 680012800
12700 9600
11300 8500
 5600 7600
 5600 9000
1090012100
11100 8800
 7600 6400
 3200 7200
 6900 7500
  400 6400
1080017700
 980019000
1220017800
 650012000
 940019000
 930012000
1450016100
 940012400
 630011800
 8500 9900
1500018400
1030017100
1310012700
1470010500
 550017200
 820014000
 940019000
1050019300
 830015100
 690010900
 420012100
 390018100
1070011200
13600 9800
1080010700
1200011700
 4300 4800
 7400 4400
 4300 7200
 9000 5200
13600 8300
 9500 9100
 4800 8300
 870011200
1690010800
 9600 6400
 6000 3400
 8100 3200
 9600 9900
 2300 6700
 3600 3800
12500 7000
 4300 9100
1530011100
 610015600
1360014700
 990013200
1150012700
 6600 9800
 9500 8500
 9500 8000
1450013700
 360015900
 470013600
 890010800
 5900 9000
 860015300
 630014400
1200015300
 3100 7600
 4800 9400
1160013100
 400015400
1030012100
1650012900
 530010700
14400 8500
 900014200
 390014100
 990016100
1150014000
10700 8400
10300 6800
1110011700
 7000 9300
 190012600
 6700 9100
1340012900
10000 7100
12900 9100
 5100 7600
 780010200
1410014400
 860010400
 780010700
 6100 5700
 4400 9800
 7900 5100
1510012400
 5400 9700
 830013600
15500 9600
 5300 6400
 970011800
 6900 7200
13700 6900
 9800 8300
 890010500
12200 7400
 320013000
13000 8700
 880012800
1060010500
 890016800
 8900 8800
1900010800
 400012100
 7500 8300
16500 9000
 9700 8000
 8300 8300
 690016200
 740013300
 410012300
 400014600
 550016600
 880012100
 590010600
10500 9900
1110013300
 7300 5000
 9900 9500
 710010600
1230012200
16900 4900
 540013200
1080010600
 8400 9100
1270012900
 7900 5000
 670010000
11300 9200
 140013400
1120012400
 700013000
11100 5400
1040010000
 830011900
11400 6300
14200 8600
11200 8600
 260014100
 960011000
 910010900
 310013400
 7300 7600
 750010700
 8700 8200
1070011300
10500 2600
17900 2100
 7900 5200
 8900 6300
17200 2600
11000 8700
 2300 5100
 9400 7600
 9600 8600
 1600 9500
 9000 4700
10300 6800
 200010700
11700 5800
10500 9100
 5900 9400
 490012200
1110013400
1290012200
 720012900
 360011500
11800 4000
 3700 4000
 5400 4300
1130013200
 480010600
1090011100
 650015300
1290012200
1090012300
 7200 7700
 410011600
 620010100
1430012100
 9900 8600
1130013400
1210011000
 560013700
 330017000
1220015000
1360011800
1120012900
 790013600
 980012800
 790012300
 200010200
 920013900
1250017400
 360014700
 8700 7300
11200 5000
 7100 9200
11000 9400
 6400 7600
1510010300
10100 3700
 8900 5900
 7500 5600
 4100 6300
1010011000
 7200 8800
 9600 4000
 760012900
1240011400
 5700 8600
 7300 6700
 920012700
 850012100
 9500 9300
1060012400
 8500 9300
1010012400
 130016500
11200 9100
 5600 8500
 4300 9600
 230011600
 410010900
 8300 7900
 8600 7000
 5300 8900
10300 9600
 4000 4000
 8000 8300
10500 3400
 4500 6500
 3700 7500
 8200 7400
  700 6800
1080010800
 2300 8400
 6800 6800
 9000 5200
 3400 7900
 340010100
 6000 7300
 860010900
  500 9500
 6500 1300
 9000 1000
 1500 3500
10400 4600
 4700 9000
 3600 3400
     1.772