    1   51    5    0    175800
14700 8400
 6200 8900
 8600 5000
1420010900
 5700 7600
 5400 3300
 9400 8200
 490010800
1010012100
 6800 9300
 4200 4900
14400 5000
14200 6900
1880010500
16300 4000
 6300 4800
1410012500
 7300 9100
1840010500
1260011000
12400 9600
 680012800
13300 6900
10200 4200
 940012800
13500 7400
10500 7000
12900 6000
1080010500
11000 4600
 990012000
18700 3500
10000 6000
 8900 4700
 850012900
 840011600
 6700 9200
 890010300
 9400 7700
 790012300
 8300 3200
 320011400
 730011400
 8900 8700
 660012000
12800 7300
 790010200
 890011600
12700 4700
 5000 8000
 9600 7800
1190014800
 8700 9900
 480013900
 3400 9300
13300 9800
 600015100
1420013400
 5300 9800
 6000 8200
 980011200
13600 8400
1480017100
1640014500
 9300 9900
1500017200
 580014800
1470012400
1280016600
1110016700
11700 7800
1590016600
1080012800
 750012200
 710013800
 780012000
 720017500
10500 8300
16600 9100
 180011400
1450011000
10100 8300
 920015500
 5600 8200
 890011600
1260014900
1510016800
1340012200
1220012600
 3600 9800
 120013000
 330011800
1080014100
 350011900
 6900 8300
1410012800
11100 7700
 600010600
 140014900
12200 9900
14600 7900
 950013100
 810012700
17700 8900
 8100 4800
11000 6000
 820010400
 9900 8900
 890010600
13600 5800
15100 8100
1400010400
 590012100
 8000 9900
 7800 5400
11300 5100
16000 8900
1650011100
10300 5500
13900 6500
1350013600
10400 9500
 9400 8100
 9500 9000
1080011000
 9300 5100
 920011900
1040011900
 980011800
 9100 7000
 710012400
11800 5200
 7100 6400
 7100 4400
1260011700
18300 9100
15700 5600
 610013100
 9900 4300
 190013300
1050012800
 8900 7000
1180013300
10300 8800
11700 7000
10600 7700
 140011900
13700 4700
11600 2900
 360011700
 9200 8100
 6300 7900
15600 3000
 7500 8400
10000 9400
13900 6300
10500 3100
1220011600
1210012400
  60011200
 6000 9800
 6300 5100
 990011900
11500 4600
13100 5100
11400 6300
10600 9900
1220010300
13600 5400
12200 6600
 7000 8200
12100 6500
1240010600
12500 7600
 4400 6700
17600 5900
12500 5100
 5600 6000
 7700 4500
 940011800
 8300 9900
12600 4300
1730012200
 7100 3900
 3500 8600
 960010400
 8200 7100
 140011000
 6100 3400
 9400 3400
 8700 8200
 4900 4800
13400 3300
 8400 5700
 600010900
 560012100
1540017200
 960013600
1610013000
 750015900
1190012400
11100 8900
17600 9900
1190013600
1330015200
 870014900
1210017700
 600016300
1060015400
1860014600
1800017300
1240016800
1460011300
 800010200
1530013600
 430011500
 7100 9400
1250014700
 780015400
1580017700
 680017800
1830017300
1090015500
 740012100
1020013300
1310014400
11000 9800
1510016800
15900 9300
1290012800
 780010000
 150012900
 320014200
 940011600
 510013300
12100 9200
1340013400
1440010600
1140017900
 2000 8500
 320012500
10500 6600
12800 4600
18000 8700
 8000 5900
 3500 9400
12200 7600
 930011300
1880010500
18300 6800
 4800 4200
14700 6600
1120013800
11100 4400
18400 5000
1510010900
 8800 5900
 6700 7300
 860012100
1640013800
1040010100
 570010100
1290012200
10500 9800
10000 5300
 3800 8500
15700 5200
1330010900
 930010800
 650010800
 930012600
12300 7000
1450010400
10300 7800
 8600 8300
 380011600
 610011600
 420011200
 4800 5100
 6100 4200
 6800 7400
13100 6800
1170013400
1060013900
 1700 5600
1200010500
 8200 2500
1520011700
 3600 5500
11800 5500
15600 7000
15700 6000
10900 6700
10400 6300
 4000 8500
11900 7000
 970011200
1850012200
1200011600
10700 2800
11800 9800
12300 3000
14300 4100
15600 3300
11600 7700
 4900 6200
 7600 5700
 6800 3600
1480010500
 1700 7600
14000 8800
12900 9700
 4500 7600
 830011300
15000 9800
 780010400
1450011400
13700 5900
 8900 9400
10400 9400
 2300 2500
 2800 5100
 150011500
 630010100
12200 8000
14000 3500
 7700 6900
13000 4100
 5100 8800
 710010600
1010017400
 260013100
 950013000
1120011500
 830013100
1610013200
1430010800
 460017000
1120014800
1240010600
14400 8100
1300011000
1290016100
 440010000
1310014100
 760014300
 780012100
 830011000
 670015700
 790010600
 700011300
1660014100
 910016500
1090010800
1260010500
 770016500
 940017300
 7900 8900
1330016100
 680010800
1760016200
1280010000
 4700 8300
 260012000
1020012600
 410016800
 160017400
 790013400
 930013800
 930011800
13700 8200
 760010500
10500 9800
 690010100
 990011600
1490011600
1400013600
1870014000
17000 7500
 120013100
 9500 6500
11400 5200
10800 7200
17800 5500
 9300 4700
11300 4500
 8000 5700
11900 8700
1430010300
 7200 5700
1180011300
1350010800
 9900 8200
12000 9700
 4600 9100
15900 5000
14200 9000
 790012600
 4600 4400
12300 9200
12500 8200
14200 7000
1250012800
 820013000
 850012600
 8400 5500
1070013200
 3400 6500
 770010900
1110013000
1610011900
 750011000
10700 8600
  200 6300
 240017600
 770017300
 7300 9900
1100014600
1440010900
1290011700
 850013100
1240012300
 340015600
1570015900
1540011700
1400012600
1330017500
 980014600
 730018400
1600014700
 990010900
 750011500
1070018700
 320015500
 870017700
 180018700
16800 9500
1030015700
 450011400
 810013000
13700 9700
1220011600
1150017100
1770017600
 840010200
1260011400
 660010600
1000017300
 440015300
 760016000
1310016400
 850011000
1330018000
 990011900
 480010800
11100 8900
14600 2500
1370010300
 9800 8700
17100 8200
 1500 4200
 8300 7400
 7400 6600
12000 3400
14300 4500
1810010100
 8100 5400
12800 4900
 7300 5900
11800 5500
 4500 6500
 7500 5600
14400 3100
 5100 3400
11200 4900
 2300 6100
1110010100
18000 2100
 860010600
 9000 5000
12000 9500
11700 2300
 6400 4900
16500 6300
10400 5600
11700 3900
 7500 6600
 2400 2400
 2300 9400
 8100 2400
1080010200
1210011000
 9000 6000
 6400 2500
 2400 1600
 6700 5600
1090011600
15300 4800
14300 8800
 460011800
1370012200
 3200 5500
17700 5600
13600 5800
12400 9300
 7100 7300
 6600 5200
1120012500
 9600 5100
 5300 2900
12300 3800
 6400 9800
 4600 7700
 8900 7300
 9000 4200
1390011000
18900 8900
 100010500
12200 3400
11200 6700
12200 9800
 8900 4000
 9000 8900
 6200 8600
 8000 2900
 8400 7900
 7700 8700
 6400 6800
 1700 4000
13200 8500
 7500 6100
10400 7600
10100 9800
 1300 7500
1650014500
10300 6700
10600 8200
 6400 6800
1040015100
 870015500
1740014900
1810011400
1460012900
 520014400
14500 7800
 550011100
13800 8600
1390014000
1330013000
1470012300
1220010900
1650011000
 860014800
1640010100
11200 8900
 530012600
12000 7900
14000 9800
 850015900
1130012100
16700 9800
 810012000
1200011900
 8900 9900
 9100 9600
 590013700
 510014300
 6100 9200
1110015900
 630012300
1500010000
 860010500
1320016900
1910012600
 9600 9800
11400 9200
 930010600
1590011800
13400 9300
12800 9000
 980015900
1020014000
1020015700
10300 9700
 780011800
 970016900
 920014100
 970016600
1160011100
 420016400
1140011400
 930014400
 870013400
 680010900
1000011800
13200 9600
1550010500
1860017300
 650015500
 850016700
  80016600
 640014200
 850015500
 1500 8300
 620015400
1530017800
 6500 9600
1070016700
 640016300
1820016400
 710010900
 680017100
1240013200
1350015100
1500017700
1470010900
 520011100
1490014500
1320016700
1170011400
 750019000
1340013500
 830012800
 800018400
 790015000
 7300 9800
1310015200
1430010600
 760012000
 320015900
16100 9400
 850018900
 890014600
1820017000
1460017100
 550010900
 660014700
 530011700
 760011800
 370016800
 780015200
 950018700
 6900 9300
1140013000
 1200 9600
 370014500
 880013500
 490014100
1300012100
1660016600
1470012000
1280015600
1420015700
 800012100
1340012100
1350015800
1310017600
13200 9800
 320013100
1640018300
1010012500
1030010600
 930014500
  90017800
1230013800
 690011900
1500019100
1440016800
1100011400
1180011200
1020011300
 110016200
 290016900
 960010700
 280018500
 620011800
10200 9700
 560012900
 740013200
 120010600
1310010300
 5300 4000
11300  900
14500 6000
17200 5500
10800 3200
15300 7400
 9900 7100
14300 9800
 9800 3500
 8100 6300
12700 9400
10700 8400
14200 1000
 3500 1000
17900 8100
 9400 4300
 6900 7500
 5600 7500
16000 1200
12500 9000
10900 6800
 9300 6700
14400 7600
13300 5100
 7300  600
 2800 3800
10100 8000
10000 5400
 4200 5500
15900 3600
11900 6300
 7700 5000
 1500 2600
 9600 7700
1700012700
1340015000
13000 9000
 6000 6100
 770014500
 880013200
11900 7600
 640011700
12300 8400
12000 9900
 700014000
16300 6600
 690015000
1840010200
17200 6500
 8100 9900
 450013700
1150010700
1370012100
1370012300
1640011100
 7600 8800
 870013000
10000 6100
 4200 5700
 710013800
  500 5200
 4600 8800
14100 7800
 9300 8700
11300 7600
 5500 6100
17300 6800
13500 9600
1800010000
 600010800
 7200 3300
 930012400
 9200 7600
1060012100
12000 4900
10500 7800
 3800 4500
 9900 3200
 9200 4400
16000 8200
 9200 4300
 2600 8400
10700 9800
1570012100
11900 3900
11500 9000
1590011100
1150011100
 7600 5800
 710013000
 2700 8500
 9200 5100
 9000 6500
 9100 5800
11900 6500
1340012800
13900 4200
 1800 9700
15500 9800
1690012100
1070015300
1450012300
 740016600
1550016700
1210017500
1110017100
 880010000
 730012900
 880016900
1090019100
1310018700
 940011500
 200019000
 640011900
1210016400
1090016400
1080012700
1040011600
1310014200
1000019000
 670015700
 610015200
1090011000
 760015900
 430013100
1230018000
1150011800
 560013800
  70010400
1160018300
 520013300
1150013300
 730013400
1350010200
 730011000
 890015300
1130013100
 870012900
 700016200
 520017500
1850016800
1110011000
 810015500
11600 9900
1470018300
1090010400
1180014700
1830016300
 680018500
 530011600
 330017500
 460016200
1100018400
 970016600
 990011100
 990010100
14100 9600
 610011900
 900017300
 660013400
1070015600
1340014100
 890015700
1290017700
1150013700
1430018400
 330018300
15200 9800
 570017200
 980010500
1350011700
 450014400
 360014100
1180013700
 970014800
1500017100
17800 9300
1130014600
1130011900
 700010400
 930011800
 810016700
 730012600
 730018200
 780011900
1040017700
14100 9100
 600015500
 9600 5200
13700 7200
16400 6700
 6900 7500
 8200 9400
 730011000
 4100 9200
12800 7800
 3000 4800
1630012000
1830013400
 6700 4700
 540013200
 9500 5900
15400 5300
1530012600
11600 6000
1080010000
 460012000
 4200 4800
 9000 6300
 4400 7000
 2600 9300
 9900 7600
16500 8900
 650013000
10100 6300
 1800 9600
14800 6400
1200012300
 9700 9700
 970014500
11000 7300
 750012900
12500 6600
 5400 7000
1470014500
13000 7800
 690015300
 870010400
13600 8100
14000 7600
 8000 9100
18600 6900
12300 7900
11800 9400
 5700 9100
 560014700
 990013900
 650015400
 650014800
1260013100
1190015900
 5400 7300
 560015000
1630013600
 670013400
12500 5400
14800 5100
 900010500
 8300 7400
1020014600
 9700 7500
1110014600
 970010200
1030014100
12200 9200
 950010700
 7900 7100
1280012400
 6300 8100
13200 8000
 970013300
 2100 9100
 8100 9500
 550014400
 550014200
1540012200
 540010800
 540013100
 710011000
 8900 7500
10700 8200
 770015700
 9200 7400
1140012500
 9100 7600
1070016000
15000 9800
1020015200
 920014200
 940016000
 960010400
 830015600
1830014500
11700 7900
 380012500
 810013500
 8100 8600
 600010300
 320016900
 5100 9900
1240016300
 580015900
 580011800
 120010800
1330012800
14600 9900
 930012500
 790012500
 6500 7000
17400 9200
13700 5100
 800012500
1270010400
 670013200
10300 4500
 9100 7400
1810013100
 800013900
 6300 9500
 380012000
 230013500
10800 4500
  50011000
 900013000
 720011700
11600 9300
 990011400
  400 9500
 7400 6100
1050013100
1330012900
 2500 9300
10600 5000
12500 6600
1030011400
 7400 6900
10300 6600
1630013100
 7000 5700
 960013600
1390014400
 510012800
  700 7500
 8000 7000
 7100 9600
 260013900
 760014000
1380011200
 780011100
 8300 6300
 870010600
 620012900
1440013000
10700 8200
15200 9200
15300 8500
 6600 9900
 680010700
1290011900
1000011400
 910014900
1090015800
 660015800
 670013500
 5800 7100
 8700 6800
 6900 7100
 480012000
13500 9500
1110012500
11500 8100
 990014300
  30013700
 8300 3500
 7600 4300
14800 6400
10200 3700
 9200 7700
1100011000
1510010300
10500 5400
10800 7300
14700 4800
 980012100
1130011000
 4800 6100
 9100 3500
 8700 8500
 2300 9200
 6800 3100
15800 5000
14400 3000
 9700 8200
 350011900
 320010500
1890010800
1270012000
  700 8700
 970014100
15600 9400
11100 7400
11500 7600
1570011500
1390010400
 560013800
 8000 8500
 7800 9300
 830015900
 840010500
 440012200
1600013200
13400 8900
1440016500
 400015200
14500 7400
12900 9600
 6400 6000
 3300 4100
13300 3000
1120011200
14300 2800
12400 6300
 8900 1900
 350010100
 7300 2900
 590010800
 7800 4300
 7100 6300
12200 5800
 8700 9300
11200 8800
10600 3900
 6200 9500
15200 9100
 450016600
 760015000
1430012100
 700010000
1400013300
1120012000
 960016800
 890014900
 570018900
1020018700
 650018300
 130014500
 460015900
1380018200
 660017400
1360017200
 250010900
 660012800
 430017700
1300012100
1560017300
1350015100
1020010000
 710018600
 990012700
 960013100
 790010700
 870016500
 660017900
 880011500
1400017300
 960014200
1070016300
 870017000
 7900 2100
15200 1800
14500 1800
 6700 3600
10000 8700
 8200  800
 8600 5000
 5700 1300
 4100 5100
 3800 1200
 6200 2800
11300 2700
11200 5700
 6300 6800
14500 1200
 8300 4700
1120010200
14800 3000
 8100 6400
10900 2900
1560010000
 7600 8500
 9900 4100
 900010600
1100011900
 980011600
11300 5100
 8700 9800
1420010500
 5500 5100
 5100 9400
1070010200
1300015900
1150014300
1270016400
10300 6900
 7600 7200
 2900 8000
 550016200
 680014200
 500012000
 9600 8600
 7100 6900
 590014600
 5600 7600
1330012300
1640014500
1180013800
13200 7500
 320010100
 960016300
 1700 7100
 4300 7600
1100013600
1010011300
1030014200
1240011900
 140010700
1680013600
 860012000
 590010700
 390011800
1150012900
 2200 7800
 6900 9400
10600 7500
 740012100
10500 9600
12500 7300
  70011800
 7600 9200
11700 9800
 680014500
 430015700
1070010200
 870015200
1060010800
 870015500
 7900 9500
1240011500
 710011100
 9900 7800
 810015200
 1900 8700
 400011700
 470015200
12900 8100
1210012700
1370015200
 710012800
 630013000
 940011700
 3700 4700
 6800 3700
10300 9700
12200 7100
15000 4300
12500 8200
 610011200
 660013000
 9400 7700
 5200 7000
 7500 8500
10700 3500
10400 4600
 6300  900
11700 4900
 4100 5900
 2200 6800
 1600 8300
12900 7400
 820010800
 900010600
13300 3600
 8900 7600
 4100 7300
13500 1800
12300 6900
13200 2800
 8300 6200
  800 8500
 4300  800
12600 4000
10200  600
11200 6800
  400  900
 9000 4900
 980011300
1150010200
 500012600
 610010400
1100013600
 560010200
 900012500
 550011400
 2300 8000
     1.329