    1   51    4    0    1102200
10400 7700
 970012800
1380012900
1330010900
 8400 5200
13700 9800
 800012000
 970013800
1550013300
17600 7100
 980011400
 790014600
 8900 8700
1150012600
 8800 8600
 880011100
14400 9400
12200 7100
 620013500
1230012700
 9900 5200
 490012500
13700 6800
 670012800
10400 9400
 3700 6900
1610010300
 360012200
 350014700
1060013200
 770010400
17600 5300
 740011800
 8500 5300
11500 7000
 820013700
10100 8200
1370011700
 9600 7500
13100 8400
 830010200
 260014500
 620014300
1090014700
14700 9400
1170011400
 7100 5200
1300011800
1450012200
 580010200
18100 3700
 7400 5200
11000 8400
 7600 3500
10200 3000
 8200 2400
1550010900
1690011100
17800 5900
 8300 5600
12100 5700
1320011200
 4700 9400
 4900 9400
1040010800
16900 8300
11800 2700
1270010100
 910010600
12300 1800
10000 2900
18400 7600
11000 9000
 6700 5800
 4900 8700
16300 4500
 890010300
 7800 7700
1200011600
13800 7500
 9500 9700
13400 7800
10400 7600
 8300 2700
 5700 6900
14100 4100
15000 9900
19000 7800
12500 4300
 8800 5400
 890010100
 5400 4000
 970010500
1570010000
16000 8900
 590010200
13200 2200
10200 7500
 120010400
1650012200
1090014200
1420016400
1210012000
 760015500
1290015000
 990017800
 960014700
 950010300
 780012900
1110012500
1000014300
 170018300
 560013700
1310019100
1340017700
 850016800
1470019100
1780018400
 870015400
1140013000
 440016400
1050016500
 220018900
1070017400
 390018100
1000014800
 900016400
 930019300
1830011300
 840016400
 980013800
1600017100
 960012500
1880014100
1720015000
1320011500
 950014400
 530011400
 780010300
 940013400
 800018100
 920013200
1030014000
 710017900
 920017100
1010010400
 830015300
1070012200
1250015900
1140016800
 490013300
1690016000
12200 7900
1910014400
1630010600
 910012800
15800 9600
 870014200
1070016700
 640010600
 960014600
1320012600
 810012300
 770015500
1340012000
 5200 7800
1180014300
 8400 8600
 660014200
 160016600
14900 8900
 760013300
 3900 7700
1130013700
 600015500
1400010400
1410012400
 820017100
16800 9700
1410015900
10500 7500
1660015900
1850010500
1190010900
 560014700
 1800 9400
12400 8100
1390013100
13300 9900
14400 9200
14600 8900
1080011000
15200 9200
 290011400
 680015300
1180016400
 3700 8500
17000 7700
1600010200
11400 7900
1200015100
12500 7700
1420012500
 640012800
 860015800
 5400 7000
 9000 6900
 640013900
13900 9200
 690012100
1040012300
1050010000
1240015100
1100014400
 910016200
 810010800
1730012000
 6200 7900
 680011100
1220012000
 530012800
 940012300
 900010700
 420013800
1220015800
1390011200
16300 7300
1230010900
15200 8100
1100013800
 6900 7200
 480011600
1140010800
1320010800
1030011200
1670011300
 820014100
15200 7900
1250010500
 700015500
1530013700
 5400 8600
13400 8100
16100 8800
1760010000
 7000 4700
1560013500
1410014200
1260013100
 6000 4500
11300 8800
1070012900
12600 9800
13900 8700
 6700 7500
1940013400
 8000 6800
16400 5800
10300 7500
 6400 5200
1030012800
13700 8800
1010011800
1140012100
1590014100
1050013600
1040011000
1210012700
12000 8200
17800 7000
 8700 6100
10000 5900
18000 7700
17400 9800
 760012200
 3100 5700
 700013400
 7200 6500
1610010300
 7300 9400
1120011400
 710012100
 9300 7500
1510010700
  600 7300
 960016000
1820015000
1300010700
14800 8900
 860018000
1430017700
1630011200
 670012600
 750016400
 9300 9000
 830014600
 6400 8400
1370014500
1150016800
1550017100
 210016000
1860010700
 730014300
 550014600
 460010900
 950010600
11800 8700
1130010700
1670016900
 5900 8500
1370013000
1410017800
 840013100
 930012100
 6600 9500
13900 8500
16300 9700
1060011100
 8100 9300
1170017300
 500017700
1060010000
13300 9100
 8800 9500
1290015900
 520012700
1400012300
1190012900
 430015900
11600 6200
14900 7300
16600 4700
16200 3000
13000 6000
1040010000
 7200 5600
 4300 5800
11200 2600
 790010900
1170011100
 9800 9600
13300 3600
15400 5200
 7900 1400
10500 7300
1360010700
 9100 7800
 2500 3500
10200 2400
 720010100
12600 6000
14800 6000
 8400 6500
15300 7500
13200 1500
 9600 9400
11900 6700
 9700 7300
13200 7400
17000 2200
17200 2100
 6000 4100
 3800 7200
 5400 7400
 980010900
1150010800
 6200 4400
1950010600
12100 1400
14300 9800
16200 1600
  50010200
1680017900
15300 8800
1390016400
1520014700
1120010800
1130017100
 180012500
1410012800
15700 8500
1110018100
1430017500
1280014200
1320013000
10300 9700
1760012900
1110011700
1420014700
 230014000
 940015600
1070016700
1010013200
1090015800
1230015200
1580017000
1060013200
1030016000
 850015200
 870010200
17400 9000
 930017700
 970013500
1260012100
 980014000
 680016400
1050012600
14000 9600
1480017000
1200012800
1210016500
1380018100
1450015300
 8500 8900
1280010300
1480012800
1360011400
14900 7600
1230012400
 7900 9800
1240016100
1220011500
 930012900
 950016800
1410015200
1550011800
 340015500
14100 9400
 460012400
1280011600
 800016400
17500 8800
11000 7400
 7800 7200
1140013200
 540010800
1170015200
1330014700
 770012400
 990016200
1050012200
1820015800
1540014400
1920016900
12400 7800
 990012200
 210011000
1250015700
 770011400
1100014300
16300 9000
1150014800
17700 7900
1190016600
 3100 9000
11800 9600
13700 9800
1090010500
 470012300
 940013300
1120013900
1470013800
 910018600
1190017700
1390016600
1670010000
 210011400
1740017600
1260018000
1020013000
 130016100
10100 9700
 840011800
1130015000
1580018500
 550013900
 950012800
1350016200
 570017600
1280012300
1030012100
1740012600
1840012600
1200016200
1250012800
 940012300
 340016400
 970013400
15200 9600
1500018700
1460012600
1350014900
11600 9900
1020018900
 730014800
1140015600
1000014100
 790010600
 890010600
 730013100
1650012800
1120012100
 9500 9600
10700 8700
14700 8100
 580014600
10100 6800
 600011200
 600015700
 640015700
1270011800
 450012000
 4500 9700
 8500 9200
 550012300
17200 7700
 660010200
 420016400
13100 9500
1060011500
11000 9300
14900 8500
1420010800
11900 6800
 4100 8000
 2500 6900
1280015400
1080010100
1530011700
10700 9400
10900 6900
1820014900
14700 7700
 630011800
1490015000
1120013700
10000 8600
1080012600
13100 9600
 8800 6200
 880013800
1460013400
12700 8500
 250011500
16200 7100
 560012700
 930011000
 3400 9000
1580013300
 3000 8100
 530013400
11800 8000
12000 7200
13800 8200
 770014800
 460014100
10100 5800
14500 8900
1300014500
17700 7700
1490013600
 7700 6800
 360012800
 3100 9300
 610011600
1250014700
1530010200
 9900 6200
10700 7500
11300 6100
16800 8800
 2900 9500
 760011000
 560010700
13800 9100
 7400 9200
1340017200
1020010600
1300012300
1420015900
 890015300
1670010200
 830014100
 8100 9600
 540014200
16700 9900
 560017500
 360011000
1460017800
1130010200
1820017500
 770017700
 850018700
 970014700
 580010700
1210014700
1510018000
1230011000
 720016500
 630018600
 720010700
 720017900
 9000 9100
1290016500
1430015900
1180016400
1140013400
16300 8900
 810011900
 9500 8200
1040011500
1160010700
 6200 8300
 6100 7900
 8800 8800
18300 5500
 4200 3800
1600011700
 7200 5700
 5300 4700
 1700 8700
1240010400
 9700 4200
 360013500
1250012700
 6900 8400
15900 3900
 6000 4300
 5200 8900
13200 9100
14500 8700
14300 9300
15500 7000
12800 7200
11500 6300
 4100 8700
 380010800
 4900 6000
11200 7700
15700 6100
11600 6500
1330010400
1820012400
16000 7000
 4200 9900
 8300 3300
12700 2400
 720011100
1230010700
 8600 4600
15900 8600
 1500 4500
14000 1800
12400 3300
13000 7100
 5200 3100
15700 5300
 4400 1600
 5100 5700
 920010900
13700 5800
11600 1600
10400 7000
12400 2000
13000 4100
1250011200
16200 7900
12300 3300
14400 7100
 7100 7000
 7000 9400
 7500 9100
 480011300
 7400 2300
 7400 9200
10600 1700
11200 8800
18300 6400
12800 8300
 4800 4200
11900 8000
 660012300
1080011300
10100 5200
1040014200
 8800 4600
18500 5100
 8800 8700
 500012400
 960012000
13600 6500
 7700 5300
 950012000
1390012400
 5400 6600
1010014100
1030013500
1050011800
1470013800
13400 4500
12800 6800
1720011800
1770014100
 8900 9100
 310011000
 780011200
 7300 9500
1070010500
 6100 6500
10900 7300
12400 9500
18100 6600
13000 5700
 4300 6200
1080012800
1160013600
1030015700
1040013800
 1200 8600
1970016500
 710013700
 930016500
 410016300
1370016000
10200 8100
 770010900
1240010800
1010013400
1050015700
1240014700
1040016600
13700 7700
 570015300
1100010100
12700 8200
1840014600
1300014100
 670016200
1030010100
 3700 8500
 880011800
 630015100
17500 8900
1170010700
13700 9700
 8400 7600
 780015300
13000 7500
 6900 4100
15500 9800
 960010700
1090012300
 840012700
 7200 9100
 7600 5400
13900 5100
 7100 5200
 6800 3800
1330010100
14100 4700
11300 9800
 5700 9100
 9800 6300
10500 8300
12900 4100
16800 7000
15400 7000
1820010200
11000 9200
 5100 5900
  80010100
 8300 3900
10500 5400
 8300 6500
1380012600
 650011900
1260012000
1280011500
 4100 6400
 990015000
1140012600
 200011500
12700 7600
 660012500
11300 7200
 700012100
10800 9300
 500014200
 8700 7400
12300 6400
12300 6400
10200 8500
 6400 9300
 8100 8700
1250013500
 590011300
11100 7200
1350012200
1220013200
11000 5500
 610010900
 960013900
 400012500
13000 5500
 8500 9000
16300 7200
12200 9600
1730014100
10400 8900
 390013600
1080014900
 7200 7600
16300 9800
1230011000
 8600 9000
 940012300
1210016000
 7900 8200
1210012900
1580012400
10000 8300
15600 7700
 690012000
 840012900
1330010300
 580013200
 9600 9700
10700 7300
1100011200
1110014100
 950011800
 570012400
 500011100
1090010800
1280014500
1700011500
 570011600
1540013300
1100014900
 5700 6600
 910011800
1650013700
1040012700
 850013100
 770011400
1010017500
1210014400
 430018200
 780016100
1300013300
1000010600
 830015900
 330010200
1100014100
 920015200
1830013600
1510016300
1790012000
1180014100
 820012900
 850013800
 390017300
1320010200
1310012600
10400 9900
1080012800
 980014600
1210011500
 530018200
14900 2600
 5000 3600
11100 7400
 3600 9900
1720010100
 3200 5200
 8800 4200
13700 3300
 6700 2400
12600 6600
 8900 3600
12200 3000
15800 2600
 5400 9800
12400 2500
10800  900
11700 5400
 9300 1800
 4500 6800
 9100 7600
 3700 4100
 8300 6300
13900 6500
11100 5800
 840010500
 8800 6100
 9300 2200
  500 4700
 920015500
 780015100
 810018300
1730010700
1040013500
1130016200
1430014800
 910017500
 980013300
 970015800
1110018900
1800011600
 610011300
1370019700
1400011000
1100018400
1050010900
 330011700
 910011700
 530014600
1650013200
 970011500
1700011100
1420018300
1220018600
 830018500
 460018100
1170012100
 5100 6200
15400 6900
 540010400
1280011500
15100 5600
1000013000
17000 9000
 630013900
 3200 4800
 8900 8500
1110013900
12800 9500
16000 7900
14600 7600
 990011800
 6100 6300
 1700 9700
 520011800
11700 7500
 6100 6200
14400 6400
 800013000
1020013000
12200 9400
 870012500
 670012300
1490013300
11700 8200
 8700 5500
12000 9700
 7700 8700
1720011800
1390011600
11000 7700
15600 6500
 670011900
1580010300
1070011100
16300 9600
11000 5100
 340011700
 6600 8800
 3700 6300
 730012100
1150013300
1390011100
 820012200
 9100 9100
12400 5200
 300012300
 9100 6800
 4100 1700
10000 7000
 9000 8200
 8500 3800
16200 2100
 8800 6300
 9700 2400
 9300 1100
 8000 2100
15300 3300
14700 2600
13900 8300
10600 3500
 9300 5700
10200 9700
 3600  500
14300 4100
 8000 6300
15100 9300
 5400 8100
14800 7700
11400 1400
  600 2500
 980012600
 310017000
1280010300
 960015200
1850015700
1330011500
 400012000
1150015600
 640014400
1340015900
11900 9300
1190013400
11400 8300
1210014700
 190014400
 700012200
15200 9400
 990014500
1730014200
1200016400
1320010400
1210015600
 950017300
10000 7100
1390010800
 800010800
12800 3300
 6800 4400
 8700 8500
1580010800
13200 6600
17400 6900
15900 7300
16800 2800
 8700 8500
 4500 6500
 9700 6400
 9000 9800
 8800 7200
1510010300
1600011900
 9600 3500
13600 9700
17200 3500
 110010600
11400 3400
 9400 5200
16500 6700
 9800 3200
 9600 4800
15400 6200
 8800 4300
13000 5400
18000 8000
15600 8000
1340010200
 7200 9600
 270010300
 6900 9600
1280011700
10400 4800
12100 4700
1420010400
 9900 3800
10100 7000
 720011800
 830010200
15800 7900
 610014500
11700 9700
1030015300
1350012700
1300013600
14300 8900
1280010600
10300 9400
 950015000
10200 8900
1080015500
 8700 9900
11500 7800
1510012100
 780014200
 990014300
1570015900
 240010200
13000 8700
13900 9300
 4600 9800
11800 8400
1140011500
1890013900
12600 7600
11700 6100
11700 4700
 3500 8100
 7800 8000
 7300 5400
1000010400
 9300 9000
16800 9900
1260013100
1460012200
10900 9400
 7300 8400
1320013100
1200015500
1090012800
 870016900
1440013400
1700012500
1340011900
 9000 9500
 680016400
 820014700
 670010600
1420011500
1240018800
1500010600
1340017200
1180018700
1170016700
  40010000
 750011400
1080012000
 7000 9300
 980010900
 9700 4800
17400 9900
 5200 7900
 680011900
 710012400
 9600 6200
13000 7100
14600 7600
1190012600
11400 4800
1360010000
1600013000
 140011400
14300 3900
 830010000
1730011500
 9000 8100
 9400 7100
 8600 5000
 9600 3200
 7200 5900
 7600 9900
10800 7200
 6100 6500
12900 8300
 920011400
 8900 3300
1550010500
 790010700
1240013900
1200014300
1070010600
16600 8900
 390014700
 270012200
 740016000
 690018100
 9200 9600
11000 9300
19300 8700
1240017800
 950016300
1810017600
 3800 8600
 960011400
1290010000
 9400 7100
12800 5700
1010013900
 290013200
1120013500
14700 7300
 9700 5200
12500 9400
 770012200
10300 8000
15200 9500
 120013100
1020011500
1830014700
1250012900
 670018400
 930013400
1140015400
1100015800
1450012900
1710014700
 900012400
1420014900
1320016300
 500017700
1290017000
 750015200
 340018100
 250012400
 350016100
13100 9000
 810016700
1680010900
 920013500
1040017200
1810014000
 100013200
 840012600
 4800 9800
 760014200
 420014800
1250016800
 780010700
1620014200
1120010800
1640014300
 8600 9700
 620010800
10400 6700
 1800 6000
1190012800
13100 8200
 9400 7200
10400 7800
12900 7400
17900 9900
 9600 4000
  70011200
 870010800
 9300 2900
 7300 4300
12100 6000
11800 9500
 7000 4000
11800 7400
1780010500
 5500 3000
 5800 4600
14500 2600
 8500 8600
1230010600
 8100 9000
13500 7000
15000 4300
 7600 3300
12100 9100
15600 9300
16300 8800
 5700 8100
15900 3700
 9100 4700
 940012300
 890013400
1090013300
14300 7500
 880016400
16200 8800
 110016100
16500 6500
14300 7800
1060014000
17300 8800
 730012600
 890019500
1270013000
1020017200
 500010600
1030011300
 9700 7500
 580013600
1790011700
 250017700
 780016100
     2.713