    1   51    3    0    1118600
14700 5400
12100 6000
 9400 3500
13300 7200
 8300 7800
 940013000
 8000 8600
1250012300
 8300 3300
 7800 9300
 7300 6900
 9000 9900
1140010500
 9300 9300
13100 7900
 2600 8800
16500 9500
1150010000
 6500 9100
12800 4200
 6800 8600
 250010800
1170013000
 9700 3600
1090010500
 9200 5300
 4500 7100
 4000 3400
 3900 9200
 8300 7800
 420010900
 7800 3800
11600 7600
1280010900
 7300 8400
1120010400
 820012900
1520011700
 610012300
16100 9900
 750013000
10900 7600
12500 9200
 9700 8400
11000 3800
12500 5300
 6100 4800
 1000 9100
11200 7800
 8900 8100
1360013700
15900 8900
1090012000
 690013000
12800 9300
 710013600
1470013200
1070012700
10100 7500
14700 7900
1380015200
11400 9200
 780015000
1160014200
 110012200
1700011700
1330010000
 930013600
1570012600
 730015000
 1900 8800
16800 9200
 5600 9400
 450014700
13000 7300
1320015700
1120014000
11800 7900
 9800 8400
 650014300
1380011000
1270010300
 9000 8400
 620015100
1310012900
 140014800
1190015300
 7500 8100
1630010500
 880012100
1100014300
1500010300
 4000 9900
1220013100
1080014600
10500 9600
10100 9900
 9000 8100
 9000 7600
 950016600
 460015700
 470014000
1220015200
1080014900
1360012100
 470015400
1440012900
1190017000
 740010700
1230015300
12200 9700
 580015400
 4700 9700
 910016000
 8400 7500
 8600 9100
1340014300
1300014100
 820012500
1780010600
 650010900
 550012000
1620010400
 8300 8900
1140013800
 310014300
 3800 8400
 990016900
 830016700
 930013900
1070015200
 530012300
12000 8800
 720010800
1400013400
1170016700
1600015300
 630011400
1740011100
18100 8000
1200015700
11700 9700
13000 7800
 680016600
 2800 7600
 480011600
 5600 7200
 820014300
 250012400
19100 7100
11400 7400
 950011200
 740011700
12300 9900
 800013600
1240011700
1270014100
 7100 7700
 730011900
 8700 8300
1520012800
10900 6500
 610013900
1460011500
 450014000
 160012600
10700 9500
 4800 8400
 8000 7600
1680010000
 940013200
 260013100
 620015800
 900010700
10700 8000
10800 9600
1100013900
1300013500
1170013600
 6700 7900
 970012200
15800 8100
 8000 7400
16200 7000
 9500 9900
1090012900
1320011000
 490010700
11400 6500
 5900 9900
1150010800
 730010500
 970014300
 820013400
 9100 6600
12700 6300
 420013700
16300 5700
11600 9400
 770011900
 710010800
15700 6800
 8000 6800
 8700 8700
 6300 6000
 5800 9900
1010011200
 9600 6800
 6100 9900
16000 5400
10800 6100
 840011800
 9800 6800
11200 4400
12500 8900
14900 7700
10000 4800
 620012000
 7800 7600
11400 8400
 3300 8700
 9200 6300
16300 7200
16100 7200
1070011100
1110010100
 8100 4500
13800 7400
 820014200
1660014100
 8400 9700
1490012300
1850011800
 760013000
19100 5700
 650011200
 890011900
1030011300
10400 7500
 4500 7700
13800 3600
 720010700
10100 2300
 6300 8800
11400 6000
15700 4300
13700 2400
 4900 1900
 750011100
 6100 6500
10300 2500
17400 4600
13000 9300
1170010400
12900 9400
13000 8700
 5600 2100
17300 7300
 6300 5200
 7800 2700
16600 6900
 590010600
 7800 4500
 7400 3600
 7100 2100
 7000 5200
 6500 8200
 9300 9500
1060010600
 7500 7100
 9300 5600
 270010100
11900 8000
 8500 9500
16900 4100
  600 5200
15900 3000
13100 6900
 890010700
12000 2100
12300 5700
10100 3900
 2200 9400
 7700 7600
 2800 5300
1170015600
15100 9400
 450014300
 7100 9600
 870015200
1500012400
 560017200
1130010500
1150016000
 480010500
1040019100
1070015000
 980014300
1030011800
 890016000
1020011300
1200019100
 800012300
 950011100
1680017600
1310015400
 710015200
 460014800
 230015500
 940017500
1170017200
 810014400
1570014500
 650018900
1540011200
 950010100
10200 9400
1380011100
1630010800
 270011900
 950012800
1770010400
1060012000
1460017400
 690015900
1320014200
 890015300
1380012600
 990010500
14100 3700
 9000 8500
 8700 8400
14600 4100
1090011200
12400 4000
 6900 4400
11300 9400
 450012600
11400 8600
 8600 3200
10100 8900
 970010200
 9600 5800
1040010500
10000 7900
 580010300
12100 7000
10500 3300
 490012900
 5100 6400
 8100 5600
 720010300
 8200 7200
 7900 4900
 940012800
13100 7200
 4600 3700
 7800 4200
 7400 8600
16400 3600
 580011000
1050011600
 9400 6000
12200 8900
1540010100
 920012800
11600 8400
10800 5500
 870010400
 3200 9700
 9300 6100
 4500 8600
 500014900
 900013600
 7100 9400
 860013900
 6500 9500
 8800 9800
1080016100
 120017800
1460010600
1370013500
 310018200
 920016500
 500012900
 980012000
1150012300
 760013100
 800011600
 980011100
1140011700
 4700 9500
 800014000
10800 9000
 200010300
14100 9500
1030010700
 980015800
 2300 8700
 9000 8800
 400014800
1660015100
1120013200
16000 9600
 580014900
1150017400
1660017600
 720018400
1380012600
 990016400
 560011500
 750017600
 870014900
 790013100
 900013400
16200 8700
11200 6500
 500012600
1170013300
 5700 9300
 3400 6400
10200 4700
15500 6900
 500010700
1310012900
 500010900
10200 5100
1310013400
 9800 8200
 8200 7300
1390011000
 600011500
 750010300
 7500 4900
1090011200
 240012300
 500012100
1530010700
1060011800
 940012300
 9100 5500
 900012300
15700 9600
1260012300
12100 5400
 8600 5500
13800 8000
13200 8100
 680012600
17300 7800
 9000 8000
12800 5900
 120010700
 5900 5200
 1800 8200
1260012000
1240014700
11500 6800
11500 8600
 770011300
 430012500
14900 5500
1560012300
 270014400
10100 6600
 960014000
 570011300
12400 6300
 980013700
12300 5700
1100014800
 5600 8200
 2700 9500
 710011000
 9800 9400
 3500 9100
 4900 7400
 940012900
1490013000
1120014400
13000 8900
 350010000
1260010600
10100 9900
1100014500
 5700 6600
17200 9100
1230012900
 6600 7800
17800 6700
10100 8100
 520010900
1020012000
 640014900
 7800 8200
1160016900
 400012300
 870015000
 650015800
 610015700
13600 7800
1010012400
 670010300
12000 7600
 3500 7400
 920016300
1570011100
 680016300
 7400 8600
15700 7400
 4700 7500
 650011600
 9700 8600
 280011700
 230011500
 8000 7900
 7800 9900
 7800 8800
 880011600
13100 7800
 7800 7100
1650015400
1240010100
1510010400
 680011400
1240013800
1120011500
1200010000
1700013000
1510012200
 5100 9300
1040010200
 490010300
 2800 9300
1310016900
1410010100
1250013000
 560017100
12000 8200
 880013800
 910016800
1460016700
 330015600
1010016800
1560015600
1140010100
 590011200
1030012900
1080012400
 950013000
 430013500
 910012100
1050011700
 7000 8800
12100 9400
 900012900
 5500 7500
 930011100
  40014000
1730016000
 680010200
10900 9400
 810010000
 830013500
1730014300
 350014500
14200 8800
 810014400
 410011300
 5500 7900
 720011000
  10010800
 610012700
 7500 3700
 1900 6100
1690010800
15300 8800
 7100 6700
13400 9400
 8000 4400
 7500 6000
1880010600
 5700 8900
 9900 5600
10500 9300
 7100 8900
 6700 9900
 4600 9900
 4300 7300
 5000 5000
 7300 9000
14200 9700
10300 7700
 230011800
 910011700
  30010900
11100 4400
 8200 5300
13500 6800
 950011100
 7600 7100
1300010800
12300 5200
1080011300
 710012900
 420012200
 8100 7300
 7800 3700
 4900 4800
11800 9900
 890012300
1040014100
 8400 9600
 350011600
11800 8500
1290014000
 670013700
1140014600
13700 9800
 4400 7600
1540014200
 830010500
1000014300
 8400 9600
10200 6800
 4700 8000
 710012100
13300 8000
 8800 8800
 7500 5200
13700 6700
 1400 5300
1020010300
 860011400
16800 5700
10100 5300
1410012900
16300 5500
1060013100
1910014000
13100 5700
12300 5300
 630012100
 540014500
 300010400
 9900 6800
13100 7800
1170012700
 290011100
10600 8000
 970010100
 860014700
1700010800
1100010100
12800 9700
 790010700
 600011600
1160014900
 650010000
 6400 6100
10500 7000
 7400 6300
13200 5200
1200014800
1080014300
1400013800
 840014000
12400 8200
1340011100
15400 9100
 2100 8800
13000 7500
1170013200
1090010300
1710012900
1450014800
10400 6200
 450012500
13300 7000
  80013200
12200  800
 7100 7900
10900 5400
11100 2300
11900 7800
 8500 6100
13600 4200
13300 7200
10000 6700
 8000 6900
 5100 5400
12000 5000
 2800 9500
 2300 9100
 6400 3600
12500  900
10900 5900
16100 9200
10200 8800
11100 6800
 1300 6400
15000 4100
 6200 1400
16200 9500
 4800 4300
10800 2000
16300 1300
 5200 5900
18100 4300
 9600  800
12400 5900
 7300 3800
 7600 4700
 2700 5100
1130015400
 750018000
17000 9200
 680014100
 240015400
1190013600
12300 8900
 750015400
1450018000
 970017000
 330014600
 640014900
 980014400
 800011500
 760018100
 930012300
 870010500
11300 9200
 9900 8800
 9800 9900
1110015000
 880013500
 970012800
 390012100
1220012700
1250018000
 880016300
1200014600
 820016600
 590016700
 750016000
13200 9800
 720014300
 260012100
1620010800
1150010100
 370014000
12600 9400
 500015000
1040011800
 7800 9100
 670010400
10400 9100
10800 9600
10600 8200
 620013100
1230012800
 7300 9000
1070010600
10300 7600
 970016100
 9400 9900
 990016100
 520013700
1370012400
 360013800
 910013400
1500012500
 420010200
1610014300
14100 7900
 430010000
 640012600
1000013200
 110015800
10000 7500
1200010500
 6100 4200
10600 3300
11100 7400
 4200 4200
1400010200
 6300 9200
 4300 9700
11900 4200
 6700 7600
 2500 9200
 900011600
12000 7000
 820011900
 860011600
14200 4800
 8400 9900
14400 9300
 640010000
16900 3600
 420010000
14700 8000
1280010800
 5600 7500
1630010200
 870011800
10800 7200
 7800 7500
 470010600
  900 5500
 430015400
 800012500
1150013400
 810018600
1200010500
1500011100
 620011300
1110010700
 760017900
 590014800
1050015100
1420018800
 690016400
1510010700
 910011100
 610017000
 100012300
1280014400
12200 9300
 930011100
 250010500
 8600 9400
17200 9700
 290011200
1770013700
 750013300
1380014700
 400016100
1350012600
 940010100
 3600 7100
1580010800
 5100 3300
1000011900
 8800 8900
 9200 7500
 8000 6400
11100 4400
10400 7300
 7300 4400
 900010400
 9400 6700
 8900 7400
11000 4200
1550012200
 870011600
16500 5900
 590011300
1740012000
 800010200
12900 8900
16500 8200
 900011700
14000 7100
 8100 5900
 9100 5500
 9400 9300
 8100 5600
 5000 4700
12700 2800
11900 6500
 7800 5200
 9200 4100
13200 2100
 4700 4100
 8300 2600
10000 3400
 8200 3300
 9800 2800
 9200 2400
1170010800
 8200 3400
 6700 8300
 6900 7300
15900 1200
 7300 7900
16100 9900
 3000 6200
10700 5300
12300 3200
 8100 3900
16400 1800
 5800 1100
 5800 2600
 9600 9000
1340010600
 9400 6000
1080015200
1150017600
 970018900
1080010100
 350019000
 340018400
 990011200
 450010400
1060011000
1160015800
10400 9900
 950015700
 9500 9800
 710011800
1140018700
1090018900
1370013200
 160013100
 840019200
 970014700
 830017700
1680010300
 950011000
 510015700
 470016700
 580017900
 120011100
 520010400
12100 5800
10700 9800
 2200 5100
 2900 7300
 6100 8500
 4600 5900
 9700 4500
1180012000
1040011900
1150011300
13300 6100
  50010400
17500 9600
1190011500
17900 4600
  600 6000
13700 7900
 9600 5300
1060010600
18300 8000
10200 7300
10800 9200
 530010200
11400 6200
 5000 7000
14300 8500
 9600 6100
 940012600
10800 5300
1180011800
 800012800
13100 3800
 8400 9200
 8200 4800
 7900 4800
 7800 5400
 3700 7900
 9700 9800
 8300 4700
 8200 3400
 400010600
1430012100
10800 8500
 9000 5200
12700 8000
14400 5000
12100 9100
 8100 8700
 8100 5600
  80010100
1130014300
1130010900
1210010500
1150011900
1120014900
 6200 9300
 8200 8100
1110014800
1070016200
1270014400
 8200 9800
12600 9000
 9600 8100
1210015400
 410012900
1200016500
14300 8800
1170015100
1570016700
1520012200
1380010600
 6800 9900
 470013400
 440011200
 910010500
11300 5500
 740012000
10300 7000
 4600 7500
1570010400
1210012700
 5200 7600
1500012300
 6400 9400
 970010900
 500011100
1030012500
 5700 5200
10300 6600
13000 9900
1100013500
1100010600
13000 8900
 800012400
1070013600
1350011100
 700011500
1020011200
 880010600
 5000 5300
 7100 3600
10400 4400
10400 9300
11800 6700
14000 9600
 1000 6600
11100 5300
 5600 9700
12000 4900
 2600 8500
1480010300
11000 4500
 3000 7400
1300011800
1380010700
 8700 6800
 540011400
 9800 3300
 9200 4300
 3100 7700
11500 7600
 6400 7300
 810010900
 8500 7500
 5400 2600
 820011000
 590012000
 9900 6500
 9200 6600
14200 7900
 6600 9600
10000 7800
1470011500
 920010800
18600 8000
 7800 5200
1330010800
 690010900
 8800 4400
  30012200
 9300 7400
13100 4800
12200 6300
14900 6900
 730011600
 8600 8000
 300011400
 9500 4000
12200 6100
14200 7500
 3900 5000
11100 3600
10900 5600
 7200 7200
14300 2200
11200 5900
 7700 3200
 7900 6300
 4900 2200
 1600 5300
1310011300
 7900 3500
10600 9200
 8300 5400
12700 6200
 9500 3200
13600 4600
 5500 3900
16600 3000
 8400 2900
14700 3200
16800 5400
 5400 3300
12100 9100
 9400 8800
 5200 9800
 5700 6700
10100 7600
 4700 7400
 9700 9100
10600 5200
 7600 9900
 990013900
 8500 8300
1440013800
12600 9400
1690014100
 930010400
14700 7400
1590012400
 520013900
16400 8500
 8300 4900
1040010100
 6200 9900
 9800 7200
 5900 6800
1490011000
 690013600
12900 8400
 210014000
1320014300
 830016200
13900 9400
 520013000
 840015400
1260014100
 7900 8100
1450012400
1480010000
1300016500
 8100 9700
1360016200
 820012400
 5600 8600
1060011100
 420010600
13700 7100
 9200 7500
1340011300
 1600 7500
 930015900
17600 9600
11300 6800
16000 8300
 9600 8000
 790012700
10000 7100
 680013100
 250010100
 5800 8300
 3400 9600
1630010400
10600 9000
12000 6300
 7200 8800
11800 5100
15100 4900
 4600 9000
 9800 2500
 9800 3700
 8600 6400
10700 2400
10200 8000
 310011700
 750010700
13900 6400
12800 6600
1540015200
 6500 9400
1100010300
1800015500
 4400 7400
17700 7800
14100 7200
 590015200
 4500 8500
 520011900
 720015400
10800 9400
14400 8400
12200 3200
 9600 3800
15900 5200
11400 9300
 4100 3900
14000 1600
11700 7000
12200 3800
 1900 9200
 5700 5700
 1000 7200
13200 9900
1000011800
  60012900
1720015400
1380015200
 400011300
1050011100
1450011300
1090016900
1070016600
1060010700
 460017400
1460011900
 4500 7800
14600 8600
1730011300
 300014100
14400 9100
11900 6100
1300013900
 850014300
 760012900
  600 5800
 670016300
1170013800
1740015200
 320013100
1150014800
1010013200
11400 9400
 810011200
 970015300
 1200 8800
12600 5700
10500 2300
12300 2900
14700 4500
14900 2700
11800 5400
 2000 6500
 9100 8300
 7800 5500
12400 9200
 650016900
 9400 9600
14700 9900
11200 8200
 540011300
1340011600
 5400 9100
 480011300
1150011600
13400 9700
1030010000
 610016500
1050010100
 550014100
10300 6600
 9900 2800
13100 6500
 870011100
 9400 3700
 6800 8000
1550012500
 720015500
 650016700
 820016100
 410016400
 7100 6200
 250015500
11400 9200
 210010900
 610012300
11300 6000
 2300 9200
 6800 3100
 2900 9400
 5300 8300
     3.973