    1   51    3    0    1133300
1340013600
1110015000
 960015800
 410013100
1560012600
 6700 9600
 970011100
1070017600
 560011800
 710013500
 900015500
1680015200
 930010200
 470013500
1490012400
 3800 9900
 850012400
1580014700
 910011300
1350013500
 630016200
1210018900
 920019100
 640015200
1030015000
1470014000
 710010400
1380017800
11600 9400
 630013400
1270012700
1880010200
 860017200
 770015800
 990015500
1440014700
1270018400
1200010100
1250017000
1400015100
1670018500
 980017400
 990010900
 640015600
 930010400
1430014700
 600019100
1470015900
1590015400
 130013500
1610017100
 270015700
1280011300
 940014100
 530011500
 690015200
1400010900
 710013500
 430017600
 800017200
13100 9200
1380015200
 2800 8700
1280017900
 290012700
 990016200
1200013300
11400 9200
 4700 9800
1430011100
 510010700
13100 9300
 830011300
12900 8100
1060015700
1660016100
1020013000
1040017000
12200 9000
1460013700
 990016200
 460012400
1050012000
 520013300
1190016000
1120014100
1520014100
1880011300
1120012300
1290017900
 440010600
 960010000
1160014900
 870016900
1560013300
 910013200
1850017500
1440014500
  50017900
 530019000
1070010500
 830015700
 700018000
 700016800
1370017900
 650012700
 760018400
 770017200
1320016600
1160016100
 960014000
1030014700
1150011300
1420011100
1630015500
 960010300
 810015100
1230014400
 770012000
 6800 9300
11000 9800
1360019100
1120013200
1090011200
 950013200
1080013200
1150018500
1280013400
1930011700
 570014000
 9700 9800
 840013500
1830011700
1640014200
1370014100
1350010300
1440016800
1380014200
 850015100
 620012300
 710016400
1210015500
 750013300
1420010300
1150010100
1210014200
 790013300
12800 7700
15500 1100
10600 8600
 2400  300
 8500 7100
 4100  700
 4700 7600
 5900 8000
10600 9300
 8200 7400
 8900 2000
10900 1300
11600 5700
 8600 6600
17200 5700
 9900 9600
13100 5300
12400 5400
10100 1600
 6200 7700
11700 7500
 5400 1500
15700 5700
13100 4300
 9500 4100
11300 8400
12700 4000
10100 4500
18700  300
 6900 8400
13500 2400
 9700 7000
17300 8600
 9900 6700
12000 2600
11100 7700
13900 4900
16500 2300
 5100 6700
 750010000
 7700 6100
 8000 6200
 8000 7400
 6100 3800
16100 1700
15000 7200
 720010000
 9300 5900
 770013800
 260011400
 600013500
 500013000
 8600 9800
 490013100
13400 7700
10700 4100
 890013800
15500 9000
 5000 7900
 760010400
1610013700
 670010500
10800 5700
 7200 8400
 6800 9300
1210010400
 6700 9400
 840011100
1620011800
14700 4500
 9600 9700
 200010000
 700012100
 8600 4500
14800 7100
13200 5800
 820011800
 8600 5900
1500010300
1070012800
13600 5000
14000 4600
1310013100
1280010500
 8600 4900
 860010700
 460012700
12900 6800
 8000 6300
 560011600
1190013700
1470012400
 6200 5500
 9400 9400
 4000 9600
 970015200
 290016200
 490011700
 910015200
 940012900
1020010600
 310013500
1480015000
12400 8200
 8700 8700
1030014800
 440013300
 960015800
12600 9300
1300015900
1370016300
1130013500
1270017100
1080011200
1550014200
1220011300
1030016600
11000 8700
1250015600
1700014600
 370012800
12600 9200
 4400 9700
1040014200
11100 8400
1450012700
1720012500
 6800 9400
1380016700
 6000 9500
 7700 9300
 790012800
 860010500
1070012700
10900 8000
1180016300
1640012400
 530010200
10000 8200
 790013000
 8200 8800
 3400 6100
 910014000
 9600 8100
10400 4700
 6300 4800
 7300 5200
 410010000
1040010700
 950010600
 8200 6800
 450010700
1210011100
 570010100
 7000 4600
 6700 4800
 7400 9200
 8500 8400
1420012700
 6400 6900
 5300 5200
 610013500
 7800 8200
19000 4300
 460010300
1480011600
 8700 9500
 950012500
12800 6500
 750010300
1900012600
1220011100
1580013100
12300 7000
1220011300
 880013500
 960012500
1280010700
10800 5100
15300 5000
12300 5600
 5000 4400
1250011200
 3600 4700
 3200 5800
10400 7600
12700 4600
 9200 4500
 620010000
15100 8900
 300010400
14400 2400
12900 3100
10500 3500
 550010800
 630010900
1120010200
13300 8300
 8300 1900
12600 5000
10100 8800
14900 2100
 6600 5700
 3700 9300
 8700 3300
 5600 7900
16500 4900
 9200 7000
1080010800
 9900 3500
13600 6500
15400 9600
 6900 8500
10100 9400
 730011600
16000 9000
 7500 5100
11300 7100
 8000 5300
12800 9300
12000 7800
13600 3400
1810011600
14400 5000
 6600 4500
 3900 7200
 2400 6800
13400 9800
17900 9000
1100013300
1040010400
 9000 9300
 850014300
12900 5700
16400 7900
 9500 8400
1270010600
 6900 9000
 690013100
1460012900
 8500 7900
 8500 6200
13000 6200
10300 9900
 720012200
11200 5900
1310012800
 850012400
15900 8800
 5200 8600
 8800 9100
 910013500
17800 9700
11600 8100
1290013100
1900011800
1430013800
1540013800
10800 8800
 5900 6400
11300 7600
17100 5800
 8300 7200
11000 5200
11300 6400
1640011200
  800 6200
 8100 8200
 5800 5800
16300 9600
12200 8800
 8100 5800
 8500 3500
 500010900
14600 6300
18900 7300
10000 8600
 4600 6700
 6800 4500
 6800 8200
 5300 3100
 800012100
 6800 5100
15300 3600
12600 3000
 8800 4600
11200 6400
12300 8700
14300 8100
17500 6400
13100 8300
17000 3500
 7100 4100
16600 9100
14800 5900
 7500 6600
1320010900
10900 6700
14000 5200
11700 4900
12200 6000
 4000 3700
14600 2700
 8500 3100
10300 8400
11800 5400
12700 3700
 630011200
 830011700
16200 8100
16400 4600
 730012000
1230012000
 5200 9300
1380011700
17100 2800
 9800 8000
1030010900
16000 7200
 720011900
 8300 4700
13100 3400
11600 9000
16200 5000
1060010800
1330010900
 3500 5400
 990010000
13000 7100
16400 4400
 890010700
 8000 8500
 500011100
12400 9600
13700 8000
 6600 4100
16100 3000
10100 6300
17200 5500
 6400 8000
 9600 8100
 8100 6100
10100 4200
13700 8600
1390012000
1660011900
 820010900
 2200 5500
13400 6500
 950013500
 7300 5100
1510013300
1220011400
12300 8200
1020010600
12400 4000
1290012000
1250011000
 8900 4100
 730011800
 5800 8500
11300 7900
14800 6300
16200 6300
 670011600
 3100 6100
 8000 8400
 610011100
11300 8200
1110011000
10500 9500
 280012500
16500 8800
1630011500
 6700 9000
 9800 8300
 6400 6800
1840010000
 7000 8900
 5300 7100
11000 6800
11100 8300
11200 8100
 850010500
15900 4700
13200 7600
 5700 6900
11000 9400
 550015400
12900 9900
 420016500
1250016100
1640015800
 440018700
 470017100
1380011700
 640010100
 570018600
 950012800
1340014200
1380018500
1460014800
 670012500
 360017100
1430012800
1080018700
 980011500
1170015600
1320012300
 470016400
1280012800
1690010600
 860010900
 970011800
 5800 9600
1540018300
1290016600
13400 9400
 430014200
1670011000
 860015200
1020018900
 940019100
1210011500
 200010500
 180016600
1630015800
 6400 9800
10700 8200
 990012100
 8400 9800
10400 7900
 800012500
1260016500
1330010500
1040014500
13100 9200
1390015600
13700 8000
1390010200
1140017500
1400012800
1410016800
1910015000
 6700 9600
1560015700
 300015700
1300011600
1160010800
1190011400
14500 8200
1260010800
11200 9900
1220012000
1450015200
 510010700
 8100 9500
 7300 9700
 880015900
1640011100
1600010000
 930015700
 7600 5200
 5000 3000
15700 5200
 9400 5900
 4500 3100
 7600 6700
 7000 2300
10600 9300
 7500 5100
11600 5300
 7400 2500
15900 8700
12300 3500
12600 7400
 260010800
 9900 8300
 7300 9900
16800 4300
 5600 9700
 9700 6800
 1900 8500
 9300 6800
13800 5100
 9600 6900
11000 6800
 7400 8900
14100 6700
 4600 2300
 660010500
 6000 2000
14200 8600
 6000 7200
13400 7400
12200 4600
15000 2100
 7200 4700
 940014900
1470016300
1500015800
11000 7700
 8700 6900
1140014200
 620011500
10800 8400
 720014200
1150010700
13500 7700
12100 7300
 620014600
 320014400
1170015600
1380014600
16300 8700
 520012800
 7700 9800
  40011300
15700 7300
1680014300
 790011600
1260015000
 8900 7000
1400010900
 6000 8000
 9000 7900
 540013100
10800 8500
 820012700
 690012600
1670015100
 990012100
 980014900
16400 6400
13100 9400
10800 4500
 8500 7000
 860010600
13100 4900
12600 2700
1020010000
 5200 8100
1770012400
 9700 8000
 6600 6800
 240010200
12500 7500
 5500 9900
17400 3900
 4300 8300
16300 6100
 2100 7600
1280010500
 960012500
1100010800
1780012200
14100 4800
 9900 4700
12800 4000
 9800 4100
 8700 3200
12900 7200
 6700 4300
 640011500
 9600 5800
1050012400
 290010500
 980011800
 410014600
1230016300
 790016100
13900 7800
1140017300
 620014000
11700 8300
 990010600
13600 9500
1470010200
 920013900
1170010900
 600017100
16000 9000
 450017100
 9700 8500
 900014200
1450011400
 820010500
 920012000
1410015000
 980010900
 9300 9400
1310012300
1360013500
12700 8900
1450013900
1370011200
11300 9100
1870016700
1150015200
 130012700
1010011500
 940011800
 910018000
1360010200
1400010300
1210016000
1430016200
 990018100
1560010700
 710013100
 730010700
 850016800
 990017100
1450015800
 680019000
 800012500
 450013600
1490010800
 820014800
1540014400
1620016900
1000010200
1890014100
 810015500
1290010500
 750011600
 930011800
1390012100
 530018200
1330011700
1560012600
 300016100
13000 8200
10100 5500
 7500 4400
 8700 5600
10000 7800
13100 4200
17100 5300
15500 4100
1150012500
 960013200
 690010400
13200 4200
16900 7200
 9000 6500
 9300 8700
 260012100
16300 4400
 8100 7600
1570013500
15300 8600
1450012200
 960012500
 9900 8600
11900 4300
 920013000
15100 5800
 720010300
12100 7600
1040013400
1360010900
 110011300
10300 6100
 6100 7200
 8700 6100
12500 4800
1240011900
1430011900
1430010200
1300011100
 2500 6800
13500 7700
 930012500
1220013600
 680012000
12600 8500
 170013100
17000 9500
1130013000
1150013600
1890012700
 540012600
1430012100
 8700 9300
12200 5300
1140012200
 760010100
 8200 5500
13400 5600
1110010700
1170013800
 2600 5600
1100011400
1400010700
 730013000
 660010900
16800 6800
1200014400
 740014100
 6600 9500
1050013500
 780011400
1030016000
12500 9300
1470010000
 730010300
1090010700
1640013900
12600 8900
1090010100
 9600 7000
 990011600
 8600 8200
 9600 8500
1130015900
12200 7300
 680016000
 670013100
1160010100
1600011000
 930014600
 9400 6000
1260011100
 930014300
 890013100
15400 6300
13300 5800
 950012800
 830014000
14400 9000
1830010200
 3500 8400
 870013300
 4200 5100
14300 8600
1220013400
 7800 7400
1910013300
11600 8200
14400 7300
 4200 8800
1170011600
10300 6500
16200 5400
 810014700
 6300 9500
15400 7000
1020011200
 630014000
12300 6200
1070011000
1170011000
 9100 9500
1010014300
 530014100
 5400 7700
12800 5400
16200 8800
 770012100
1300010600
 390013900
1430010300
1470012500
 910013000
18400 7000
 9100 5500
14100 4900
 7000 7200
 550014400
 920011700
14500 9600
1250013100
1460014300
 9300 8500
10700 5700
 6200 6000
14200 6200
1120014800
13500 5600
 690012700
1010013700
1090012600
11900 8600
1340011000
 870012100
11400 8200
 7200 6400
17200 7500
13500 9600
1410013800
1230011100
 900010700
1200014200
 7700 6200
13100 6000
 450014400
1120014800
 7600 8400
 5400 5300
1900011200
1070013900
 640015100
1800014600
10200 9300
 7100 7000
 400011800
1150012700
1440014200
1410010200
 9000 9700
 7400 5500
 6200 7900
1830011200
14900 7200
 660010500
12200 5900
1120010400
1200011500
 990013200
 5600 6500
12200 5800
 8700 4800
14500 6000
 6800 8000
17200 9900
1690013700
 230011200
1350016800
1470012600
11300 8900
 570017400
1400012400
1780013100
1190014800
1580016300
 390013700
 930013300
 970017700
1030014900
1150012600
 6500 8900
16100 9600
 9900 9700
1400011200
 990013800
 9100 9400
 790011500
 580010000
1270017100
1540010000
 330014400
14200 7600
1090012700
 960010100
1200016000
18200 9800
 630014500
17000 9700
 6200 9100
1830015600
1590012800
1550012400
13900 7700
1070013500
13300 9500
1220013000
 780013300
1150015800
1640015400
1150014200
1370014800
1850015400
1430010200
 540016600
 860011600
1260010700
 6100 8600
11700 9000
1150014100
10300 8500
 930014400
1270014500
1530015000
1430012900
18300 7300
 8500 5700
10100 9300
1280010500
14100 9900
 7200 8200
1580010400
1440013900
 730012700
10100 8400
 800014600
 440010700
 8600 8900
11500 2900
10000 9600
10500 4100
10200 2900
 5800 6300
1470010500
 8600 7300
1530010300
19100 7900
 5700 7600
14200 4400
 7300 5500
 4900 2000
11000 6300
1650011400
 6700 7800
1360010400
10900 2000
12000 8700
 8100 7600
1440010800
15700 5300
 490013700
13500 5300
 170012600
1050014000
14000 7300
1480012500
11100 5200
1070012500
1100014400
 610013700
 590012900
1070013000
14800 9000
 8100 7400
 9400 8600
17400 5800
 7200 9400
 7300 8000
1810012200
 380014700
 9000 9900
 370010700
17600 9900
1250014900
15200 9500
 980010800
 510010700
1300011700
 5300 8400
 8900 6100
1140013300
1680011300
11700 9900
1230013300
1290010900
13900 9100
 370010800
 960019200
1010013200
 460011400
 910014100
1660017700
1010012800
1840010500
1320011000
1590013800
1260010600
 950017700
 430015000
1230016700
1030013800
1240015900
1260014300
1290013400
 860015200
10100 7000
 850012900
15600 7600
 9700 9700
 6700 8700
1830010000
12600 6900
1560013300
 8800 5000
12100 6700
 750012800
1100010700
 7200 7200
14400 6500
16900 3700
17000 6300
  200 4300
 420013000
10500 9500
1650010100
1260013400
19200 8900
1290010100
17800 7900
 5200 9700
1290015400
 7000 7500
12900 9500
1360011700
13400 8100
1450016700
1000010100
 650014800
1330010000
13600 7600
14700 8800
12200 8100
 7500 9100
16900 5100
10900 3000
 480010200
 6700 6100
10000 7100
11800 6100
 9400 3300
14100 1900
11500 2100
 1100 8500
1400014500
1570012400
1620015800
1010016500
1810011600
 850016100
 740010900
 990010300
 960017100
 650011400
1120013500
1910014900
1430014500
 120011900
1230016000
1500013600
 900012200
1880016700
 610017300
1030016600
1280010000
1260011800
 8900 8600
1100013800
11100 8700
1500014300
 1600 9400
17100 9300
 800013900
 9300 7200
 5000 6700
 5300 8000
 530011000
12400 8700
15200 6700
 600015300
1880014200
 7600 7700
 5400 6600
 6900 9900
1330017000
 440011600
 490017500
 920011900
1570017900
1070017700
 620012800
1630011900
1400015300
 500018000
 910014800
1330014600
10600 9700
 930013300
1290011000
10500 6300
1200010600
1310012100
 8300 6800
 770010200
 830018900
1300012000
 320010400
1420012100
1410011100
1320013000
1400017500
1530016000
 320013900
 790010300
 460012400
 9600 5500
1480010100
10800 5400
12700 6400
16900 5500
 570010600
1210013700
11800 6500
10400 5800
 8500 6600
18700 4800
 770013300
 4100 6500
1700010300
 8600 9500
 8100 7800
1510010300
1610012200
 3000 8000
 8900 7800
 7600 9000
1330016100
 850011200
 670012500
 7900 8400
14100 5800
1240013900
 5300 5900
10300 5600
 9200 8900
  600 8400
 970010600
 900011000
 680016700
     3.859