    1   21    2    0    178500
 920014300
1480016400
  70012000
11300 8900
 970013400
11300 9600
 2900 9300
 840015300
1740011500
1020011000
1230014900
1430013400
1660015900
1200010400
 820010000
1160016200
13300 8000
 420014400
 550016100
  300 8700
 800010600
 650011400
12100 6600
1500012700
1370010200
 940012600
 700015600
15500 8200
 460011000
13700 8500
 6200 8900
 920013200
11000 6300
12200 8500
 760011600
1350014700
 430010200
 870014500
 230015900
10100 5600
 940014600
16600 8000
 9000 7100
 8600 8400
1080012200
1960013300
 9500 5300
 6300 9000
 5100 5400
1440012600
 720013900
13300 7800
1050012000
1830011200
 400011400
 5400 9900
 5100 5500
11200 1900
12500 7500
 6300 8100
 7200 4700
15300 3500
19700 2100
 4200 3200
 5500 4700
 7900 3000
10100 4800
12100 7800
12600 2800
10500 1100
17800 9800
 8700 2800
 7800 9200
 3900 9900
1500017900
 700017500
1260016900
1080012800
1750012600
  90013700
1510014000
 910013500
1220017700
 8600 8700
1290016200
1010012600
 9100 9500
 4400 9800
 5400 8900
 740011000
11100 8900
 870011400
1330010700
1200014800
 5100 9500
11900 8100
1240010900
1690015800
1030016900
 640010400
 970013000
16600 8800
10300 9800
1310017000
 910013100
 8400 6800
 6900 6300
1160011900
1070010000
1530012300
 5100 7100
1100013500
 5900 4400
11500 7300
 6600 9700
12400 9900
 8900 8800
1310011800
 170013400
1400012100
18100 4100
 5400 5800
 6000 6400
 6900 7500
14100 6600
 6800 8900
12100 4400
11900 6800
14200 8400
 370010600
11700 4700
 100011900
1930014800
 750012300
1050011000
 770011700
1320013200
 5800 7800
 700013500
1000014300
13600 8800
 750016300
10800 9400
 8500 8800
 190019500
1450015600
 790010900
1450017500
 460019300
 810018300
 860019700
1160012800
 560019000
 730013600
 290019200
10400 1600
 6900 9700
10700 8200
 3000 9900
15500 5400
 9600 2500
16400 9700
 2800 6900
10400 3700
 5900 6900
 7000 6200
1580013100
 620013000
 920011500
 3800 9600
1060012400
 4700 8900
10700 7300
  40014600
1580014700
 6600 8300
 740013800
 3700 9000
1670014500
1030012500
 480014100
 6300 6700
 830014600
1180013200
1180013500
1100016100
 710012900
1220013200
 610014300
15700 3700
 9900 5600
15700 8100
 3400 7000
 570011700
 4400 7700
1220010400
1430010300
 620014200
10800 9700
 780010600
17600 5800
1020010700
 4300 5500
 2700 5000
 690013400
1230013300
 1400 9900
12100 5600
 5800 9200
 520010000
     0.571