dados_trab_2_30_nonstruc_release_facil_03 2 30 e
    0     3     0
    1    20     0
    2     2     0
    3    11     0
    4    17     0
    5    15     0
    6    27     0
    7    26     0
    8    12     0
    9     9     0
   10    29     0
   11     1     0
   12    24     0
   13    28     0
   14     5     0
    0    25     1
    1    16     1
    2    19     1
    3    13     1
    4    10     1
    5    18     1
    6     0     1
    7     6     1
    8     8     1
    9    14     1
   10    23     1
   11     4     1
   12     7     1
   13    21     1
   14    22     1
-1 -1 -1
dados_trab_2_30_nonstruc_release_facil_03   time:      1.508  fo:     909.00
