dados_trab_2_30_nonstruc_release_facil_09 2 30 e
    0    23     0
    1    21     0
    2    22     0
    3     6     0
    4    27     0
    5    26     0
    6     2     0
    7     3     0
    8    18     0
    9     1     0
   10     7     0
   11     8     0
    0    29     1
    1    28     1
    2    25     1
    3     5     1
    4     9     1
    5    15     1
    6    13     1
    7    16     1
    8    20     1
    9     0     1
   10    12     1
   11    19     1
   12    17     1
   13    24     1
   14     4     1
   15    10     1
   16    14     1
   17    11     1
-1 -1 -1
dados_trab_2_30_nonstruc_release_facil_09   time:      0.870  fo:    1029.00
