dados_trab_2_30_nonstruc_release_facil_02 2 30 e
    0    10     0
    1    12     0
    2    15     0
    3    13     0
    4    21     0
    5    11     0
    6     7     0
    7     2     0
    8     8     0
    9    23     0
   10    20     0
   11    17     0
   12     1     0
   13    14     0
    0    18     1
    1    26     1
    2     4     1
    3    24     1
    4    27     1
    5    19     1
    6    29     1
    7     3     1
    8     0     1
    9     5     1
   10    16     1
   11    22     1
   12     6     1
   13    25     1
   14    28     1
   15     9     1
-1 -1 -1
dados_trab_2_30_nonstruc_release_facil_02   time:      0.920  fo:     865.00
