dados_trab_2_30_nonstruc_release_facil_03 2 30 e
    0    16     0
    1    17     0
    2    19     0
    3    13     0
    4    10     0
    5    18     0
    6     8     0
    7     0     0
    8     9     0
    9    29     0
   10    28     0
   11     5     0
   12     7     0
    0    25     1
    1     3     1
    2    20     1
    3     2     1
    4    11     1
    5    15     1
    6    27     1
    7    21     1
    8     6     1
    9    12     1
   10    23     1
   11    14     1
   12    26     1
   13     1     1
   14    24     1
   15     4     1
   16    22     1
-1 -1 -1
dados_trab_2_30_nonstruc_release_facil_03   time:      0.959  fo:     897.00
