dados_trab_2_30_nonstruc_release_facil_10 2 30 e
    0     4     0
    1    10     0
    2    15     0
    3     7     0
    4    26     0
    5     1     0
    6    16     0
    7    24     0
    8    19     0
    9    29     0
   10    14     0
   11     2     0
   12    28     0
    0    13     1
    1     6     1
    2    12     1
    3    27     1
    4    17     1
    5     9     1
    6     3     1
    7    23     1
    8    22     1
    9    20     1
   10     5     1
   11     0     1
   12    18     1
   13    25     1
   14    11     1
   15     8     1
   16    21     1
-1 -1 -1
dados_trab_2_30_nonstruc_release_facil_10   time:      1.612  fo:     864.00
