dados_trab_2_30_nonstruc_release_facil_09 2 30 e
    0    29     0
    1    28     0
    2    25     0
    3     2     0
    4    13     0
    5    16     0
    6    20     0
    7     0     0
    8     9     0
    9    12     0
   10    19     0
   11    17     0
   12    24     0
   13     4     0
   14    10     0
   15    14     0
   16    11     0
    0    15     1
    1    21     1
    2    22     1
    3     6     1
    4    27     1
    5    26     1
    6     3     1
    7     5     1
    8    23     1
    9    18     1
   10     1     1
   11     7     1
   12     8     1
-1 -1 -1
dados_trab_2_30_nonstruc_release_facil_09   time:      1.531  fo:    1008.00
