dados_trab_2_30_nonstruc_release_facil_07 2 30 e
    0    21     0
    1     1     0
    2    11     0
    3     0     0
    4    17     0
    5     4     0
    6    13     0
    7    14     0
    8    25     0
    9    26     0
   10     5     0
   11    29     0
   12     3     0
   13    20     0
   14    16     0
   15    23     0
    0     8     1
    1    24     1
    2    12     1
    3     7     1
    4    27     1
    5    22     1
    6    10     1
    7    28     1
    8    19     1
    9     2     1
   10    18     1
   11     6     1
   12     9     1
   13    15     1
-1 -1 -1
dados_trab_2_30_nonstruc_release_facil_07   time:      0.894  fo:    1177.00
