dados_trab_2_30_nonstruc_release_facil_03 2 30 e
    0     3     0
    1    20     0
    2    16     0
    3    26     0
    4    13     0
    5    10     0
    6    18     0
    7     8     0
    8    28     0
    9    29     0
   10    17     0
   11    19     0
   12     1     0
   13     7     0
    0    25     1
    1     2     1
    2    11     1
    3    15     1
    4    27     1
    5    12     1
    6     6     1
    7     0     1
    8     9     1
    9    21     1
   10    23     1
   11     4     1
   12    22     1
   13    14     1
   14     5     1
   15    24     1
-1 -1 -1
dados_trab_2_30_nonstruc_release_facil_03   time:      1.334  fo:     921.00
