dados_trab_2_30_nonstruc_release_facil_06 2 30 e
    0     8     0
    1     9     0
    2    18     0
    3    14     0
    4    27     0
    5    15     0
    6     5     0
    7    29     0
    8    28     0
    9     0     0
   10    16     0
   11     1     0
   12    10     0
   13    19     0
    0    22     1
    1    11     1
    2    17     1
    3    20     1
    4     6     1
    5    26     1
    6    12     1
    7    21     1
    8     4     1
    9    25     1
   10     3     1
   11    24     1
   12    23     1
   13    13     1
   14     2     1
   15     7     1
-1 -1 -1
dados_trab_2_30_nonstruc_release_facil_06   time:      1.082  fo:     892.00
