dados_trab_2_30_nonstruc_release_facil_07 2 30 e
    0     8     0
    1    24     0
    2    12     0
    3    27     0
    4    22     0
    5    10     0
    6    28     0
    7     5     0
    8    16     0
    9    19     0
   10     2     0
   11    18     0
   12     6     0
   13    23     0
    0    21     1
    1     1     1
    2    11     1
    3     7     1
    4     0     1
    5    17     1
    6     4     1
    7    13     1
    8    14     1
    9    25     1
   10    26     1
   11    29     1
   12     3     1
   13    20     1
   14     9     1
   15    15     1
-1 -1 -1
dados_trab_2_30_nonstruc_release_facil_07   time:      1.508  fo:    1082.00
