dados_trab_2_30_nonstruc_release_facil_01 2 30 e
    0     9     0
    1     7     0
    2    28     0
    3    18     0
    4    17     0
    5    11     0
    6    16     0
    7     8     0
    8    14     0
    9    22     0
   10     5     0
   11    26     0
   12     1     0
   13    15     0
   14    25     0
   15    19     0
   16     4     0
    0     3     1
    1    20     1
    2     2     1
    3    27     1
    4     0     1
    5    24     1
    6    23     1
    7    12     1
    8    13     1
    9    21     1
   10    29     1
   11    10     1
   12     6     1
-1 -1 -1
dados_trab_2_30_nonstruc_release_facil_01   time:      2.015  fo:     956.00
