dados_trab_2_30_nonstruc_release_facil_04 2 30 e
    0    20     0
    1    29     0
    2     9     0
    3     1     0
    4     6     0
    5     2     0
    6    25     0
    7     5     0
    8     3     0
    9    19     0
   10     7     0
   11    26     0
   12    14     0
   13    11     0
   14    18     0
    0    10     1
    1    12     1
    2     4     1
    3    27     1
    4     0     1
    5    22     1
    6    28     1
    7    23     1
    8    13     1
    9    16     1
   10     8     1
   11    24     1
   12    17     1
   13    15     1
   14    21     1
-1 -1 -1
dados_trab_2_30_nonstruc_release_facil_04   time:      1.373  fo:     947.00
