dados_trab_2_30_nonstruc_release_facil_04 2 30 e
    0    20     0
    1     9     0
    2     1     0
    3     6     0
    4    25     0
    5    13     0
    6    16     0
    7     8     0
    8    24     0
    9    17     0
   10    23     0
   11    15     0
   12    21     0
    0    10     1
    1    12     1
    2     4     1
    3    27     1
    4     0     1
    5    22     1
    6    28     1
    7    29     1
    8     5     1
    9     2     1
   10     3     1
   11    19     1
   12     7     1
   13    26     1
   14    14     1
   15    11     1
   16    18     1
-1 -1 -1
dados_trab_2_30_nonstruc_release_facil_04   time:      1.488  fo:    1036.00
