dados_trab_2_30_nonstruc_release_facil_06 2 30 e
    0    22     0
    1    11     0
    2    17     0
    3    18     0
    4    24     0
    5     9     0
    6    26     0
    7    12     0
    8    21     0
    9     4     0
   10    15     0
   11    25     0
   12     3     0
   13    23     0
   14    13     0
   15     2     0
   16    10     0
   17    19     0
    0     8     1
    1    20     1
    2     6     1
    3    14     1
    4    27     1
    5     5     1
    6    29     1
    7    28     1
    8     0     1
    9    16     1
   10     1     1
   11     7     1
-1 -1 -1
dados_trab_2_30_nonstruc_release_facil_06   time:      1.772  fo:     871.00
