dados_trab_2_30_nonstruc_release_facil_10 2 30 e
    0    13     0
    1     6     0
    2    17     0
    3     9     0
    4     3     0
    5    12     0
    6    27     0
    7    20     0
    8    22     0
    9     0     0
   10    18     0
   11    14     0
   12     2     0
   13     8     0
   14    21     0
    0    25     1
    1    11     1
    2     4     1
    3    10     1
    4    15     1
    5     7     1
    6    26     1
    7     1     1
    8    16     1
    9    23     1
   10    19     1
   11    29     1
   12     5     1
   13    24     1
   14    28     1
-1 -1 -1
dados_trab_2_30_nonstruc_release_facil_10   time:      0.800  fo:     921.00
