dados_trab_2_40_nonstruc_release_facil_03 2 40 e
    0    26     0
    1    10     0
    2    16     0
    3    32     0
    4    25     0
    5     9     0
    6    20     0
    7     1     0
    8    38     0
    9     4     0
   10    31     0
   11     2     0
   12    36     0
   13    34     0
   14    23     0
   15    28     0
   16    27     0
   17     3     0
    0    22     1
    1    19     1
    2    21     1
    3    30     1
    4    13     1
    5     7     1
    6     0     1
    7     8     1
    8    39     1
    9    24     1
   10    14     1
   11     6     1
   12    15     1
   13    11     1
   14     5     1
   15    37     1
   16    29     1
   17    33     1
   18    18     1
   19    12     1
   20    17     1
   21    35     1
-1 -1 -1
dados_trab_2_40_nonstruc_release_facil_03   time:      2.016  fo:    1467.00
