dados_trab_2_40_nonstruc_release_facil_09 2 40 e
    0     5     0
    1    32     0
    2    36     0
    3    21     0
    4     7     0
    5    19     0
    6    11     0
    7    16     0
    8    27     0
    9    38     0
   10     4     0
   11     3     0
   12     9     0
   13    18     0
   14    34     0
   15     1     0
   16    39     0
   17    13     0
   18    22     0
   19    30     0
   20    25     0
    0    23     1
    1    24     1
    2    28     1
    3     0     1
    4    12     1
    5    10     1
    6    26     1
    7    29     1
    8    31     1
    9    14     1
   10     2     1
   11    37     1
   12    17     1
   13     8     1
   14    20     1
   15    15     1
   16     6     1
   17    35     1
   18    33     1
-1 -1 -1
dados_trab_2_40_nonstruc_release_facil_09   time:      3.130  fo:    1272.00
