dados_trab_2_40_nonstruc_release_facil_05 2 40 e
    0    27     0
    1     4     0
    2    28     0
    3    19     0
    4     8     0
    5    23     0
    6    13     0
    7    16     0
    8     9     0
    9    15     0
   10    37     0
   11    14     0
   12    26     0
   13     1     0
   14    18     0
   15    36     0
   16    31     0
   17     0     0
   18    20     0
   19    24     0
   20    38     0
   21    34     0
    0    30     1
    1    33     1
    2    32     1
    3    17     1
    4    10     1
    5     7     1
    6    12     1
    7    21     1
    8    35     1
    9     2     1
   10     6     1
   11    29     1
   12     5     1
   13    22     1
   14    25     1
   15     3     1
   16    11     1
   17    39     1
-1 -1 -1
dados_trab_2_40_nonstruc_release_facil_05   time:      3.440  fo:     965.00
