dados_trab_2_40_nonstruc_release_facil_05 2 40 e
    0    30     0
    1     4     0
    2    28     0
    3    19     0
    4    13     0
    5    16     0
    6     9     0
    7    24     0
    8    12     0
    9     2     0
   10    17     0
   11    10     0
   12    32     0
   13    34     0
   14    36     0
   15    31     0
   16     0     0
   17     6     0
   18    29     0
   19    11     0
   20    39     0
    0     8     1
    1    23     1
    2    33     1
    3    15     1
    4    37     1
    5    14     1
    6    21     1
    7    35     1
    8     1     1
    9    18     1
   10     7     1
   11    26     1
   12    27     1
   13     5     1
   14    22     1
   15    25     1
   16     3     1
   17    20     1
   18    38     1
-1 -1 -1
dados_trab_2_40_nonstruc_release_facil_05   time:      2.263  fo:    1004.00
