dados_trab_2_40_nonstruc_release_facil_03 2 40 e
    0    19     0
    1    21     0
    2    30     0
    3    13     0
    4     7     0
    5    10     0
    6    16     0
    7    32     0
    8    25     0
    9    26     0
   10     6     0
   11    15     0
   12    11     0
   13     2     0
   14    31     0
   15    28     0
   16    35     0
   17     5     0
   18    37     0
   19    23     0
   20    27     0
   21     3     0
    0    22     1
    1     8     1
    2     0     1
    3     9     1
    4    39     1
    5    20     1
    6    14     1
    7     1     1
    8    24     1
    9    34     1
   10    38     1
   11    17     1
   12    36     1
   13     4     1
   14    29     1
   15    33     1
   16    18     1
   17    12     1
-1 -1 -1
dados_trab_2_40_nonstruc_release_facil_03   time:      1.996  fo:    1479.00
