dados_trab_2_40_nonstruc_release_facil_07 2 40 e
    0     4     0
    1    13     0
    2    20     0
    3    15     0
    4    11     0
    5    39     0
    6     6     0
    7    36     0
    8    10     0
    9    14     0
   10     5     0
   11    23     0
   12    35     0
   13    18     0
   14     1     0
   15    30     0
   16    12     0
   17    31     0
   18     8     0
   19    24     0
   20    26     0
    0    22     1
    1    32     1
    2     7     1
    3     9     1
    4    21     1
    5     2     1
    6     3     1
    7     0     1
    8    29     1
    9    16     1
   10    19     1
   11    37     1
   12    17     1
   13    34     1
   14    38     1
   15    33     1
   16    25     1
   17    27     1
   18    28     1
-1 -1 -1
dados_trab_2_40_nonstruc_release_facil_07   time:      3.067  fo:    1275.00
