dados_trab_2_40_nonstruc_release_facil_05 2 40 e
    0    27     0
    1    32     0
    2     4     0
    3    28     0
    4    23     0
    5    13     0
    6    16     0
    7    15     0
    8    37     0
    9    14     0
   10    26     0
   11     1     0
   12    18     0
   13     7     0
   14     6     0
   15    29     0
   16    22     0
   17    25     0
   18     3     0
   19    11     0
   20    39     0
    0    30     1
    1    33     1
    2    19     1
    3     8     1
    4     9     1
    5    24     1
    6    10     1
    7    12     1
    8    21     1
    9    35     1
   10     2     1
   11    17     1
   12     5     1
   13    36     1
   14    31     1
   15     0     1
   16    20     1
   17    38     1
   18    34     1
-1 -1 -1
dados_trab_2_40_nonstruc_release_facil_05   time:      3.205  fo:     963.00
