dados_trab_2_40_nonstruc_release_facil_06 2 40 e
    0    19     0
    1    13     0
    2    15     0
    3    39     0
    4    20     0
    5     3     0
    6    30     0
    7    28     0
    8     1     0
    9     8     0
   10     2     0
   11     5     0
   12    25     0
   13    37     0
   14    24     0
   15    23     0
   16    31     0
   17    22     0
   18    18     0
    0    10     1
    1    21     1
    2     9     1
    3    32     1
    4    26     1
    5     0     1
    6     7     1
    7    36     1
    8    35     1
    9    34     1
   10    12     1
   11    11     1
   12    27     1
   13    14     1
   14    29     1
   15     6     1
   16    16     1
   17    38     1
   18     4     1
   19    17     1
   20    33     1
-1 -1 -1
dados_trab_2_40_nonstruc_release_facil_06   time:      2.010  fo:    1236.00
