dados_trab_2_40_nonstruc_release_facil_02 2 40 e
    0     6     0
    1    29     0
    2    34     0
    3     4     0
    4     9     0
    5    15     0
    6     5     0
    7    25     0
    8    14     0
    9    37     0
   10    30     0
   11    38     0
   12    19     0
   13    18     0
   14    11     0
   15    28     0
   16    24     0
   17     1     0
   18    22     0
   19    36     0
    0    20     1
    1     0     1
    2    12     1
    3    32     1
    4     8     1
    5    13     1
    6     7     1
    7    27     1
    8    33     1
    9    26     1
   10    31     1
   11    39     1
   12     3     1
   13    16     1
   14    10     1
   15     2     1
   16    17     1
   17    35     1
   18    23     1
   19    21     1
-1 -1 -1
dados_trab_2_40_nonstruc_release_facil_02   time:      1.671  fo:    1239.00
