dados_trab_2_40_nonstruc_release_facil_10 2 40 e
    0    12     0
    1    25     0
    2    18     0
    3    24     0
    4    32     0
    5    17     0
    6    30     0
    7    10     0
    8    34     0
    9    31     0
   10    28     0
   11    29     0
   12    21     0
   13    22     0
   14    26     0
   15     0     0
   16    11     0
   17    14     0
   18     2     0
   19    23     0
   20    38     0
   21     3     0
    0    27     1
    1     7     1
    2     4     1
    3    19     1
    4     8     1
    5    33     1
    6    13     1
    7    16     1
    8     1     1
    9    35     1
   10     5     1
   11    39     1
   12    37     1
   13     6     1
   14    20     1
   15    15     1
   16    36     1
   17     9     1
-1 -1 -1
dados_trab_2_40_nonstruc_release_facil_10   time:      2.497  fo:    1153.00
