dados_trab_2_40_nonstruc_release_facil_03 2 40 e
    0    22     0
    1    19     0
    2    21     0
    3    30     0
    4    13     0
    5     7     0
    6     0     0
    7     8     0
    8    39     0
    9    20     0
   10     1     0
   11    14     0
   12     6     0
   13    15     0
   14    23     0
   15    33     0
   16    18     0
   17    12     0
   18    27     0
   19     3     0
   20    11     0
    0    26     1
    1    10     1
    2    16     1
    3    32     1
    4    25     1
    5     9     1
    6    24     1
    7    34     1
    8    38     1
    9    17     1
   10     4     1
   11    31     1
   12     2     1
   13    29     1
   14    36     1
   15    28     1
   16    35     1
   17     5     1
   18    37     1
-1 -1 -1
dados_trab_2_40_nonstruc_release_facil_03   time:      4.404  fo:    1462.00
