dados_trab_2_40_nonstruc_release_facil_03 2 40 e
    0    26     0
    1    10     0
    2    22     0
    3    16     0
    4    32     0
    5    25     0
    6     9     0
    7     0     0
    8    20     0
    9     1     0
   10    29     0
   11    24     0
   12     2     0
   13    31     0
   14    36     0
   15     3     0
   16    35     0
   17    28     0
   18    27     0
    0    19     1
    1    21     1
    2    30     1
    3    13     1
    4     7     1
    5     8     1
    6    39     1
    7    14     1
    8     6     1
    9    34     1
   10    38     1
   11    17     1
   12     4     1
   13    15     1
   14    11     1
   15     5     1
   16    37     1
   17    23     1
   18    33     1
   19    18     1
   20    12     1
-1 -1 -1
dados_trab_2_40_nonstruc_release_facil_03   time:      3.765  fo:    1438.00
