dados_trab_2_40_nonstruc_release_facil_02 2 40 e
    0    20     0
    1    18     0
    2    37     0
    3    29     0
    4     0     0
    5     4     0
    6     9     0
    7     8     0
    8    30     0
    9    38     0
   10    31     0
   11    39     0
   12     3     0
   13    16     0
   14    10     0
   15    26     0
   16    22     0
   17    24     0
   18    35     0
   19    23     0
   20    21     0
    0     6     1
    1    34     1
    2    12     1
    3    15     1
    4     5     1
    5    25     1
    6    13     1
    7     7     1
    8    27     1
    9    33     1
   10    19     1
   11    11     1
   12    32     1
   13    28     1
   14     2     1
   15    17     1
   16     1     1
   17    14     1
   18    36     1
-1 -1 -1
dados_trab_2_40_nonstruc_release_facil_02   time:      2.169  fo:    1298.00
