dados_trab_2_50_nonstruc_release_facil_01 2 50 e
    0    21     0
    1     7     0
    2     1     0
    3    31     0
    4    24     0
    5    18     0
    6    45     0
    7    39     0
    8    17     0
    9    19     0
   10     0     0
   11    30     0
   12    28     0
   13     9     0
   14    36     0
   15     4     0
   16     5     0
   17    44     0
   18    10     0
   19    37     0
   20    29     0
   21    13     0
   22    43     0
    0     8     1
    1    16     1
    2    27     1
    3    48     1
    4    22     1
    5    42     1
    6    38     1
    7    32     1
    8    12     1
    9    23     1
   10    47     1
   11    25     1
   12    11     1
   13    46     1
   14    41     1
   15    35     1
   16    40     1
   17    20     1
   18    15     1
   19    14     1
   20    49     1
   21     6     1
   22    26     1
   23     3     1
   24     2     1
   25    33     1
   26    34     1
-1 -1 -1
dados_trab_2_50_nonstruc_release_facil_01   time:      4.730  fo:    1493.00
