dados_trab_2_50_nonstruc_release_facil_08 2 50 e
    0     0     0
    1    35     0
    2    33     0
    3    16     0
    4    36     0
    5    31     0
    6    37     0
    7    10     0
    8    32     0
    9    14     0
   10    40     0
   11    15     0
   12    19     0
   13    45     0
   14    29     0
   15    46     0
   16     5     0
   17     6     0
   18    48     0
   19     2     0
   20    38     0
   21    17     0
    0     4     1
    1     3     1
    2    41     1
    3    20     1
    4    43     1
    5     7     1
    6    24     1
    7    39     1
    8     8     1
    9    47     1
   10    42     1
   11    28     1
   12    34     1
   13    11     1
   14    27     1
   15    30     1
   16    22     1
   17    49     1
   18    13     1
   19    21     1
   20    25     1
   21    23     1
   22    18     1
   23    12     1
   24     1     1
   25    26     1
   26     9     1
   27    44     1
-1 -1 -1
dados_trab_2_50_nonstruc_release_facil_08   time:      7.804  fo:    1657.00
