dados_trab_2_50_nonstruc_release_facil_03 2 50 e
    0    31     0
    1    33     0
    2     0     0
    3     6     0
    4    43     0
    5    45     0
    6    26     0
    7    38     0
    8    27     0
    9    11     0
   10    49     0
   11     4     0
   12    14     0
   13    29     0
   14    34     0
   15     1     0
   16    36     0
   17    15     0
   18    21     0
   19    35     0
   20    40     0
   21     5     0
   22    20     0
    0    39     1
    1     8     1
    2    12     1
    3    44     1
    4     2     1
    5    22     1
    6     3     1
    7    42     1
    8    18     1
    9    37     1
   10    13     1
   11    41     1
   12    32     1
   13    30     1
   14    19     1
   15    48     1
   16    23     1
   17    10     1
   18     9     1
   19    24     1
   20    47     1
   21    28     1
   22    17     1
   23     7     1
   24    46     1
   25    16     1
   26    25     1
-1 -1 -1
dados_trab_2_50_nonstruc_release_facil_03   time:      4.312  fo:    1605.00
