dados_trab_2_50_nonstruc_release_facil_05 2 50 e
    0    48     0
    1    21     0
    2    36     0
    3    14     0
    4    33     0
    5    42     0
    6    13     0
    7    35     0
    8    23     0
    9    18     0
   10    10     0
   11     5     0
   12    31     0
   13     8     0
   14    34     0
   15    32     0
   16    16     0
   17     2     0
   18    12     0
   19    17     0
   20    38     0
   21     7     0
   22    41     0
   23    47     0
   24     6     0
   25    49     0
   26    25     0
   27    27     0
   28    40     0
   29    15     0
   30    26     0
    0    24     1
    1    43     1
    2     9     1
    3    45     1
    4    11     1
    5    29     1
    6    37     1
    7    19     1
    8    28     1
    9     0     1
   10    20     1
   11    44     1
   12    22     1
   13     4     1
   14    30     1
   15     3     1
   16    46     1
   17     1     1
   18    39     1
-1 -1 -1
dados_trab_2_50_nonstruc_release_facil_05   time:      3.406  fo:    1411.00
