dados_trab_2_50_nonstruc_release_facil_10 2 50 e
    0    48     0
    1    32     0
    2    30     0
    3     7     0
    4    27     0
    5    24     0
    6    28     0
    7    18     0
    8     0     0
    9    47     0
   10    10     0
   11    19     0
   12    21     0
   13    22     0
   14    14     0
   15    45     0
   16    41     0
   17    34     0
   18    42     0
   19    36     0
   20    23     0
   21    12     0
   22    17     0
   23    38     0
   24    26     0
   25    49     0
   26    13     0
   27    43     0
    0     6     1
    1    46     1
    2     3     1
    3    16     1
    4    25     1
    5    44     1
    6     9     1
    7     4     1
    8     8     1
    9    29     1
   10    40     1
   11    15     1
   12    39     1
   13    20     1
   14     2     1
   15    35     1
   16    37     1
   17    33     1
   18    11     1
   19     1     1
   20    31     1
   21     5     1
-1 -1 -1
dados_trab_2_50_nonstruc_release_facil_10   time:      3.197  fo:    1543.00
