dados_trab_2_50_nonstruc_release_facil_04 2 50 e
    0    18     0
    1    40     0
    2    41     0
    3    42     0
    4    46     0
    5    11     0
    6     5     0
    7     0     0
    8    48     0
    9    38     0
   10    13     0
   11    34     0
   12    39     0
   13    16     0
   14    24     0
   15    26     0
   16    30     0
   17    28     0
   18    43     0
   19     6     0
   20    10     0
   21    21     0
   22     9     0
   23    25     0
   24    45     0
   25     8     0
   26     2     0
   27     1     0
   28    36     0
    0    12     1
    1    20     1
    2    14     1
    3    44     1
    4     7     1
    5    32     1
    6    31     1
    7    29     1
    8    15     1
    9    27     1
   10    37     1
   11    35     1
   12    22     1
   13     3     1
   14    17     1
   15    23     1
   16    19     1
   17    49     1
   18     4     1
   19    33     1
   20    47     1
-1 -1 -1
dados_trab_2_50_nonstruc_release_facil_04   time:      6.498  fo:    1413.00
