dados_trab_2_50_nonstruc_release_facil_03 2 50 e
    0    22     0
    1     3     0
    2    18     0
    3    43     0
    4    21     0
    5    37     0
    6    13     0
    7    41     0
    8    32     0
    9    45     0
   10    19     0
   11    49     0
   12     4     0
   13     7     0
   14    47     0
   15    17     0
   16     1     0
   17    15     0
   18    36     0
   19    28     0
   20    16     0
   21    23     0
   22    24     0
   23     5     0
   24    20     0
    0    12     1
    1    44     1
    2     2     1
    3    31     1
    4    33     1
    5     6     1
    6    29     1
    7     0     1
    8    26     1
    9    42     1
   10    38     1
   11    27     1
   12    11     1
   13    48     1
   14    10     1
   15    30     1
   16    14     1
   17    34     1
   18    39     1
   19     8     1
   20     9     1
   21    35     1
   22    40     1
   23    46     1
   24    25     1
-1 -1 -1
dados_trab_2_50_nonstruc_release_facil_03   time:      2.620  fo:    1634.00
