dados_trab_2_50_nonstruc_release_facil_07 2 50 e
    0    34     0
    1    33     0
    2    13     0
    3    30     0
    4    25     0
    5    23     0
    6    49     0
    7    38     0
    8     0     0
    9     3     0
   10     7     0
   11    41     0
   12    32     0
   13    14     0
   14     1     0
   15    43     0
   16    36     0
   17    26     0
   18    22     0
   19    48     0
   20    12     0
   21     5     0
    0    45     1
    1    11     1
    2    46     1
    3    10     1
    4     4     1
    5    17     1
    6    31     1
    7    44     1
    8    15     1
    9    47     1
   10    39     1
   11    21     1
   12    40     1
   13     6     1
   14    42     1
   15    24     1
   16    28     1
   17     9     1
   18    18     1
   19     2     1
   20    19     1
   21    16     1
   22    37     1
   23    35     1
   24    20     1
   25    27     1
   26     8     1
   27    29     1
-1 -1 -1
dados_trab_2_50_nonstruc_release_facil_07   time:      2.879  fo:    1632.00
