dados_trab_2_50_nonstruc_release_facil_06 2 50 e
    0    25     0
    1    44     0
    2    42     0
    3    17     0
    4    35     0
    5     5     0
    6    45     0
    7    23     0
    8    41     0
    9    12     0
   10    47     0
   11    30     0
   12    26     0
   13    46     0
   14     4     0
   15    48     0
   16    40     0
   17    31     0
   18    43     0
   19     8     0
   20    27     0
   21    34     0
   22    13     0
   23    37     0
   24     9     0
   25    14     0
   26     7     0
    0     1     1
    1    18     1
    2    22     1
    3    15     1
    4    19     1
    5    11     1
    6    39     1
    7    49     1
    8    32     1
    9    38     1
   10    33     1
   11    24     1
   12    28     1
   13    36     1
   14    10     1
   15    21     1
   16    29     1
   17     6     1
   18    20     1
   19    16     1
   20     2     1
   21     0     1
   22     3     1
-1 -1 -1
dados_trab_2_50_nonstruc_release_facil_06   time:      4.040  fo:    1513.00
