dados_trab_2_50_nonstruc_release_facil_08 2 50 e
    0     8     0
    1    47     0
    2    43     0
    3     2     0
    4    35     0
    5    33     0
    6    16     0
    7    36     0
    8    11     0
    9    27     0
   10    40     0
   11    15     0
   12    19     0
   13    22     0
   14    49     0
   15    45     0
   16    29     0
   17     7     0
   18    18     0
   19    12     0
   20     6     0
   21    38     0
   22     9     0
   23    44     0
    0     4     1
    1     3     1
    2     0     1
    3    24     1
    4    39     1
    5    26     1
    6    31     1
    7    41     1
    8    23     1
    9    42     1
   10    37     1
   11    10     1
   12    32     1
   13    14     1
   14    30     1
   15    48     1
   16     5     1
   17    13     1
   18    25     1
   19    21     1
   20    46     1
   21    28     1
   22    34     1
   23    20     1
   24     1     1
   25    17     1
-1 -1 -1
dados_trab_2_50_nonstruc_release_facil_08   time:      4.342  fo:    1621.00
