dados_trab_2_50_nonstruc_release_facil_04 2 50 e
    0    12     0
    1    20     0
    2    14     0
    3    33     0
    4    29     0
    5    44     0
    6    46     0
    7    11     0
    8    34     0
    9    16     0
   10    24     0
   11    26     0
   12    30     0
   13    28     0
   14    31     0
   15    15     0
   16    19     0
   17    49     0
   18     4     0
   19    25     0
   20    47     0
   21     3     0
   22    10     0
   23     2     0
   24     1     0
   25    36     0
    0    18     1
    1    40     1
    2    41     1
    3    42     1
    4    48     1
    5    13     1
    6    32     1
    7     0     1
    8     7     1
    9    38     1
   10    39     1
   11    27     1
   12    37     1
   13    35     1
   14    22     1
   15    17     1
   16     9     1
   17     5     1
   18     8     1
   19    43     1
   20     6     1
   21    21     1
   22    23     1
   23    45     1
-1 -1 -1
dados_trab_2_50_nonstruc_release_facil_04   time:      4.474  fo:    1464.00
