dados_trab_2_50_nonstruc_release_facil_10 2 50 e
    0    48     0
    1    32     0
    2    30     0
    3     7     0
    4    18     0
    5     3     0
    6    19     0
    7    24     0
    8    28     0
    9    25     0
   10    44     0
   11    13     0
   12    27     0
   13    23     0
   14    31     0
   15     5     0
   16    20     0
   17    41     0
   18    12     0
   19    43     0
   20    40     0
   21    15     0
   22    45     0
   23    39     0
   24    34     0
   25    42     0
   26     2     0
   27    35     0
   28    37     0
   29    38     0
   30    26     0
    0     6     1
    1    16     1
    2     0     1
    3    47     1
    4    10     1
    5     9     1
    6     4     1
    7    49     1
    8     8     1
    9    29     1
   10    21     1
   11    14     1
   12    22     1
   13    46     1
   14    36     1
   15    11     1
   16     1     1
   17    33     1
   18    17     1
-1 -1 -1
dados_trab_2_50_nonstruc_release_facil_10   time:      4.570  fo:    1527.00
