dados_trab_2_50_nonstruc_release_facil_04 2 50 e
    0    18     0
    1    40     0
    2    41     0
    3    42     0
    4    44     0
    5    46     0
    6    11     0
    7    34     0
    8    16     0
    9    24     0
   10    26     0
   11    30     0
   12     5     0
   13    29     0
   14    33     0
   15     2     0
   16    35     0
   17    10     0
   18    21     0
   19    23     0
   20    19     0
   21    49     0
   22     0     0
   23    43     0
   24     6     0
   25    37     0
    0    14     1
    1    20     1
    2    48     1
    3    12     1
    4     7     1
    5    38     1
    6    13     1
    7    32     1
    8    31     1
    9    39     1
   10    27     1
   11    15     1
   12    28     1
   13     9     1
   14     4     1
   15    25     1
   16    47     1
   17     8     1
   18    45     1
   19     3     1
   20    17     1
   21    22     1
   22     1     1
   23    36     1
-1 -1 -1
dados_trab_2_50_nonstruc_release_facil_04   time:      2.741  fo:    1468.00
