dados_trab_2_50_nonstruc_release_facil_03 2 50 e
    0    12     0
    1    44     0
    2     2     0
    3    31     0
    4    33     0
    5    22     0
    6     3     0
    7    21     0
    8    37     0
    9    13     0
   10    41     0
   11    39     0
   12     0     0
   13    30     0
   14    19     0
   15    48     0
   16    10     0
   17     9     0
   18    24     0
   19    35     0
   20     5     0
   21    38     0
   22    32     0
   23    46     0
   24    16     0
   25    23     0
   26    20     0
    0     8     1
    1    42     1
    2    18     1
    3    43     1
    4    45     1
    5    26     1
    6    29     1
    7    49     1
    8    14     1
    9     4     1
   10    11     1
   11    34     1
   12     7     1
   13    47     1
   14     1     1
   15    36     1
   16    28     1
   17    17     1
   18    27     1
   19    40     1
   20    15     1
   21     6     1
   22    25     1
-1 -1 -1
dados_trab_2_50_nonstruc_release_facil_03   time:      4.290  fo:    1657.00
