dados_trab_2_50_nonstruc_release_facil_09 2 50 e
    0     0     0
    1    38     0
    2    43     0
    3    27     0
    4    41     0
    5    21     0
    6    49     0
    7     9     0
    8    12     0
    9    32     0
   10    14     0
   11    13     0
   12    25     0
   13     8     0
   14    19     0
   15    45     0
   16     2     0
   17    35     0
   18     4     0
   19    11     0
    0    44     1
    1    20     1
    2    48     1
    3    33     1
    4    39     1
    5    16     1
    6    28     1
    7     5     1
    8    17     1
    9    26     1
   10    36     1
   11     1     1
   12    40     1
   13    47     1
   14    24     1
   15    10     1
   16    23     1
   17     3     1
   18    30     1
   19    29     1
   20    34     1
   21     7     1
   22    18     1
   23    22     1
   24    37     1
   25    15     1
   26     6     1
   27    31     1
   28    42     1
   29    46     1
-1 -1 -1
dados_trab_2_50_nonstruc_release_facil_09   time:      2.603  fo:    1509.00
