dados_trab_2_50_nonstruc_release_facil_01 2 50 e
    0     8     0
    1    16     0
    2    27     0
    3    22     0
    4    48     0
    5     9     0
    6    18     0
    7    45     0
    8    32     0
    9    12     0
   10    23     0
   11    25     0
   12    46     0
   13    41     0
   14    35     0
   15     5     0
   16    44     0
   17    29     0
   18    13     0
   19    10     0
   20    49     0
   21     6     0
   22     2     0
   23    33     0
   24    34     0
    0    21     1
    1     7     1
    2     1     1
    3    47     1
    4    28     1
    5    17     1
    6    31     1
    7    24     1
    8     0     1
    9    30     1
   10    36     1
   11    38     1
   12     4     1
   13    19     1
   14    42     1
   15    11     1
   16    37     1
   17    40     1
   18    26     1
   19     3     1
   20    20     1
   21    15     1
   22    14     1
   23    39     1
   24    43     1
-1 -1 -1
dados_trab_2_50_nonstruc_release_facil_01   time:      3.032  fo:    1516.00
