dados_trab_2_50_nonstruc_release_facil_02 2 50 e
    0     5     0
    1    43     0
    2    47     0
    3    36     0
    4    24     0
    5    21     0
    6    39     0
    7    26     0
    8    10     0
    9    45     0
   10    14     0
   11    12     0
   12    28     0
   13    40     0
   14    41     0
   15     6     0
   16     3     0
   17    25     0
   18    20     0
   19    48     0
   20     0     0
   21    31     0
   22    17     0
   23    13     0
   24     4     0
   25    30     0
   26    22     0
    0    49     1
    1    27     1
    2    16     1
    3    32     1
    4     9     1
    5    37     1
    6     8     1
    7     2     1
    8    46     1
    9     7     1
   10    35     1
   11    44     1
   12    38     1
   13    19     1
   14    34     1
   15     1     1
   16    23     1
   17    11     1
   18    15     1
   19    33     1
   20    42     1
   21    18     1
   22    29     1
-1 -1 -1
dados_trab_2_50_nonstruc_release_facil_02   time:      4.532  fo:    1721.00
