dados_trab_2_50_nonstruc_release_facil_06 2 50 e
    0    25     0
    1    44     0
    2    49     0
    3    45     0
    4    23     0
    5    17     0
    6    35     0
    7     5     0
    8    19     0
    9    12     0
   10    30     0
   11     9     0
   12     4     0
   13    26     0
   14     8     0
   15    28     0
   16    46     0
   17    27     0
   18    13     0
   19    37     0
   20    16     0
   21     2     0
   22     6     0
   23    20     0
   24     7     0
   25     3     0
    0    42     1
    1    41     1
    2     1     1
    3    18     1
    4    22     1
    5    15     1
    6    24     1
    7    39     1
    8    32     1
    9    38     1
   10    11     1
   11    40     1
   12    10     1
   13    31     1
   14    43     1
   15    36     1
   16    48     1
   17    21     1
   18    29     1
   19    47     1
   20     0     1
   21    33     1
   22    14     1
   23    34     1
-1 -1 -1
dados_trab_2_50_nonstruc_release_facil_06   time:      3.609  fo:    1501.00
