dados_trab_2_50_nonstruc_release_facil_10 2 50 e
    0    46     0
    1    30     0
    2     0     0
    3     3     0
    4    19     0
    5     6     0
    6    16     0
    7    49     0
    8    31     0
    9    21     0
   10    22     0
   11    29     0
   12    47     0
   13    10     0
   14    23     0
   15    36     0
   16    11     0
   17    40     0
   18    15     0
   19    39     0
   20     1     0
   21    33     0
   22    26     0
    0    48     1
    1    32     1
    2     7     1
    3    27     1
    4    24     1
    5    28     1
    6    25     1
    7    44     1
    8     9     1
    9     4     1
   10     8     1
   11     5     1
   12    20     1
   13    41     1
   14    12     1
   15    45     1
   16    13     1
   17    43     1
   18    17     1
   19     2     1
   20    35     1
   21    18     1
   22    34     1
   23    42     1
   24    14     1
   25    37     1
   26    38     1
-1 -1 -1
dados_trab_2_50_nonstruc_release_facil_10   time:      4.737  fo:    1526.00
