dados_trab_2_50_nonstruc_release_facil_03 2 50 e
    0    12     0
    1    31     0
    2    33     0
    3     0     0
    4     6     0
    5    43     0
    6    21     0
    7    37     0
    8    13     0
    9     2     0
   10    30     0
   11    19     0
   12    48     0
   13    34     0
   14     7     0
   15    47     0
   16    17     0
   17    32     0
   18     1     0
   19    15     0
   20    36     0
   21    28     0
   22    16     0
   23    25     0
   24    46     0
    0    39     1
    1     8     1
    2    22     1
    3     3     1
    4    42     1
    5    18     1
    6    29     1
    7    44     1
    8    45     1
    9    26     1
   10     4     1
   11    38     1
   12    27     1
   13    11     1
   14    49     1
   15    14     1
   16    10     1
   17     9     1
   18    24     1
   19    41     1
   20    35     1
   21    40     1
   22    23     1
   23     5     1
   24    20     1
-1 -1 -1
dados_trab_2_50_nonstruc_release_facil_03   time:      3.333  fo:    1586.00
