dados_trab_2_50_nonstruc_release_facil_06 2 50 e
    0    25     0
    1    44     0
    2    42     0
    3    41     0
    4     1     0
    5    18     0
    6    22     0
    7    12     0
    8    19     0
    9    11     0
   10    49     0
   11    32     0
   12    38     0
   13    33     0
   14     9     0
   15    43     0
   16    36     0
   17    14     0
   18    34     0
   19    28     0
   20    16     0
   21     2     0
   22     0     0
   23     3     0
    0    17     1
    1    37     1
    2    35     1
    3     5     1
    4    45     1
    5    23     1
    6    30     1
    7    26     1
    8    46     1
    9    27     1
   10    13     1
   11    15     1
   12    40     1
   13    31     1
   14     8     1
   15    24     1
   16    39     1
   17    21     1
   18    29     1
   19     6     1
   20    10     1
   21    47     1
   22     4     1
   23    48     1
   24    20     1
   25     7     1
-1 -1 -1
dados_trab_2_50_nonstruc_release_facil_06   time:      4.958  fo:    1527.00
