dados_trab_2_50_nonstruc_release_facil_05 2 50 e
    0    48     0
    1    21     0
    2    14     0
    3    29     0
    4    44     0
    5     6     0
    6     4     0
    7    37     0
    8    19     0
    9    30     0
   10    10     0
   11    33     0
   12    34     0
   13    32     0
   14    16     0
   15     8     0
   16     2     0
   17    17     0
   18    15     0
   19    40     0
   20     7     0
   21    41     0
   22    47     0
   23    49     0
   24    25     0
   25    27     0
   26     0     0
   27    26     0
    0    24     1
    1    43     1
    2    36     1
    3     9     1
    4    45     1
    5    11     1
    6    35     1
    7    23     1
    8    18     1
    9    42     1
   10    28     1
   11    20     1
   12     5     1
   13    46     1
   14    31     1
   15    12     1
   16    13     1
   17    38     1
   18     3     1
   19    22     1
   20     1     1
   21    39     1
-1 -1 -1
dados_trab_2_50_nonstruc_release_facil_05   time:      4.051  fo:    1447.00
