dados_trab_2_50_nonstruc_release_facil_04 2 50 e
    0    14     0
    1    18     0
    2     0     0
    3     7     0
    4    32     0
    5    31     0
    6    39     0
    7    15     0
    8    27     0
    9    44     0
   10    21     0
   11    19     0
   12    23     0
   13    10     0
   14    49     0
   15    33     0
   16     2     0
   17    11     0
   18    45     0
    0    12     1
    1    20     1
    2    41     1
    3    42     1
    4    46     1
    5     5     1
    6    29     1
    7    48     1
    8    13     1
    9    34     1
   10    16     1
   11    40     1
   12    24     1
   13    26     1
   14    30     1
   15    28     1
   16    43     1
   17     6     1
   18    37     1
   19    38     1
   20     9     1
   21     4     1
   22    25     1
   23    47     1
   24     3     1
   25    17     1
   26    35     1
   27    22     1
   28     8     1
   29     1     1
   30    36     1
-1 -1 -1
dados_trab_2_50_nonstruc_release_facil_04   time:      4.334  fo:    1479.00
