dados_trab_3_30_nonstruc_release_facil_01 3 30 e
    0     6     0
    1    16     0
    2    19     0
    3    22     0
    4     8     0
    5     7     0
    6     9     0
    7    23     0
    8    28     0
    9     1     0
   10     5     0
    0    14     1
    1    21     1
    2    25     1
    3    15     1
    4    29     1
    5    26     1
    6    27     1
    7    13     1
    8     3     1
    9    24     1
    0    18     2
    1    12     2
    2    11     2
    3     0     2
    4    10     2
    5    20     2
    6     4     2
    7    17     2
    8     2     2
-1 -1 -1
dados_trab_3_30_nonstruc_release_facil_01   time:      0.896  fo:     685.00
