dados_trab_3_30_nonstruc_release_facil_03 3 30 e
    0     7     0
    1    24     0
    2    27     0
    3    17     0
    4     0     0
    5    14     0
    6    16     0
    7    23     0
    8    10     0
    9    15     0
    0     8     1
    1     1     1
    2    12     1
    3     9     1
    4    25     1
    5     5     1
    6    13     1
    7    19     1
    8    26     1
    0    28     2
    1    11     2
    2    20     2
    3     6     2
    4    29     2
    5    22     2
    6    21     2
    7     2     2
    8    18     2
    9     4     2
   10     3     2
-1 -1 -1
dados_trab_3_30_nonstruc_release_facil_03   time:      0.958  fo:     638.00
