dados_trab_3_30_nonstruc_release_facil_06 3 30 e
    0     7     0
    1    15     0
    2     1     0
    3     8     0
    4    19     0
    5     9     0
    6    21     0
    7    26     0
    8    16     0
    9    29     0
    0     6     1
    1     2     1
    2    23     1
    3    13     1
    4    18     1
    5    25     1
    6    10     1
    7     5     1
    8    27     1
    9    12     1
   10    20     1
    0    22     2
    1    28     2
    2    14     2
    3     4     2
    4     3     2
    5    11     2
    6    24     2
    7     0     2
    8    17     2
-1 -1 -1
dados_trab_3_30_nonstruc_release_facil_06   time:      0.758  fo:     691.00
