dados_trab_3_30_nonstruc_release_facil_02 3 30 e
    0    20     0
    1    10     0
    2     1     0
    3    26     0
    4     6     0
    5    17     0
    6    27     0
    7    25     0
    8     4     0
    9    12     0
   10    14     0
   11     3     0
    0     8     1
    1    16     1
    2    22     1
    3    24     1
    4     2     1
    5     0     1
    6     5     1
    7    15     1
    8    13     1
    0    23     2
    1    21     2
    2    28     2
    3    18     2
    4     7     2
    5    19     2
    6     9     2
    7    11     2
    8    29     2
-1 -1 -1
dados_trab_3_30_nonstruc_release_facil_02   time:      1.448  fo:     717.00
