dados_trab_3_30_nonstruc_release_facil_08 3 30 e
    0     9     0
    1    12     0
    2    22     0
    3    23     0
    4     6     0
    5    28     0
    6    25     0
    7    14     0
    8    21     0
    9    20     0
    0     1     1
    1    13     1
    2     0     1
    3     3     1
    4    18     1
    5    29     1
    6    11     1
    7    17     1
    8     4     1
    9     8     1
   10    26     1
   11    24     1
    0     7     2
    1    19     2
    2    27     2
    3    16     2
    4    10     2
    5     5     2
    6     2     2
    7    15     2
-1 -1 -1
dados_trab_3_30_nonstruc_release_facil_08   time:      1.439  fo:     653.00
