dados_trab_3_30_nonstruc_release_facil_04 3 30 e
    0    12     0
    1    19     0
    2    29     0
    3     6     0
    4     2     0
    5    26     0
    6    10     0
    7    20     0
    8     4     0
    9     8     0
    0     0     1
    1    17     1
    2    23     1
    3     1     1
    4    18     1
    5     7     1
    6     3     1
    7    27     1
    8     9     1
    0    28     2
    1    14     2
    2    22     2
    3    16     2
    4    24     2
    5    21     2
    6    25     2
    7    11     2
    8    15     2
    9    13     2
   10     5     2
-1 -1 -1
dados_trab_3_30_nonstruc_release_facil_04   time:      1.698  fo:     668.00
