dados_trab_3_30_nonstruc_release_facil_01 3 30 e
    0     6     0
    1    16     0
    2    22     0
    3     8     0
    4    25     0
    5     4     0
    6    17     0
    7     2     0
    0    18     1
    1    12     1
    2    10     1
    3    19     1
    4    29     1
    5    28     1
    6     1     1
    7     9     1
    8    24     1
    0    14     2
    1    21     2
    2     0     2
    3    26     2
    4    23     2
    5    20     2
    6    15     2
    7     3     2
    8    27     2
    9     7     2
   10    13     2
   11    11     2
   12     5     2
-1 -1 -1
dados_trab_3_30_nonstruc_release_facil_01   time:      0.717  fo:     696.00
