dados_trab_3_30_nonstruc_release_facil_10 3 30 e
    0    27     0
    1     3     0
    2    10     0
    3    16     0
    4    26     0
    5     6     0
    6    11     0
    7     4     0
    0    18     1
    1     9     1
    2     5     1
    3    19     1
    4    13     1
    5    22     1
    6    25     1
    7     7     1
    8    12     1
    9    15     1
   10    23     1
   11     1     1
   12    21     1
    0    24     2
    1    28     2
    2    29     2
    3    20     2
    4    17     2
    5     8     2
    6     2     2
    7     0     2
    8    14     2
-1 -1 -1
dados_trab_3_30_nonstruc_release_facil_10   time:      0.828  fo:     673.00
