dados_trab_3_30_nonstruc_release_facil_05 3 30 e
    0    28     0
    1    18     0
    2    25     0
    3     0     0
    4    11     0
    5     9     0
    6    19     0
    7     6     0
    0    15     1
    1    16     1
    2     2     1
    3    12     1
    4     4     1
    5    14     1
    6    22     1
    7     3     1
    8    17     1
    9    21     1
   10    10     1
   11    26     1
    0    24     2
    1    23     2
    2     7     2
    3    13     2
    4    29     2
    5     8     2
    6    27     2
    7    20     2
    8     1     2
    9     5     2
-1 -1 -1
dados_trab_3_30_nonstruc_release_facil_05   time:      1.087  fo:     748.00
