dados_trab_3_30_nonstruc_release_facil_04 3 30 e
    0    12     0
    1    19     0
    2    21     0
    3    16     0
    4    24     0
    5    26     0
    6     7     0
    7     3     0
    8    27     0
    9     9     0
    0     0     1
    1    15     1
    2    22     1
    3    29     1
    4     6     1
    5     2     1
    6    10     1
    7    18     1
    8    20     1
    9     4     1
   10     8     1
    0    28     2
    1    14     2
    2    17     2
    3    23     2
    4     1     2
    5    25     2
    6    11     2
    7    13     2
    8     5     2
-1 -1 -1
dados_trab_3_30_nonstruc_release_facil_04   time:      0.886  fo:     688.00
