dados_trab_3_30_nonstruc_release_facil_10 3 30 e
    0    24     0
    1    13     0
    2     5     0
    3    19     0
    4    21     0
    5    10     0
    6     6     0
    7    17     0
    8    14     0
    0    18     1
    1     9     1
    2    29     1
    3    20     1
    4    11     1
    5     3     1
    6     0     1
    7    16     1
    8    26     1
    9    15     1
   10    23     1
   11     1     1
    0    27     2
    1    28     2
    2    22     2
    3    25     2
    4     7     2
    5    12     2
    6     8     2
    7     2     2
    8     4     2
-1 -1 -1
dados_trab_3_30_nonstruc_release_facil_10   time:      1.271  fo:     673.00
