dados_trab_3_30_nonstruc_release_facil_07 3 30 e
    0    24     0
    1    12     0
    2     0     0
    3    19     0
    4    20     0
    5    16     0
    6    29     0
    7     7     0
    8     2     0
    9    11     0
    0    14     1
    1    25     1
    2    21     1
    3     6     1
    4     5     1
    5     9     1
    6    10     1
    7    15     1
    8    18     1
    9     4     1
    0    23     2
    1     3     2
    2    28     2
    3    26     2
    4    13     2
    5    17     2
    6     8     2
    7     1     2
    8    22     2
    9    27     2
-1 -1 -1
dados_trab_3_30_nonstruc_release_facil_07   time:      1.562  fo:     645.00
