dados_trab_3_30_nonstruc_release_facil_02 3 30 e
    0    20     0
    1    16     0
    2    22     0
    3    24     0
    4     4     0
    5    19     0
    6     9     0
    7    14     0
    8     3     0
    0     8     1
    1    23     1
    2     2     1
    3    18     1
    4     7     1
    5     0     1
    6     5     1
    7    12     1
    8    27     1
    9    29     1
    0    10     2
    1     1     2
    2    26     2
    3    21     2
    4    28     2
    5     6     2
    6    17     2
    7    25     2
    8    15     2
    9    11     2
   10    13     2
-1 -1 -1
dados_trab_3_30_nonstruc_release_facil_02   time:      0.705  fo:     728.00
