dados_trab_3_30_nonstruc_release_facil_04 3 30 e
    0    28     0
    1    14     0
    2    16     0
    3     6     0
    4    11     0
    5     7     0
    6     3     0
    7    27     0
    8     9     0
    0    12     1
    1    19     1
    2    17     1
    3    23     1
    4     1     1
    5    26     1
    6    29     1
    7    13     1
    8     5     1
    0     0     2
    1    25     2
    2    15     2
    3    22     2
    4    24     2
    5    21     2
    6    10     2
    7    18     2
    8    20     2
    9     4     2
   10     8     2
   11     2     2
-1 -1 -1
dados_trab_3_30_nonstruc_release_facil_04   time:      1.672  fo:     691.00
