dados_trab_3_30_nonstruc_release_facil_08 3 30 e
    0     7     0
    1    19     0
    2    27     0
    3    18     0
    4    29     0
    5    11     0
    6    17     0
    7     4     0
    8    26     0
    9    24     0
    0    10     1
    1     9     1
    2     0     1
    3     3     1
    4    12     1
    5     8     1
    6    16     1
    7    25     1
    8     5     1
    9    21     1
   10    20     1
    0     1     2
    1    13     2
    2    23     2
    3    22     2
    4     6     2
    5    28     2
    6     2     2
    7    14     2
    8    15     2
-1 -1 -1
dados_trab_3_30_nonstruc_release_facil_08   time:      1.445  fo:     646.00
