dados_trab_3_30_nonstruc_release_facil_08 3 30 e
    0     1     0
    1    19     0
    2    27     0
    3    25     0
    4     5     0
    5    17     0
    6     4     0
    7     8     0
    8    16     0
    0     7     1
    1     9     1
    2    12     1
    3    22     1
    4     3     1
    5    18     1
    6    11     1
    7    15     1
    8    29     1
    9    26     1
   10    24     1
    0    10     2
    1    13     2
    2     0     2
    3    23     2
    4     6     2
    5    28     2
    6     2     2
    7    14     2
    8    21     2
    9    20     2
-1 -1 -1
dados_trab_3_30_nonstruc_release_facil_08   time:      1.129  fo:     659.00
