dados_trab_3_40_nonstruc_release_facil_06 3 40 e
    0     0     0
    1    20     0
    2     4     0
    3    27     0
    4    16     0
    5    18     0
    6    37     0
    7    11     0
    8    28     0
    9     6     0
   10    22     0
   11     2     0
   12    36     0
   13    26     0
   14    23     0
    0     7     1
    1    31     1
    2     9     1
    3    10     1
    4    17     1
    5    25     1
    6    12     1
    7    33     1
    8    19     1
    9     5     1
   10    29     1
   11    15     1
   12    32     1
   13     1     1
    0    35     2
    1     3     2
    2    14     2
    3    38     2
    4    30     2
    5     8     2
    6    34     2
    7    13     2
    8    39     2
    9    21     2
   10    24     2
-1 -1 -1
dados_trab_3_40_nonstruc_release_facil_06   time:      2.364  fo:     942.00
