dados_trab_3_40_nonstruc_release_facil_01 3 40 e
    0    19     0
    1    38     0
    2    33     0
    3    31     0
    4    23     0
    5    26     0
    6    30     0
    7    14     0
    8    21     0
    9    25     0
   10    22     0
   11    34     0
   12    29     0
   13    36     0
   14     1     0
   15    32     0
   16    28     0
    0     2     1
    1     5     1
    2    18     1
    3     4     1
    4    13     1
    5    10     1
    6     8     1
    7    15     1
    8    12     1
    9     0     1
    0     3     2
    1    39     2
    2    20     2
    3    37     2
    4     6     2
    5    35     2
    6     9     2
    7    24     2
    8    16     2
    9    27     2
   10     7     2
   11    17     2
   12    11     2
-1 -1 -1
dados_trab_3_40_nonstruc_release_facil_01   time:      1.672  fo:     892.00
