dados_trab_3_40_nonstruc_release_facil_07 3 40 e
    0     8     0
    1    18     0
    2    21     0
    3     4     0
    4    26     0
    5    36     0
    6     1     0
    7    29     0
    8     7     0
    9    38     0
   10    39     0
   11    20     0
   12    12     0
   13    23     0
    0    31     1
    1    28     1
    2    32     1
    3    10     1
    4    19     1
    5    16     1
    6    24     1
    7    27     1
    8    37     1
    9    33     1
   10     6     1
   11     9     1
   12    35     1
   13     5     1
    0    11     2
    1     3     2
    2    30     2
    3    17     2
    4    34     2
    5    25     2
    6    13     2
    7    15     2
    8    14     2
    9     0     2
   10     2     2
   11    22     2
-1 -1 -1
dados_trab_3_40_nonstruc_release_facil_07   time:      1.858  fo:     891.00
