dados_trab_3_40_nonstruc_release_facil_09 3 40 e
    0    38     0
    1    21     0
    2    16     0
    3    39     0
    4    30     0
    5    10     0
    6    15     0
    7    32     0
    8    12     0
    9    17     0
   10    29     0
    0    36     1
    1    35     1
    2    24     1
    3    20     1
    4     9     1
    5     1     1
    6     3     1
    7    33     1
    8    26     1
    9    34     1
   10    31     1
   11    22     1
   12     4     1
   13    13     1
    0     6     2
    1     8     2
    2     7     2
    3    19     2
    4    11     2
    5     2     2
    6    25     2
    7    28     2
    8    18     2
    9    23     2
   10    27     2
   11     5     2
   12    14     2
   13    37     2
   14     0     2
-1 -1 -1
dados_trab_3_40_nonstruc_release_facil_09   time:      1.417  fo:    1025.00
