dados_trab_3_40_nonstruc_release_facil_08 3 40 e
    0    17     0
    1    30     0
    2    22     0
    3     0     0
    4    23     0
    5    35     0
    6    32     0
    7    19     0
    8    24     0
    9    37     0
   10    38     0
   11    13     0
   12    15     0
   13     5     0
   14     6     0
    0     4     1
    1     1     1
    2    18     1
    3     7     1
    4    33     1
    5    11     1
    6    25     1
    7    28     1
    8    20     1
    9    39     1
   10    27     1
   11    14     1
    0    10     2
    1     2     2
    2    26     2
    3    36     2
    4    12     2
    5    34     2
    6     9     2
    7    16     2
    8    31     2
    9     3     2
   10    29     2
   11    21     2
   12     8     2
-1 -1 -1
dados_trab_3_40_nonstruc_release_facil_08   time:      2.521  fo:     957.00
