dados_trab_3_40_nonstruc_release_facil_09 3 40 e
    0    36     0
    1    35     0
    2    16     0
    3     9     0
    4     1     0
    5     3     0
    6     2     0
    7    25     0
    8    33     0
    9    26     0
   10    32     0
   11    12     0
   12    17     0
   13    28     0
   14     0     0
    0    38     1
    1    21     1
    2    24     1
    3    39     1
    4    30     1
    5     8     1
    6     7     1
    7    15     1
    8    34     1
    9    31     1
   10    22     1
   11    14     1
   12    37     1
    0    19     2
    1    11     2
    2     6     2
    3    10     2
    4    23     2
    5    18     2
    6    20     2
    7    27     2
    8     5     2
    9     4     2
   10    13     2
   11    29     2
-1 -1 -1
dados_trab_3_40_nonstruc_release_facil_09   time:      1.885  fo:    1042.00
