dados_trab_3_40_nonstruc_release_facil_02 3 40 e
    0     1     0
    1     8     0
    2    30     0
    3     0     0
    4    36     0
    5    17     0
    6    11     0
    7    23     0
    8    19     0
    9     2     0
   10    31     0
   11    39     0
   12    38     0
   13    25     0
   14    16     0
    0     5     1
    1     3     1
    2    18     1
    3    10     1
    4    32     1
    5    22     1
    6    35     1
    7    26     1
    8     4     1
    9    34     1
    0    21     2
    1    12     2
    2    27     2
    3    13     2
    4    20     2
    5    33     2
    6    28     2
    7     9     2
    8    24     2
    9     7     2
   10     6     2
   11    29     2
   12    15     2
   13    14     2
   14    37     2
-1 -1 -1
dados_trab_3_40_nonstruc_release_facil_02   time:      1.322  fo:     792.00
