dados_trab_3_40_nonstruc_release_facil_04 3 40 e
    0     7     0
    1     3     0
    2    26     0
    3    22     0
    4    25     0
    5    37     0
    6     4     0
    7    15     0
    8    17     0
    9    14     0
   10    36     0
   11    39     0
   12    32     0
    0     2     1
    1    21     1
    2    34     1
    3    30     1
    4    27     1
    5     8     1
    6    16     1
    7    28     1
    8    33     1
    9    18     1
   10    31     1
   11    38     1
   12    20     1
   13     0     1
   14     9     1
    0    13     2
    1    29     2
    2    11     2
    3    24     2
    4    23     2
    5    12     2
    6     5     2
    7    35     2
    8    10     2
    9    19     2
   10     6     2
   11     1     2
-1 -1 -1
dados_trab_3_40_nonstruc_release_facil_04   time:      3.028  fo:     846.00
