dados_trab_3_40_nonstruc_release_facil_03 3 40 e
    0     8     0
    1     6     0
    2    37     0
    3    38     0
    4    36     0
    5    16     0
    6     4     0
    7    15     0
    8     1     0
    9     9     0
   10    30     0
   11    33     0
    0    17     1
    1     0     1
    2     5     1
    3     3     1
    4    26     1
    5    25     1
    6    18     1
    7    13     1
    8    12     1
    9     2     1
   10    11     1
   11    34     1
   12    39     1
   13    27     1
   14    19     1
    0     7     2
    1    35     2
    2    20     2
    3    21     2
    4    29     2
    5    24     2
    6    32     2
    7    14     2
    8    23     2
    9    22     2
   10    28     2
   11    10     2
   12    31     2
-1 -1 -1
dados_trab_3_40_nonstruc_release_facil_03   time:      2.078  fo:     850.00
