dados_trab_3_40_nonstruc_release_facil_01 3 40 e
    0    19     0
    1    38     0
    2    33     0
    3    31     0
    4    23     0
    5    26     0
    6     6     0
    7    32     0
    8    35     0
    9     9     0
   10    24     0
   11    16     0
   12    27     0
   13     7     0
   14    17     0
    0     3     1
    1    39     1
    2    14     1
    3     2     1
    4    30     1
    5    21     1
    6    22     1
    7    15     1
    8    34     1
    9    29     1
   10     0     1
   11    36     1
   12    28     1
    0    37     2
    1     5     2
    2    18     2
    3     4     2
    4    11     2
    5    20     2
    6     1     2
    7    25     2
    8    13     2
    9    10     2
   10     8     2
   11    12     2
-1 -1 -1
dados_trab_3_40_nonstruc_release_facil_01   time:      2.739  fo:     884.00
