dados_trab_3_40_nonstruc_release_facil_10 3 40 e
    0    30     0
    1    21     0
    2    15     0
    3    32     0
    4    18     0
    5     1     0
    6     4     0
    7    16     0
    8    36     0
    9    26     0
   10    19     0
   11    10     0
   12    33     0
   13    14     0
   14    27     0
    0    13     1
    1     3     1
    2    22     1
    3    24     1
    4    37     1
    5     6     1
    6    20     1
    7     2     1
    8     9     1
    9    25     1
   10    31     1
   11    39     1
   12    28     1
   13    29     1
    0     5     2
    1    35     2
    2    38     2
    3     7     2
    4    11     2
    5     8     2
    6    12     2
    7    17     2
    8    34     2
    9     0     2
   10    23     2
-1 -1 -1
dados_trab_3_40_nonstruc_release_facil_10   time:      1.440  fo:     938.00
