dados_trab_3_40_nonstruc_release_facil_02 3 40 e
    0     1     0
    1     8     0
    2    23     0
    3    24     0
    4     7     0
    5     6     0
    6    29     0
    7    35     0
    8    31     0
    9    15     0
   10     4     0
   11    34     0
    0     5     1
    1     3     1
    2    18     1
    3    10     1
    4    32     1
    5    21     1
    6    19     1
    7    26     1
    8    13     1
    9    22     1
   10    38     1
   11    25     1
   12    16     1
    0    11     2
    1    27     2
    2    12     2
    3    30     2
    4     0     2
    5    36     2
    6    17     2
    7    33     2
    8    28     2
    9    20     2
   10     9     2
   11    37     2
   12     2     2
   13    39     2
   14    14     2
-1 -1 -1
dados_trab_3_40_nonstruc_release_facil_02   time:      2.955  fo:     788.00
