dados_trab_3_50_nonstruc_release_facil_05 3 50 e
    0     8     0
    1    37     0
    2    16     0
    3    28     0
    4     4     0
    5    32     0
    6    47     0
    7     2     0
    8    27     0
    9    40     0
   10    12     0
   11     6     0
   12    41     0
   13    10     0
   14    30     0
    0    24     1
    1     7     1
    2     9     1
    3    25     1
    4    19     1
    5    38     1
    6    15     1
    7    34     1
    8    36     1
    9    42     1
   10    22     1
   11     5     1
   12     0     1
   13    35     1
   14    43     1
   15    23     1
   16    14     1
   17     1     1
   18    46     1
   19    33     1
   20    13     1
   21     3     1
    0    26     2
    1    20     2
    2    49     2
    3    17     2
    4    39     2
    5    21     2
    6    44     2
    7    29     2
    8    11     2
    9    48     2
   10    18     2
   11    45     2
   12    31     2
-1 -1 -1
dados_trab_3_50_nonstruc_release_facil_05   time:      4.258  fo:    1178.00
