dados_trab_3_50_nonstruc_release_facil_09 3 50 e
    0    49     0
    1     6     0
    2    14     0
    3    26     0
    4    39     0
    5    15     0
    6    20     0
    7    30     0
    8    41     0
    9     4     0
   10    27     0
   11    40     0
   12    16     0
   13    47     0
   14    12     0
   15    36     0
    0    38     1
    1    25     1
    2    32     1
    3    34     1
    4    13     1
    5     1     1
    6    28     1
    7    17     1
    8     7     1
    9    48     1
   10    46     1
   11    11     1
   12    31     1
   13     8     1
   14     2     1
   15    19     1
   16    24     1
   17     5     1
    0     0     2
    1    21     2
    2    37     2
    3    35     2
    4    23     2
    5     3     2
    6     9     2
    7    43     2
    8    44     2
    9    22     2
   10    45     2
   11    33     2
   12    42     2
   13    10     2
   14    18     2
   15    29     2
-1 -1 -1
dados_trab_3_50_nonstruc_release_facil_09   time:      2.308  fo:    1032.00
