dados_trab_3_50_nonstruc_release_facil_08 3 50 e
    0    21     0
    1     9     0
    2    29     0
    3    46     0
    4    23     0
    5    42     0
    6    31     0
    7    45     0
    8    44     0
    9    13     0
   10    27     0
   11    20     0
   12    40     0
   13    19     0
   14    30     0
   15    33     0
   16    49     0
   17     6     0
   18     0     0
   19    11     0
    0    35     1
    1    32     1
    2    47     1
    3    18     1
    4     2     1
    5     8     1
    6    14     1
    7    17     1
    8    36     1
    9    43     1
   10    16     1
   11    39     1
   12    12     1
   13     4     1
   14    48     1
   15    10     1
   16    15     1
    0    38     2
    1    41     2
    2     7     2
    3    25     2
    4     1     2
    5     5     2
    6    28     2
    7    22     2
    8    26     2
    9    34     2
   10    24     2
   11    37     2
   12     3     2
-1 -1 -1
dados_trab_3_50_nonstruc_release_facil_08   time:      2.767  fo:    1213.00
