dados_trab_3_50_nonstruc_release_facil_10 3 50 e
    0    14     0
    1     3     0
    2    49     0
    3    31     0
    4    26     0
    5    48     0
    6    43     0
    7    47     0
    8    38     0
    9    46     0
   10    35     0
   11    23     0
   12     4     0
   13    33     0
    0    29     1
    1    10     1
    2    41     1
    3    44     1
    4    30     1
    5    45     1
    6    27     1
    7    20     1
    8    18     1
    9    17     1
   10     0     1
   11    11     1
   12     9     1
   13     7     1
   14    32     1
   15    42     1
   16     6     1
   17    39     1
   18    19     1
    0     5     2
    1    24     2
    2    28     2
    3    36     2
    4     1     2
    5    21     2
    6    15     2
    7     8     2
    8    16     2
    9    40     2
   10    34     2
   11    12     2
   12    13     2
   13    25     2
   14    37     2
   15    22     2
   16     2     2
-1 -1 -1
dados_trab_3_50_nonstruc_release_facil_10   time:      2.285  fo:    1182.00
