dados_trab_3_50_nonstruc_release_facil_01 3 50 e
    0    22     0
    1    14     0
    2     2     0
    3     7     0
    4    32     0
    5    46     0
    6    48     0
    7     9     0
    8    43     0
    9    28     0
   10    49     0
   11    21     0
   12    25     0
   13    23     0
   14    19     0
    0    20     1
    1    24     1
    2    18     1
    3    47     1
    4    45     1
    5    10     1
    6    36     1
    7    30     1
    8     4     1
    9    42     1
   10    31     1
   11    26     1
   12    41     1
   13    34     1
   14     8     1
   15     6     1
   16    33     1
   17    13     1
    0    39     2
    1     5     2
    2    16     2
    3    12     2
    4    37     2
    5    17     2
    6    29     2
    7    11     2
    8     0     2
    9     1     2
   10    40     2
   11    27     2
   12     3     2
   13    35     2
   14    44     2
   15    38     2
   16    15     2
-1 -1 -1
dados_trab_3_50_nonstruc_release_facil_01   time:      2.324  fo:     966.00
