dados_trab_3_50_nonstruc_release_facil_06 3 50 e
    0    24     0
    1    15     0
    2    36     0
    3    31     0
    4    35     0
    5     6     0
    6    30     0
    7    17     0
    8    40     0
    9    43     0
   10    45     0
   11     9     0
   12     7     0
   13     1     0
   14    22     0
   15    48     0
   16    26     0
   17    27     0
   18    23     0
   19    39     0
   20     2     0
    0    16     1
    1    47     1
    2    14     1
    3    21     1
    4    38     1
    5    42     1
    6     4     1
    7    46     1
    8    13     1
    9    33     1
   10    32     1
   11    44     1
   12    29     1
   13    19     1
    0    20     2
    1     3     2
    2    37     2
    3    28     2
    4    12     2
    5    34     2
    6    18     2
    7    49     2
    8    41     2
    9     8     2
   10     5     2
   11    25     2
   12    11     2
   13     0     2
   14    10     2
-1 -1 -1
dados_trab_3_50_nonstruc_release_facil_06   time:      4.189  fo:    1045.00
