dados_trab_3_50_nonstruc_release_facil_05 3 50 e
    0    24     0
    1     7     0
    2    25     0
    3    39     0
    4    21     0
    5    44     0
    6    32     0
    7    47     0
    8    11     0
    9    42     0
   10    22     0
   11    41     0
   12     1     0
   13    46     0
   14    13     0
   15    45     0
    0    20     1
    1     2     1
    2     9     1
    3    37     1
    4    26     1
    5    36     1
    6    38     1
    7    33     1
    8    28     1
    9     4     1
   10    10     1
   11    30     1
   12    14     1
   13    19     1
   14    18     1
   15    31     1
    0     8     2
    1    12     2
    2    49     2
    3    17     2
    4    16     2
    5    15     2
    6    34     2
    7    29     2
    8     5     2
    9    27     2
   10    40     2
   11     0     2
   12     6     2
   13    48     2
   14    35     2
   15    43     2
   16    23     2
   17     3     2
-1 -1 -1
dados_trab_3_50_nonstruc_release_facil_05   time:      3.777  fo:    1124.00
