dados_trab_3_50_nonstruc_release_facil_01 3 50 e
    0    22     0
    1    14     0
    2     2     0
    3     7     0
    4    32     0
    5    46     0
    6     3     0
    7    26     0
    8    45     0
    9     1     0
   10    40     0
   11    43     0
   12    28     0
   13    49     0
   14    21     0
    0    18     1
    1    47     1
    2    10     1
    3    36     1
    4    12     1
    5    37     1
    6    17     1
    7    42     1
    8    31     1
    9     9     1
   10    41     1
   11     0     1
   12    23     1
   13    25     1
   14    38     1
   15    15     1
    0    20     2
    1    24     2
    2    39     2
    3     5     2
    4    16     2
    5    30     2
    6     4     2
    7    29     2
    8     6     2
    9    33     2
   10     8     2
   11    11     2
   12    19     2
   13    48     2
   14    27     2
   15    35     2
   16    44     2
   17    34     2
   18    13     2
-1 -1 -1
dados_trab_3_50_nonstruc_release_facil_01   time:      4.136  fo:     963.00
