dados_trab_3_50_nonstruc_release_facil_05 3 50 e
    0    24     0
    1     7     0
    2    37     0
    3    38     0
    4    15     0
    5    34     0
    6    48     0
    7    26     0
    8     9     0
    9    22     0
   10     6     0
   11    41     0
   12     1     0
   13    23     0
   14    43     0
   15    46     0
   16     3     0
   17    30     0
    0    20     1
    1     2     1
    2    36     1
    3    47     1
    4    16     1
    5    28     1
    6     4     1
    7    13     1
    8    11     1
    9    42     1
   10    10     1
   11    31     1
   12    18     1
   13    35     1
   14    14     1
   15    19     1
    0     8     2
    1    12     2
    2    49     2
    3    17     2
    4    25     2
    5    39     2
    6    21     2
    7    44     2
    8    32     2
    9    29     2
   10     5     2
   11    27     2
   12    40     2
   13     0     2
   14    33     2
   15    45     2
-1 -1 -1
dados_trab_3_50_nonstruc_release_facil_05   time:      4.105  fo:    1163.00
