dados_trab_3_50_nonstruc_release_facil_07 3 50 e
    0    46     0
    1    25     0
    2     1     0
    3     0     0
    4     4     0
    5    47     0
    6    34     0
    7    30     0
    8     5     0
    9    45     0
   10    15     0
   11    35     0
   12    22     0
   13    11     0
   14    29     0
   15     8     0
   16    10     0
   17    49     0
    0     6     1
    1    23     1
    2     2     1
    3    43     1
    4    21     1
    5    32     1
    6     3     1
    7    42     1
    8    26     1
    9    40     1
   10    28     1
   11    41     1
   12    44     1
   13    14     1
   14    36     1
    0    38     2
    1    12     2
    2    16     2
    3    31     2
    4    39     2
    5    27     2
    6    24     2
    7     7     2
    8     9     2
    9    20     2
   10    13     2
   11    18     2
   12    37     2
   13    17     2
   14    19     2
   15    48     2
   16    33     2
-1 -1 -1
dados_trab_3_50_nonstruc_release_facil_07   time:      2.202  fo:    1194.00
