dados_trab_3_50_nonstruc_release_facil_07 3 50 e
    0    23     0
    1     2     0
    2    46     0
    3    25     0
    4    34     0
    5    30     0
    6    42     0
    7    15     0
    8    35     0
    9    22     0
   10    11     0
   11    40     0
   12    28     0
   13    41     0
   14    44     0
   15    36     0
   16    19     0
    0    38     1
    1    43     1
    2    12     1
    3    39     1
    4    26     1
    5    21     1
    6    32     1
    7     3     1
    8    13     1
    9    18     1
   10    45     1
   11    20     1
   12    48     1
   13    33     1
    0     6     2
    1     1     2
    2    16     2
    3     0     2
    4    27     2
    5     9     2
    6    24     2
    7     7     2
    8    31     2
    9     4     2
   10    47     2
   11     8     2
   12    10     2
   13    49     2
   14    14     2
   15    29     2
   16    37     2
   17     5     2
   18    17     2
-1 -1 -1
dados_trab_3_50_nonstruc_release_facil_07   time:      3.171  fo:    1219.00
