dados_trab_3_50_nonstruc_release_facil_06 3 50 e
    0    20     0
    1    14     0
    2    21     0
    3    38     0
    4    42     0
    5     4     0
    6    17     0
    7    43     0
    8    28     0
    9    34     0
   10    40     0
   11     9     0
   12     7     0
   13     1     0
   14     8     0
   15    48     0
   16     5     0
   17    25     0
   18    11     0
   19    19     0
    0    16     1
    1    47     1
    2     2     1
    3    31     1
    4     3     1
    5    35     1
    6    36     1
    7    12     1
    8    45     1
    9    33     1
   10     0     1
   11    32     1
   12    22     1
   13    29     1
   14    44     1
   15    23     1
   16    39     1
    0    24     2
    1    15     2
    2     6     2
    3    30     2
    4    46     2
    5    13     2
    6    49     2
    7    18     2
    8    41     2
    9    37     2
   10    26     2
   11    27     2
   12    10     2
-1 -1 -1
dados_trab_3_50_nonstruc_release_facil_06   time:      4.483  fo:    1012.00
