dados_trab_3_50_nonstruc_release_facil_07 3 50 e
    0    38     0
    1     0     0
    2    27     0
    3     4     0
    4    47     0
    5    24     0
    6     7     0
    7    26     0
    8    15     0
    9    35     0
   10    22     0
   11    11     0
   12    18     0
   13    34     0
   14    30     0
   15    36     0
   16    19     0
    0    12     1
    1     1     1
    2    16     1
    3    31     1
    4    29     1
    5    43     1
    6     9     1
    7    21     1
    8    32     1
    9     3     1
   10    45     1
   11    25     1
   12     8     1
   13    10     1
   14    49     1
   15    42     1
   16    14     1
   17    48     1
   18    33     1
    0     6     2
    1    23     2
    2     2     2
    3     5     2
    4    44     2
    5    39     2
    6    13     2
    7    46     2
    8    20     2
    9    40     2
   10    28     2
   11    41     2
   12    17     2
   13    37     2
-1 -1 -1
dados_trab_3_50_nonstruc_release_facil_07   time:      2.801  fo:    1221.00
