dados_trab_3_50_nonstruc_release_facil_07 3 50 e
    0     6     0
    1    12     0
    2    23     0
    3    16     0
    4     2     0
    5     5     0
    6     9     0
    7    21     0
    8    20     0
    9    13     0
   10    45     0
   11     8     0
   12    10     0
   13    49     0
   14    14     0
   15    15     0
   16    28     0
   17    48     0
   18    33     0
    0    46     1
    1    38     1
    2    43     1
    3    31     1
    4    39     1
    5    32     1
    6    30     1
    7     7     1
    8     3     1
    9    17     1
   10    18     1
   11    34     1
   12    25     1
   13    19     1
   14    37     1
    0     0     2
    1    27     2
    2     4     2
    3    29     2
    4    26     2
    5    47     2
    6    24     2
    7    42     2
    8     1     2
    9    22     2
   10    11     2
   11    35     2
   12    40     2
   13    41     2
   14    44     2
   15    36     2
-1 -1 -1
dados_trab_3_50_nonstruc_release_facil_07   time:      3.409  fo:    1206.00
