dados_trab_3_50_nonstruc_release_facil_04 3 50 e
    0     2     0
    1    33     0
    2    15     0
    3    26     0
    4    32     0
    5    38     0
    6    22     0
    7    36     0
    8    17     0
    9    10     0
   10    19     0
   11    31     0
   12    39     0
   13    12     0
    0    40     1
    1     8     1
    2     6     1
    3     3     1
    4    46     1
    5    43     1
    6    20     1
    7    44     1
    8    45     1
    9    34     1
   10    23     1
   11    42     1
   12    30     1
    0     1     2
    1    16     2
    2    18     2
    3     7     2
    4    27     2
    5     4     2
    6    11     2
    7    21     2
    8    24     2
    9    28     2
   10    37     2
   11    14     2
   12    25     2
   13    49     2
   14    13     2
   15    47     2
   16     5     2
   17    41     2
   18     9     2
   19     0     2
   20    48     2
   21    35     2
   22    29     2
-1 -1 -1
dados_trab_3_50_nonstruc_release_facil_04   time:      2.549  fo:    1052.00
