dados_trab_3_50_nonstruc_release_facil_01 3 50 e
    0    20     0
    1    24     0
    2    10     0
    3    36     0
    4     2     0
    5     7     0
    6    32     0
    7    46     0
    8     1     0
    9    40     0
   10    18     0
   11    47     0
   12    28     0
   13    49     0
   14    21     0
   15    15     0
    0    22     1
    1    14     1
    2     3     1
    3    35     1
    4    30     1
    5     4     1
    6    42     1
    7    31     1
    8    26     1
    9    41     1
   10     0     1
   11    27     1
   12    48     1
   13    23     1
   14    25     1
   15    37     1
    0    11     2
    1    45     2
    2    39     2
    3    33     2
    4     5     2
    5    16     2
    6    12     2
    7    17     2
    8    19     2
    9    29     2
   10     6     2
   11     8     2
   12     9     2
   13    43     2
   14    38     2
   15    44     2
   16    34     2
   17    13     2
-1 -1 -1
dados_trab_3_50_nonstruc_release_facil_01   time:      3.504  fo:     973.00
