dados_trab_3_50_nonstruc_release_facil_08 3 50 e
    0    35     0
    1    23     0
    2    42     0
    3    28     0
    4     1     0
    5     5     0
    6    37     0
    7    36     0
    8    43     0
    9    16     0
   10    24     0
   11    10     0
   12    15     0
   13    48     0
   14     4     0
   15    31     0
    0    45     1
    1     7     1
    2     2     1
    3    25     1
    4     8     1
    5    41     1
    6    26     1
    7    27     1
    8    40     1
    9    19     1
   10    46     1
   11     0     1
   12    11     1
   13    12     1
   14     3     1
   15    20     1
    0     9     2
    1    21     2
    2    29     2
    3    22     2
    4    32     2
    5    47     2
    6    14     2
    7    38     2
    8    18     2
    9    17     2
   10    44     2
   11    13     2
   12    39     2
   13    33     2
   14    30     2
   15    34     2
   16     6     2
   17    49     2
-1 -1 -1
dados_trab_3_50_nonstruc_release_facil_08   time:      2.951  fo:    1223.00
