dados_trab_3_50_nonstruc_release_facil_04 3 50 e
    0    40     0
    1     8     0
    2    46     0
    3    43     0
    4    14     0
    5    37     0
    6    38     0
    7    45     0
    8    30     0
    9    49     0
   10    13     0
   11    47     0
   12    42     0
   13     5     0
   14    41     0
   15    31     0
   16    39     0
    0     2     1
    1     4     1
    2     7     1
    3    18     1
    4    33     1
    5    15     1
    6    26     1
    7    32     1
    8    24     1
    9    17     1
   10    10     1
   11    28     1
   12    44     1
   13    34     1
   14    23     1
   15    29     1
   16    19     1
   17    25     1
    0     1     2
    1    16     2
    2     6     2
    3     3     2
    4    22     2
    5    21     2
    6    11     2
    7    27     2
    8    20     2
    9    36     2
   10     9     2
   11     0     2
   12    48     2
   13    35     2
   14    12     2
-1 -1 -1
dados_trab_3_50_nonstruc_release_facil_04   time:      6.705  fo:    1066.00
