dados_trab_3_50_nonstruc_release_facil_04 3 50 e
    0     2     0
    1     4     0
    2     7     0
    3    27     0
    4    18     0
    5     3     0
    6    22     0
    7     8     0
    8    20     0
    9    36     0
   10    25     0
   11    10     0
   12    28     0
   13    44     0
   14    31     0
   15    17     0
   16    12     0
    0    40     1
    1    33     1
    2    15     1
    3    26     1
    4    32     1
    5    11     1
    6    21     1
    7    24     1
    8    37     1
    9    49     1
   10    13     1
   11    47     1
   12    42     1
   13    35     1
   14    29     1
   15    39     1
   16    16     1
   17    30     1
    0     1     2
    1     6     2
    2    46     2
    3    43     2
    4    14     2
    5    38     2
    6    45     2
    7     5     2
    8    41     2
    9     9     2
   10     0     2
   11    48     2
   12    34     2
   13    23     2
   14    19     2
-1 -1 -1
dados_trab_3_50_nonstruc_release_facil_04   time:      2.471  fo:    1077.00
