dados_trab_4_30_nonstruc_release_facil_01 4 30 e
    0     4     0
    1     9     0
    2    26     0
    3    28     0
    4    11     0
    5     7     0
    6    13     0
    7    16     0
    0     3     1
    1    22     1
    2     6     1
    3    14     1
    4     2     1
    0    21     2
    1    29     2
    2    12     2
    3    10     2
    4    25     2
    5     8     2
    6     0     2
    0    15     3
    1    23     3
    2    20     3
    3     5     3
    4    17     3
    5    18     3
    6     1     3
    7    27     3
    8    19     3
    9    24     3
-1 -1 -1
dados_trab_4_30_nonstruc_release_facil_01   time:      1.116  fo:     483.00
