dados_trab_4_30_nonstruc_release_facil_09 4 30 e
    0    23     0
    1     5     0
    2     3     0
    3    18     0
    4     9     0
    5    12     0
    6    13     0
    0     0     1
    1     8     1
    2    21     1
    3    22     1
    4    15     1
    5    24     1
    6     2     1
    0    28     2
    1    11     2
    2    10     2
    3    27     2
    4     4     2
    5    17     2
    6     1     2
    7    25     2
    8    14     2
    0     7     3
    1    19     3
    2    16     3
    3    20     3
    4     6     3
    5    29     3
    6    26     3
-1 -1 -1
dados_trab_4_30_nonstruc_release_facil_09   time:      0.691  fo:     591.00
