dados_trab_4_30_nonstruc_release_facil_05 4 30 e
    0    29     0
    1    11     0
    2     8     0
    3     7     0
    4    28     0
    5    19     0
    6    27     0
    7    21     0
    8     5     0
    9    23     0
    0    12     1
    1    10     1
    2    24     1
    3     9     1
    4    13     1
    5     3     1
    6    15     1
    7     2     1
    8     1     1
    0     6     2
    1     4     2
    2    16     2
    3    25     2
    4    14     2
    0    26     3
    1    18     3
    2     0     3
    3    17     3
    4    22     3
    5    20     3
-1 -1 -1
dados_trab_4_30_nonstruc_release_facil_05   time:      0.788  fo:     425.00
