dados_trab_4_30_nonstruc_release_facil_08 4 30 e
    0    20     0
    1     1     0
    2     2     0
    3    29     0
    4     9     0
    5    15     0
    0     5     1
    1    22     1
    2    12     1
    3     6     1
    4    21     1
    5    18     1
    6     7     1
    7     8     1
    0    25     2
    1    16     2
    2     0     2
    3    28     2
    4     4     2
    5     3     2
    6    17     2
    0    23     3
    1    24     3
    2    13     3
    3    26     3
    4    14     3
    5    11     3
    6    19     3
    7    27     3
    8    10     3
-1 -1 -1
dados_trab_4_30_nonstruc_release_facil_08   time:      1.173  fo:     565.00
