dados_trab_4_30_nonstruc_release_facil_07 4 30 e
    0     5     0
    1    29     0
    2    15     0
    3     7     0
    4    21     0
    5    25     0
    6    19     0
    7    10     0
    8    26     0
    9     3     0
   10    11     0
    0    17     1
    1     8     1
    2    24     1
    3     6     1
    4    16     1
    5    20     1
    0    22     2
    1    28     2
    2     1     2
    3    12     2
    4    18     2
    5    27     2
    0     4     3
    1     9     3
    2     0     3
    3    14     3
    4     2     3
    5    23     3
    6    13     3
-1 -1 -1
dados_trab_4_30_nonstruc_release_facil_07   time:      1.449  fo:     533.00
