dados_trab_4_30_nonstruc_release_facil_01 4 30 e
    0    15     0
    1    23     0
    2    11     0
    3     7     0
    4    13     0
    5     8     0
    6     0     0
    0     4     1
    1    21     1
    2    29     1
    3    12     1
    4     6     1
    5    10     1
    6    25     1
    0     3     2
    1    26     2
    2     5     2
    3    17     2
    4    18     2
    5     1     2
    6    27     2
    7    19     2
    8    24     2
    0     9     3
    1    22     3
    2    28     3
    3    20     3
    4    14     3
    5     2     3
    6    16     3
-1 -1 -1
dados_trab_4_30_nonstruc_release_facil_01   time:      0.576  fo:     485.00
