dados_trab_4_30_nonstruc_release_facil_02 4 30 e
    0    26     0
    1     2     0
    2    14     0
    3     9     0
    4    20     0
    5    10     0
    6    24     0
    0    28     1
    1    17     1
    2     5     1
    3    27     1
    4     4     1
    5    23     1
    6    16     1
    0     6     2
    1     1     2
    2    19     2
    3    11     2
    4    15     2
    5    29     2
    6    13     2
    7    22     2
    0    21     3
    1    25     3
    2     8     3
    3     0     3
    4     7     3
    5    12     3
    6     3     3
    7    18     3
-1 -1 -1
dados_trab_4_30_nonstruc_release_facil_02   time:      2.448  fo:     540.00
