dados_trab_4_30_nonstruc_release_facil_06 4 30 e
    0     6     0
    1    12     0
    2     0     0
    3    27     0
    4     9     0
    5    14     0
    6     7     0
    0    29     1
    1    17     1
    2     1     1
    3     4     1
    4    28     1
    5     2     1
    0    16     2
    1    23     2
    2    24     2
    3    15     2
    4    25     2
    5    18     2
    6    26     2
    7     3     2
    8    13     2
    9    21     2
    0     8     3
    1    10     3
    2    20     3
    3     5     3
    4    11     3
    5    22     3
    6    19     3
-1 -1 -1
dados_trab_4_30_nonstruc_release_facil_06   time:      0.682  fo:     562.00
