dados_trab_4_30_nonstruc_release_facil_08 4 30 e
    0     5     0
    1    28     0
    2    29     0
    3     4     0
    4     3     0
    5     6     0
    6    17     0
    0    24     1
    1    13     1
    2    26     1
    3    14     1
    4     0     1
    5     7     1
    6     8     1
    0    23     2
    1    20     2
    2     1     2
    3     2     2
    4    15     2
    5    18     2
    6    27     2
    0    25     3
    1    16     3
    2    12     3
    3    11     3
    4    22     3
    5    21     3
    6    19     3
    7     9     3
    8    10     3
-1 -1 -1
dados_trab_4_30_nonstruc_release_facil_08   time:      0.930  fo:     576.00
