dados_trab_4_30_nonstruc_release_facil_05 4 30 e
    0    10     0
    1     7     0
    2    28     0
    3    22     0
    4    13     0
    5     5     0
    6    20     0
    7     2     0
    8     1     0
    0    26     1
    1    18     1
    2     0     1
    3    25     1
    4     8     1
    5    23     1
    0     6     2
    1     4     2
    2    19     2
    3    17     2
    4     3     2
    5    16     2
    6    14     2
    0    12     3
    1    29     3
    2    11     3
    3    24     3
    4     9     3
    5    27     3
    6    21     3
    7    15     3
-1 -1 -1
dados_trab_4_30_nonstruc_release_facil_05   time:      1.303  fo:     413.00
