dados_trab_4_30_nonstruc_release_facil_07 4 30 e
    0     4     0
    1     9     0
    2    29     0
    3    24     0
    4     6     0
    5     3     0
    6    11     0
    7    23     0
    0    17     1
    1    21     1
    2    25     1
    3    19     1
    4    10     1
    5    12     1
    6    18     1
    0     5     2
    1    22     2
    2    28     2
    3     0     2
    4    15     2
    5    26     2
    6    16     2
    7    20     2
    0     8     3
    1     7     3
    2    14     3
    3     2     3
    4     1     3
    5    13     3
    6    27     3
-1 -1 -1
dados_trab_4_30_nonstruc_release_facil_07   time:      0.657  fo:     546.00
