dados_trab_4_30_nonstruc_release_facil_01 4 30 e
    0    15     0
    1    23     0
    2    20     0
    3     5     0
    4     9     0
    5    17     0
    6    18     0
    7     1     0
    8    27     0
    0    22     1
    1    11     1
    2     7     1
    3    14     1
    4     2     1
    5    16     1
    0     4     2
    1    21     2
    2    29     2
    3    12     2
    4    10     2
    5    25     2
    6    19     2
    7    24     2
    0     3     3
    1    26     3
    2    28     3
    3     6     3
    4    13     3
    5     8     3
    6     0     3
-1 -1 -1
dados_trab_4_30_nonstruc_release_facil_01   time:      1.277  fo:     474.00
