dados_trab_4_30_nonstruc_release_facil_09 4 30 e
    0    27     0
    1     4     0
    2     3     0
    3    18     0
    4     9     0
    5    22     0
    6    24     0
    7    25     0
    8     2     0
    0     7     1
    1     0     1
    2    19     1
    3    16     1
    4    17     1
    5     1     1
    6    13     1
    0    23     2
    1     5     2
    2    11     2
    3    10     2
    4    15     2
    5    12     2
    6    14     2
    0    28     3
    1     8     3
    2    21     3
    3    20     3
    4     6     3
    5    29     3
    6    26     3
-1 -1 -1
dados_trab_4_30_nonstruc_release_facil_09   time:      0.743  fo:     574.00
