dados_trab_4_30_nonstruc_release_facil_10 4 30 e
    0     5     0
    1    24     0
    2    27     0
    3    16     0
    4    19     0
    5     1     0
    6    23     0
    7     7     0
    8     4     0
    0    17     1
    1    28     1
    2     3     1
    3    25     1
    0     2     2
    1    18     2
    2     0     2
    3    13     2
    4    22     2
    5    14     2
    6    12     2
    7    29     2
    0    15     3
    1     6     3
    2    10     3
    3    21     3
    4    11     3
    5    26     3
    6    20     3
    7     9     3
    8     8     3
-1 -1 -1
dados_trab_4_30_nonstruc_release_facil_10   time:      1.407  fo:     509.00
