dados_trab_4_30_nonstruc_release_facil_04 4 30 e
    0    23     0
    1    19     0
    2    14     0
    3    25     0
    4    21     0
    5     8     0
    6     7     0
    7    17     0
    8    22     0
    9    11     0
    0     5     1
    1     0     1
    2    29     1
    3    12     1
    4     6     1
    5    10     1
    6    16     1
    7     3     1
    0     4     2
    1     9     2
    2    26     2
    3    13     2
    4    15     2
    5    27     2
    6    28     2
    0    20     3
    1     2     3
    2    18     3
    3    24     3
    4     1     3
-1 -1 -1
dados_trab_4_30_nonstruc_release_facil_04   time:      1.021  fo:     525.00
