dados_trab_4_30_nonstruc_release_facil_05 4 30 e
    0    12     0
    1     7     0
    2    28     0
    3    22     0
    4    13     0
    5    16     0
    6    14     0
    0    29     1
    1    11     1
    2    24     1
    3    10     1
    4     0     1
    5    25     1
    6     8     1
    7    23     1
    0    26     2
    1    18     2
    2     9     2
    3    27     2
    4    21     2
    5     5     2
    6    20     2
    7     2     2
    8     1     2
    0     6     3
    1     4     3
    2    19     3
    3    17     3
    4     3     3
    5    15     3
-1 -1 -1
dados_trab_4_30_nonstruc_release_facil_05   time:      1.011  fo:     426.00
