dados_trab_4_30_nonstruc_release_facil_04 4 30 e
    0    12     0
    1     6     0
    2    10     0
    3    16     0
    4     3     0
    0     5     1
    1     0     1
    2    25     1
    3    21     1
    4     8     1
    5    15     1
    6    27     1
    7    28     1
    0     4     2
    1     9     2
    2    29     2
    3    26     2
    4    14     2
    5     2     2
    6    18     2
    7    17     2
    8    22     2
    0    20     3
    1     7     3
    2    23     3
    3    19     3
    4    13     3
    5     1     3
    6    24     3
    7    11     3
-1 -1 -1
dados_trab_4_30_nonstruc_release_facil_04   time:      0.955  fo:     526.00
