dados_trab_4_30_nonstruc_release_facil_06 4 30 e
    0    16     0
    1    23     0
    2    24     0
    3    15     0
    4     4     0
    5    28     0
    6    13     0
    7    20     0
    8     5     0
    9    11     0
   10    21     0
    0     8     1
    1    10     1
    2    18     1
    3    25     1
    4     2     1
    0    29     2
    1    17     2
    2     1     2
    3    14     2
    4     7     2
    0     6     3
    1    12     3
    2    19     3
    3     0     3
    4    27     3
    5     9     3
    6    22     3
    7    26     3
    8     3     3
-1 -1 -1
dados_trab_4_30_nonstruc_release_facil_06   time:      1.339  fo:     566.00
