dados_trab_4_30_nonstruc_release_facil_03 4 30 e
    0    15     0
    1    23     0
    2    26     0
    3    18     0
    4     4     0
    5    28     0
    6    25     0
    0     6     1
    1     7     1
    2    12     1
    3     9     1
    4    22     1
    5     3     1
    6    13     1
    7     0     1
    0    20     2
    1    11     2
    2     1     2
    3     2     2
    4    10     2
    5    29     2
    6    21     2
    0    17     3
    1    14     3
    2     8     3
    3    24     3
    4    16     3
    5    19     3
    6    27     3
    7     5     3
-1 -1 -1
dados_trab_4_30_nonstruc_release_facil_03   time:      1.036  fo:     583.00
