dados_trab_4_30_nonstruc_release_facil_08 4 30 e
    0    25     0
    1    28     0
    2     0     0
    3    20     0
    4     2     0
    5    18     0
    6     7     0
    7     8     0
    0    24     1
    1    13     1
    2    26     1
    3    14     1
    4    11     1
    5     9     1
    6    10     1
    7    15     1
    0     5     2
    1    12     2
    2    16     2
    3     1     2
    4    22     2
    5    21     2
    6    19     2
    7    27     2
    0    23     3
    1    29     3
    2     4     3
    3     3     3
    4     6     3
    5    17     3
-1 -1 -1
dados_trab_4_30_nonstruc_release_facil_08   time:      1.078  fo:     592.00
