dados_trab_4_30_nonstruc_release_facil_09 4 30 e
    0    28     0
    1    27     0
    2     4     0
    3     3     0
    4    16     0
    5    20     0
    6     6     0
    7    29     0
    8    26     0
    0    10     1
    1    11     1
    2    19     1
    3     5     1
    4    17     1
    5    24     1
    6    25     1
    7     2     1
    0    23     2
    1     0     2
    2     8     2
    3    21     2
    4    22     2
    5    15     2
    6    12     2
    7    13     2
    0     7     3
    1    18     3
    2     9     3
    3     1     3
    4    14     3
-1 -1 -1
dados_trab_4_30_nonstruc_release_facil_09   time:      0.651  fo:     603.00
