dados_trab_4_40_nonstruc_release_facil_04 4 40 e
    0    32     0
    1    15     0
    2     4     0
    3     8     0
    4    19     0
    5     7     0
    6    16     0
    7    21     0
    0    24     1
    1    13     1
    2    39     1
    3    31     1
    4    34     1
    5     0     1
    6    29     1
    7    22     1
    8    36     1
    9    14     1
   10     6     1
    0     3     2
    1    38     2
    2    35     2
    3     1     2
    4    20     2
    5    11     2
    6    37     2
    7    18     2
    8     2     2
    9    12     2
   10    27     2
   11    10     2
   12     9     2
    0    17     3
    1     5     3
    2    33     3
    3    30     3
    4    28     3
    5    25     3
    6    23     3
    7    26     3
-1 -1 -1
dados_trab_4_40_nonstruc_release_facil_04   time:      1.410  fo:     682.00
