dados_trab_4_40_nonstruc_release_facil_03 4 40 e
    0    34     0
    1    19     0
    2     7     0
    3    24     0
    4    27     0
    5    28     0
    6    23     0
    7    25     0
    8    15     0
    0    37     1
    1     4     1
    2    18     1
    3    16     1
    4    10     1
    5    32     1
    6     9     1
    7     5     1
    8    20     1
    9    12     1
    0    39     2
    1    22     2
    2    21     2
    3     1     2
    4     0     2
    5    26     2
    6     2     2
    7    31     2
    8     8     2
    9    35     2
    0     3     3
    1    38     3
    2    13     3
    3    14     3
    4    11     3
    5     6     3
    6    36     3
    7    29     3
    8    33     3
    9    30     3
   10    17     3
-1 -1 -1
dados_trab_4_40_nonstruc_release_facil_03   time:      2.102  fo:     671.00
