dados_trab_4_40_nonstruc_release_facil_07 4 40 e
    0    23     0
    1    13     0
    2    12     0
    3    35     0
    4    29     0
    5     9     0
    6    34     0
    7    39     0
    8    10     0
    9    20     0
    0     8     1
    1    36     1
    2     4     1
    3    33     1
    4    38     1
    5    30     1
    6     5     1
    7    11     1
    8     0     1
    9    15     1
   10    18     1
    0    25     2
    1     7     2
    2    37     2
    3    31     2
    4    17     2
    5    24     2
    6    26     2
    7    32     2
    8    14     2
    0    27     3
    1     1     3
    2    16     3
    3     3     3
    4    19     3
    5    22     3
    6     6     3
    7     2     3
    8    28     3
    9    21     3
-1 -1 -1
dados_trab_4_40_nonstruc_release_facil_07   time:      1.825  fo:     702.00
