dados_trab_4_40_nonstruc_release_facil_08 4 40 e
    0     8     0
    1     5     0
    2    27     0
    3     2     0
    4    36     0
    5    13     0
    6    10     0
    7    12     0
    8    39     0
    0    37     1
    1    14     1
    2     3     1
    3     6     1
    4    38     1
    5     4     1
    6    33     1
    7    15     1
    8    26     1
    0    35     2
    1    24     2
    2    32     2
    3    21     2
    4    30     2
    5    11     2
    6    20     2
    7    29     2
    8    34     2
    9     7     2
   10    23     2
   11     1     2
    0    17     3
    1    25     3
    2    18     3
    3    16     3
    4    31     3
    5    19     3
    6    22     3
    7     0     3
    8     9     3
    9    28     3
-1 -1 -1
dados_trab_4_40_nonstruc_release_facil_08   time:      1.858  fo:     687.00
