dados_trab_4_40_nonstruc_release_facil_07 4 40 e
    0    23     0
    1    13     0
    2    12     0
    3    21     0
    4    17     0
    5    24     0
    6    26     0
    7    29     0
    8    32     0
    9    14     0
    0    25     1
    1     7     1
    2    37     1
    3     9     1
    4     3     1
    5    19     1
    6    22     1
    7    34     1
    8    35     1
    9    15     1
    0    27     2
    1     1     2
    2    16     2
    3    31     2
    4    11     2
    5    30     2
    6     2     2
    7    20     2
    8    28     2
    9    18     2
    0     8     3
    1    36     3
    2     4     3
    3    33     3
    4    38     3
    5     5     3
    6     0     3
    7    39     3
    8     6     3
    9    10     3
-1 -1 -1
dados_trab_4_40_nonstruc_release_facil_07   time:      1.354  fo:     722.00
