dados_trab_4_40_nonstruc_release_facil_03 4 40 e
    0    37     0
    1     4     0
    2    38     0
    3    30     0
    4    10     0
    5    29     0
    6    21     0
    7    31     0
    8    27     0
    9    28     0
   10    23     0
   11    25     0
    0     3     1
    1    13     1
    2    14     1
    3    15     1
    4    16     1
    5     2     1
    6     7     1
    7    18     1
    8    17     1
    0    22     2
    1    36     2
    2    26     2
    3    32     2
    4     9     2
    5     5     2
    6    20     2
    7    12     2
    0    39     3
    1    35     3
    2     6     3
    3    34     3
    4     0     3
    5    11     3
    6    19     3
    7    24     3
    8     1     3
    9    33     3
   10     8     3
-1 -1 -1
dados_trab_4_40_nonstruc_release_facil_03   time:      2.073  fo:     679.00
