dados_trab_4_40_nonstruc_release_facil_07 4 40 e
    0    12     0
    1    21     0
    2    33     0
    3    38     0
    4    17     0
    5    24     0
    6    29     0
    7     8     0
    8    28     0
    0    25     1
    1     7     1
    2    37     1
    3    31     1
    4     5     1
    5    30     1
    6    26     1
    7    32     1
    8    14     1
    9    10     1
    0    27     2
    1     1     2
    2     4     2
    3    35     2
    4     3     2
    5    19     2
    6    22     2
    7     6     2
    8     2     2
    9    20     2
   10    18     2
    0    23     3
    1    36     3
    2    16     3
    3     0     3
    4     9     3
    5    34     3
    6    39     3
    7    15     3
    8    13     3
    9    11     3
-1 -1 -1
dados_trab_4_40_nonstruc_release_facil_07   time:      3.177  fo:     704.00
