dados_trab_4_40_nonstruc_release_facil_01 4 40 e
    0    14     0
    1     2     0
    2    22     0
    3    36     0
    4     4     0
    5    39     0
    6    19     0
    7    25     0
    0     0     1
    1     3     1
    2    31     1
    3    15     1
    4    38     1
    5    26     1
    6    13     1
    7    27     1
    8    33     1
    9     8     1
   10    24     1
   11    37     1
   12    28     1
    0    32     2
    1     1     2
    2    10     2
    3     5     2
    4     7     2
    5    35     2
    6    18     2
    7    16     2
    8    12     2
    0    21     3
    1     9     3
    2    30     3
    3    17     3
    4    23     3
    5    29     3
    6    11     3
    7     6     3
    8    20     3
    9    34     3
-1 -1 -1
dados_trab_4_40_nonstruc_release_facil_01   time:      1.523  fo:     689.00
