dados_trab_4_40_nonstruc_release_facil_09 4 40 e
    0    34     0
    1    21     0
    2     2     0
    3    36     0
    4    37     0
    5    14     0
    6     8     0
    7    11     0
    8    23     0
    9    29     0
   10    31     0
   11    33     0
   12     4     0
   13    27     0
   14    19     0
   15     0     0
    0    35     1
    1    38     1
    2     3     1
    3    13     1
    4     5     1
    5     9     1
    6    28     1
    7    20     1
    8    15     1
    9    30     1
    0    24     2
    1    16     2
    2    17     2
    3    32     2
    4    22     2
    0     1     3
    1    25     3
    2    12     3
    3     6     3
    4    39     3
    5    10     3
    6    26     3
    7     7     3
    8    18     3
-1 -1 -1
dados_trab_4_40_nonstruc_release_facil_09   time:      1.367  fo:     698.00
