dados_trab_4_40_nonstruc_release_facil_01 4 40 e
    0    21     0
    1     5     0
    2    17     0
    3    38     0
    4    27     0
    5    31     0
    6    19     0
    7    28     0
    0    32     1
    1     1     1
    2     9     1
    3    15     1
    4    33     1
    5    36     1
    6     4     1
    7    39     1
    8     8     1
    9    24     1
   10    16     1
   11    18     1
   12    20     1
    0     0     2
    1     3     2
    2    14     2
    3     2     2
    4    37     2
    5    26     2
    6     7     2
    7    35     2
    8    10     2
    9    12     2
   10    34     2
    0     6     3
    1    13     3
    2    22     3
    3    30     3
    4    23     3
    5    29     3
    6    11     3
    7    25     3
-1 -1 -1
dados_trab_4_40_nonstruc_release_facil_01   time:      1.670  fo:     686.00
