dados_trab_4_40_nonstruc_release_facil_05 4 40 e
    0     6     0
    1    37     0
    2    29     0
    3     9     0
    4    35     0
    5    15     0
    6     2     0
    7    25     0
    8    36     0
    9    17     0
   10    16     0
   11    38     0
    0     5     1
    1    26     1
    2    31     1
    3     1     1
    4    11     1
    5    10     1
    6     3     1
    7    24     1
    8    33     1
    9     8     1
    0    14     2
    1    23     2
    2    34     2
    3    27     2
    4     4     2
    5    13     2
    6    20     2
    7    32     2
    8    19     2
    0     7     3
    1    22     3
    2    12     3
    3     0     3
    4    39     3
    5    21     3
    6    30     3
    7    28     3
    8    18     3
-1 -1 -1
dados_trab_4_40_nonstruc_release_facil_05   time:      1.266  fo:     720.00
