dados_trab_4_40_nonstruc_release_facil_02 4 40 e
    0    23     0
    1    17     0
    2     7     0
    3    14     0
    4    33     0
    5     4     0
    6    19     0
    7    37     0
    8    30     0
    0     2     1
    1    13     1
    2    31     1
    3     6     1
    4    36     1
    5    27     1
    6    20     1
    7    12     1
    8    11     1
    9    29     1
   10    28     1
    0    22     2
    1    39     2
    2    21     2
    3     5     2
    4    24     2
    5    32     2
    6     3     2
    0    15     3
    1    26     3
    2     1     3
    3    38     3
    4    34     3
    5    16     3
    6     0     3
    7     8     3
    8    18     3
    9     9     3
   10    10     3
   11    35     3
   12    25     3
-1 -1 -1
dados_trab_4_40_nonstruc_release_facil_02   time:      1.971  fo:     695.00
