dados_trab_4_40_nonstruc_release_facil_03 4 40 e
    0    37     0
    1    34     0
    2     1     0
    3     0     0
    4    14     0
    5    15     0
    6    13     0
    7    11     0
    8    19     0
    9     7     0
   10    24     0
   11    27     0
   12    12     0
    0    18     1
    1     4     1
    2     3     1
    3    38     1
    4    30     1
    5    26     1
    6     2     1
    7    31     1
    8    28     1
    9    23     1
   10    25     1
    0    22     2
    1    36     2
    2    21     2
    3    10     2
    4    32     2
    5    33     2
    6     8     2
    0    39     3
    1    35     3
    2     6     3
    3    16     3
    4    29     3
    5     9     3
    6     5     3
    7    20     3
    8    17     3
-1 -1 -1
dados_trab_4_40_nonstruc_release_facil_03   time:      1.548  fo:     668.00
