dados_trab_4_40_nonstruc_release_facil_02 4 40 e
    0    22     0
    1     7     0
    2    26     0
    3    17     0
    4    14     0
    5     8     0
    6     4     0
    7    19     0
    8    18     0
    9     9     0
   10    10     0
   11    35     0
    0    15     1
    1    31     1
    2     6     1
    3    36     1
    4    34     1
    5    25     1
    6    32     1
    7     3     1
    0     2     2
    1    39     2
    2    16     2
    3    24     2
    4    21     2
    5     0     2
    6    38     2
    7     5     2
    8    20     2
    9    37     2
   10    30     2
    0    23     3
    1    33     3
    2     1     3
    3    13     3
    4    12     3
    5    11     3
    6    28     3
    7    27     3
    8    29     3
-1 -1 -1
dados_trab_4_40_nonstruc_release_facil_02   time:      2.464  fo:     710.00
