dados_trab_4_40_nonstruc_release_facil_01 4 40 e
    0     6     0
    1     9     0
    2    13     0
    3    38     0
    4    10     0
    5    35     0
    6    34     0
    7    28     0
    8    11     0
    9    20     0
    0    31     1
    1    14     1
    2     2     1
    3    26     1
    4     7     1
    5    29     1
    6    19     1
    7    17     1
    8    25     1
    0    21     2
    1    15     2
    2    37     2
    3    22     2
    4    36     2
    5     4     2
    6    39     2
    7    16     2
    8    18     2
    0     0     3
    1    30     3
    2    32     3
    3     1     3
    4     3     3
    5    23     3
    6    27     3
    7     5     3
    8    33     3
    9     8     3
   10    24     3
   11    12     3
-1 -1 -1
dados_trab_4_40_nonstruc_release_facil_01   time:      1.661  fo:     694.00
