dados_trab_4_40_nonstruc_release_facil_01 4 40 e
    0    21     0
    1     9     0
    2     5     0
    3    31     0
    4    26     0
    5    10     0
    6    38     0
    7    27     0
    8    11     0
    9    20     0
    0     6     1
    1     1     1
    2    15     1
    3    37     1
    4    33     1
    5    18     1
    6    16     1
    7     7     1
    8    23     1
    9    24     1
   10    35     1
   11    34     1
    0    14     2
    1     3     2
    2     2     2
    3    17     2
    4    32     2
    5    29     2
    6    19     2
    7    12     2
    8     8     2
    0     0     3
    1    30     3
    2    13     3
    3    22     3
    4    36     3
    5     4     3
    6    39     3
    7    25     3
    8    28     3
-1 -1 -1
dados_trab_4_40_nonstruc_release_facil_01   time:      1.051  fo:     697.00
