dados_trab_4_40_nonstruc_release_facil_05 4 40 e
    0    12     0
    1    37     0
    2     6     0
    3     9     0
    4    27     0
    5    39     0
    6    13     0
    7    28     0
    8    18     0
    0    23     1
    1    34     1
    2     2     1
    3     5     1
    4    25     1
    5    36     1
    6    21     1
    7    10     1
    8    30     1
    9    20     1
   10    17     1
   11    16     1
   12    38     1
    0     7     2
    1    14     2
    2    26     2
    3    35     2
    4     0     2
    5    31     2
    6    24     2
    7     3     2
    8    32     2
    9    19     2
    0    22     3
    1    29     3
    2     4     3
    3     1     3
    4    11     3
    5    15     3
    6    33     3
    7     8     3
-1 -1 -1
dados_trab_4_40_nonstruc_release_facil_05   time:      1.397  fo:     747.00
