dados_trab_4_40_nonstruc_release_facil_01 4 40 e
    0    14     0
    1    31     0
    2    26     0
    3    23     0
    4    27     0
    5    11     0
    6    37     0
    7    33     0
    8    18     0
    9    20     0
    0    32     1
    1    13     1
    2    22     1
    3    36     1
    4     4     1
    5    39     1
    6     8     1
    7    38     1
    0     6     2
    1     1     2
    2    15     2
    3     5     2
    4     3     2
    5     2     2
    6     0     2
    7    10     2
    8    35     2
    9    24     2
   10    12     2
   11    34     2
   12    28     2
    0    21     3
    1     9     3
    2    30     3
    3    16     3
    4     7     3
    5    29     3
    6    19     3
    7    17     3
    8    25     3
-1 -1 -1
dados_trab_4_40_nonstruc_release_facil_01   time:      1.343  fo:     680.00
