dados_trab_4_40_nonstruc_release_facil_10 4 40 e
    0    39     0
    1    37     0
    2     4     0
    3    30     0
    4    15     0
    5     6     0
    6    19     0
    7     1     0
    8     5     0
    9    27     0
    0    23     1
    1    18     1
    2    32     1
    3     2     1
    4     3     1
    5    28     1
    6    34     1
    7    20     1
    8    31     1
    9    16     1
    0    33     2
    1    14     2
    2    11     2
    3    38     2
    4    10     2
    5     9     2
    6    21     2
    0    26     3
    1    13     3
    2    24     3
    3     0     3
    4     8     3
    5    35     3
    6    25     3
    7    36     3
    8    17     3
    9    29     3
   10    22     3
   11    12     3
   12     7     3
-1 -1 -1
dados_trab_4_40_nonstruc_release_facil_10   time:      1.461  fo:     678.00
