dados_trab_4_40_nonstruc_release_facil_10 4 40 e
    0    33     0
    1     8     0
    2    28     0
    3     3     0
    4    17     0
    5    29     0
    6    24     0
    7     0     0
    8    20     0
    9     9     0
   10    27     0
    0     2     1
    1    35     1
    2    18     1
    3    34     1
    4    21     1
    5    32     1
    6    22     1
    7    31     1
    0    23     2
    1    39     2
    2    37     2
    3     4     2
    4    14     2
    5    11     2
    6    38     2
    7    36     2
    8     6     2
    9    19     2
   10    12     2
   11     7     2
    0    26     3
    1    13     3
    2    30     3
    3    15     3
    4    25     3
    5     1     3
    6     5     3
    7    16     3
    8    10     3
-1 -1 -1
dados_trab_4_40_nonstruc_release_facil_10   time:      1.552  fo:     679.00
