dados_trab_4_40_nonstruc_release_facil_06 4 40 e
    0    18     0
    1    23     0
    2     7     0
    3    39     0
    4    28     0
    5     1     0
    6    31     0
    7    27     0
    8     9     0
    9    13     0
   10    34     0
   11    29     0
   12    16     0
    0    38     1
    1    24     1
    2    22     1
    3    20     1
    4    17     1
    5     5     1
    6     2     1
    0    36     2
    1    10     2
    2    14     2
    3    37     2
    4     6     2
    5     0     2
    6    11     2
    7     3     2
    0    12     3
    1    21     3
    2    25     3
    3    30     3
    4    26     3
    5    35     3
    6     8     3
    7    32     3
    8    19     3
    9    15     3
   10     4     3
   11    33     3
-1 -1 -1
dados_trab_4_40_nonstruc_release_facil_06   time:      1.442  fo:     752.00
