dados_trab_4_40_nonstruc_release_facil_09 4 40 e
    0    13     0
    1     5     0
    2    17     0
    3    15     0
    4    37     0
    5    32     0
    6    22     0
    0    35     1
    1     2     1
    2    25     1
    3     6     1
    4    11     1
    5    31     1
    6    39     1
    7    23     1
    8    20     1
    9    10     1
   10    30     1
   11    36     1
   12    19     1
    0     1     2
    1    34     2
    2     3     2
    3    14     2
    4    21     2
    5    26     2
    6     7     2
    7    18     2
    8     8     2
    9     0     2
    0    38     3
    1    12     3
    2    29     3
    3    24     3
    4    16     3
    5    28     3
    6    27     3
    7     9     3
    8    33     3
    9     4     3
-1 -1 -1
dados_trab_4_40_nonstruc_release_facil_09   time:      1.051  fo:     735.00
