dados_trab_4_40_nonstruc_release_facil_08 4 40 e
    0    37     0
    1    14     0
    2    18     0
    3     0     0
    4    38     0
    5    22     0
    6    10     0
    7    12     0
    8    23     0
    9    39     0
    0     8     1
    1    24     1
    2    32     1
    3    21     1
    4    30     1
    5    27     1
    6     2     1
    7    36     1
    8    13     1
    9     9     1
    0    35     2
    1    25     2
    2     5     2
    3    11     2
    4    31     2
    5     3     2
    6    34     2
    7     7     2
    8     1     2
    9    20     2
    0    17     3
    1    16     3
    2     6     3
    3    29     3
    4    19     3
    5     4     3
    6    33     3
    7    15     3
    8    28     3
    9    26     3
-1 -1 -1
dados_trab_4_40_nonstruc_release_facil_08   time:      2.719  fo:     682.00
