dados_trab_4_40_nonstruc_release_facil_07 4 40 e
    0    25     0
    1     7     0
    2    37     0
    3     0     0
    4     9     0
    5    34     0
    6    39     0
    7     6     0
    8     2     0
    9    28     0
   10    33     0
    0    23     1
    1    36     1
    2     4     1
    3    38     1
    4     5     1
    5    30     1
    6    26     1
    7    32     1
    8    10     1
    0     8     2
    1    12     2
    2    21     2
    3    35     2
    4    31     2
    5    17     2
    6    24     2
    7    15     2
    8    18     2
    9    14     2
    0    27     3
    1     1     3
    2    16     3
    3     3     3
    4    19     3
    5    29     3
    6    20     3
    7    22     3
    8    13     3
    9    11     3
-1 -1 -1
dados_trab_4_40_nonstruc_release_facil_07   time:      2.555  fo:     702.00
