dados_trab_4_40_nonstruc_release_facil_03 4 40 e
    0    35     0
    1    36     0
    2     1     0
    3    21     0
    4     0     0
    5    26     0
    6     2     0
    7    31     0
    8    17     0
    9     3     0
    0    39     1
    1     4     1
    2    38     1
    3    11     1
    4    19     1
    5     7     1
    6    24     1
    7    27     1
    8    28     1
    9    23     1
   10    25     1
   11    15     1
    0    34     2
    1    30     2
    2    22     2
    3    14     2
    4    32     2
    5    33     2
    6     8     2
    0    18     3
    1     6     3
    2    13     3
    3    16     3
    4    29     3
    5     9     3
    6    10     3
    7    37     3
    8     5     3
    9    20     3
   10    12     3
-1 -1 -1
dados_trab_4_40_nonstruc_release_facil_03   time:      1.851  fo:     677.00
