dados_trab_4_40_nonstruc_release_facil_10 4 40 e
    0    39     0
    1    37     0
    2     4     0
    3    38     0
    4    14     0
    5     0     0
    6    36     0
    7    26     0
    8    12     0
    9     7     0
    0    13     1
    1    30     1
    2    15     1
    3     6     1
    4    19     1
    5     1     1
    6     5     1
    7    27     1
    0    33     2
    1     8     2
    2    28     2
    3     3     2
    4    17     2
    5    29     2
    6    24     2
    7    34     2
    8    32     2
    9    18     2
   10    16     2
   11    10     2
    0    23     3
    1    22     3
    2    11     3
    3     2     3
    4    35     3
    5    25     3
    6    31     3
    7    20     3
    8     9     3
    9    21     3
-1 -1 -1
dados_trab_4_40_nonstruc_release_facil_10   time:      2.193  fo:     674.00
