dados_trab_4_40_nonstruc_release_facil_02 4 40 e
    0     2     0
    1    13     0
    2    31     0
    3     6     0
    4    20     0
    5    34     0
    6    16     0
    7     0     0
    8    37     0
    9     3     0
   10    30     0
    0    22     1
    1     7     1
    2    26     1
    3    17     1
    4    14     1
    5     8     1
    6     4     1
    7     1     1
    8     5     1
    9    18     1
   10     9     1
   11    10     1
   12    39     1
   13    35     1
    0    23     2
    1    33     2
    2    24     2
    3    38     2
    4    12     2
    5    11     2
    6    28     2
    0    15     3
    1    21     3
    2    19     3
    3    36     3
    4    27     3
    5    25     3
    6    32     3
    7    29     3
-1 -1 -1
dados_trab_4_40_nonstruc_release_facil_02   time:      1.930  fo:     715.00
