dados_trab_4_50_nonstruc_release_facil_03 4 50 e
    0    27     0
    1    39     0
    2    45     0
    3    46     0
    4    38     0
    5     3     0
    6     7     0
    7    25     0
    8     6     0
    9    10     0
   10     4     0
   11    24     0
   12    32     0
   13    21     0
    0    28     1
    1     8     1
    2    11     1
    3    29     1
    4    17     1
    5    37     1
    6     5     1
    7    15     1
    8    26     1
    9     2     1
   10    33     1
   11    18     1
   12    47     1
    0    19     2
    1    14     2
    2    42     2
    3    49     2
    4    41     2
    5     1     2
    6    43     2
    7    23     2
    8    34     2
    9    22     2
    0    36     3
    1    30     3
    2    35     3
    3    31     3
    4    12     3
    5    13     3
    6     9     3
    7    20     3
    8    48     3
    9     0     3
   10    40     3
   11    44     3
   12    16     3
-1 -1 -1
dados_trab_4_50_nonstruc_release_facil_03   time:      4.162  fo:     837.00
