dados_trab_4_50_nonstruc_release_facil_08 4 50 e
    0    44     0
    1    21     0
    2    32     0
    3    47     0
    4    41     0
    5    23     0
    6    17     0
    7     3     0
    8    25     0
    9    46     0
   10    35     0
    0    12     1
    1     8     1
    2    18     1
    3    33     1
    4     0     1
    5    40     1
    6    38     1
    7     4     1
    8    16     1
    0    49     2
    1    37     2
    2    15     2
    3    20     2
    4    29     2
    5    22     2
    6    36     2
    7    10     2
    8    31     2
    9     6     2
   10    19     2
   11    34     2
   12    11     2
   13    28     2
   14     1     2
   15     7     2
    0    39     3
    1     9     3
    2    24     3
    3    27     3
    4    13     3
    5    48     3
    6    30     3
    7    43     3
    8    14     3
    9     5     3
   10    45     3
   11    42     3
   12    26     3
   13     2     3
-1 -1 -1
dados_trab_4_50_nonstruc_release_facil_08   time:      3.508  fo:     757.00
