dados_trab_4_50_nonstruc_release_facil_01 4 50 e
    0    35     0
    1    41     0
    2     4     0
    3    34     0
    4    24     0
    5    42     0
    6     2     0
    7    48     0
    8    12     0
    9    10     0
   10    14     0
   11    39     0
   12    28     0
   13    15     0
   14     5     0
    0    20     1
    1    37     1
    2     3     1
    3    16     1
    4    45     1
    5    30     1
    6    29     1
    7     9     1
    8    31     1
    9     6     1
   10    25     1
   11    47     1
   12    33     1
   13     7     1
   14    26     1
    0     8     2
    1    27     2
    2    23     2
    3    49     2
    4    17     2
    5    13     2
    6    44     2
    7    38     2
    8    22     2
    0    40     3
    1    11     3
    2    46     3
    3    21     3
    4    43     3
    5    18     3
    6     1     3
    7    32     3
    8     0     3
    9    19     3
   10    36     3
-1 -1 -1
dados_trab_4_50_nonstruc_release_facil_01   time:      3.235  fo:     937.00
