dados_trab_4_50_nonstruc_release_facil_02 4 50 e
    0    47     0
    1    29     0
    2    13     0
    3    41     0
    4     7     0
    5    44     0
    6    18     0
    7     9     0
    8     6     0
    9    39     0
   10    33     0
   11     2     0
    0     1     1
    1     0     1
    2    31     1
    3     4     1
    4    28     1
    5    36     1
    6    26     1
    7    14     1
    8     8     1
    9     5     1
   10    34     1
   11    27     1
   12    43     1
   13    37     1
    0    23     2
    1    20     2
    2    32     2
    3    10     2
    4    46     2
    5    40     2
    6    38     2
    7    11     2
    8     3     2
    9    48     2
   10    12     2
   11    45     2
    0    19     3
    1    24     3
    2    15     3
    3    16     3
    4    17     3
    5    22     3
    6    30     3
    7    25     3
    8    42     3
    9    21     3
   10    49     3
   11    35     3
-1 -1 -1
dados_trab_4_50_nonstruc_release_facil_02   time:      1.883  fo:     913.00
