dados_trab_4_50_nonstruc_release_facil_02 4 50 e
    0    23     0
    1    47     0
    2    29     0
    3    19     0
    4    17     0
    5    22     0
    6    14     0
    7     8     0
    8     5     0
    9    26     0
   10    27     0
   11    43     0
   12    37     0
    0    32     1
    1    16     1
    2    28     1
    3    36     1
    4    41     1
    5    25     1
    6    11     1
    7    45     1
    8    34     1
    0    20     2
    1    24     2
    2    10     2
    3    40     2
    4     6     2
    5    39     2
    6    46     2
    7    12     2
    8    18     2
    9     9     2
   10    44     2
   11    38     2
   12    35     2
    0     1     3
    1     0     3
    2     7     3
    3    30     3
    4    15     3
    5    31     3
    6     4     3
    7     3     3
    8    13     3
    9    49     3
   10    21     3
   11    42     3
   12    48     3
   13    33     3
   14     2     3
-1 -1 -1
dados_trab_4_50_nonstruc_release_facil_02   time:      2.026  fo:     895.00
