dados_trab_4_50_nonstruc_release_facil_05 4 50 e
    0    29     0
    1    36     0
    2    23     0
    3    32     0
    4     1     0
    5    49     0
    6    35     0
    7    34     0
    8    30     0
    0    31     1
    1    18     1
    2    28     1
    3    41     1
    4    45     1
    5     9     1
    6    33     1
    7    11     1
    8    19     1
    9    25     1
   10     7     1
   11    13     1
   12    43     1
    0    37     2
    1    10     2
    2    42     2
    3     0     2
    4    24     2
    5    12     2
    6    47     2
    7    38     2
    8    26     2
    9     6     2
   10    21     2
   11    17     2
   12     3     2
   13     8     2
    0     2     3
    1    27     3
    2     4     3
    3    16     3
    4    14     3
    5    40     3
    6     5     3
    7    48     3
    8    39     3
    9    15     3
   10    20     3
   11    46     3
   12    22     3
   13    44     3
-1 -1 -1
dados_trab_4_50_nonstruc_release_facil_05   time:      1.698  fo:     984.00
