dados_trab_4_50_nonstruc_release_facil_02 4 50 e
    0    47     0
    1    20     0
    2    16     0
    3    17     0
    4    13     0
    5    38     0
    6    11     0
    7     5     0
    8    48     0
    9    42     0
    0    24     1
    1    29     1
    2     4     1
    3    15     1
    4    28     1
    5    14     1
    6    22     1
    7    27     1
    8     8     1
    9    43     1
   10    37     1
    0     1     2
    1     0     2
    2    31     2
    3    32     2
    4    10     2
    5    46     2
    6    40     2
    7     6     2
    8    39     2
    9    26     2
   10    49     2
   11    21     2
   12    33     2
   13     9     2
   14    44     2
   15    25     2
   16     2     2
    0    23     3
    1     7     3
    2    19     3
    3    30     3
    4    36     3
    5     3     3
    6    41     3
    7    18     3
    8    12     3
    9    45     3
   10    34     3
   11    35     3
-1 -1 -1
dados_trab_4_50_nonstruc_release_facil_02   time:      1.785  fo:     894.00
