dados_trab_4_50_nonstruc_release_facil_05 4 50 e
    0    29     0
    1    28     0
    2    23     0
    3    17     0
    4    39     0
    5    15     0
    6    20     0
    7    35     0
    8    43     0
    0    37     1
    1    31     1
    2    18     1
    3     4     1
    4    16     1
    5    24     1
    6    12     1
    7     1     1
    8    49     1
    9    46     1
   10     3     1
   11     8     1
   12    22     1
    0    27     2
    1    10     2
    2    47     2
    3    36     2
    4     6     2
    5    44     2
    6     5     2
    7    25     2
    8    32     2
    9    13     2
   10    48     2
   11    21     2
   12    34     2
   13    19     2
    0     2     3
    1    42     3
    2    14     3
    3    40     3
    4    41     3
    5     9     3
    6    33     3
    7    11     3
    8     0     3
    9    38     3
   10    26     3
   11    45     3
   12     7     3
   13    30     3
-1 -1 -1
dados_trab_4_50_nonstruc_release_facil_05   time:      2.511  fo:     976.00
