dados_trab_4_50_nonstruc_release_facil_10 4 50 e
    0    43     0
    1     5     0
    2    21     0
    3    34     0
    4    29     0
    5     3     0
    6    15     0
    7    13     0
    8    12     0
    9    20     0
   10    45     0
   11     1     0
    0    30     1
    1    37     1
    2    32     1
    3     0     1
    4     2     1
    5    24     1
    6    17     1
    7    44     1
    8    28     1
    9    36     1
   10    40     1
   11     6     1
   12    38     1
    0    33     2
    1     4     2
    2    39     2
    3    25     2
    4     7     2
    5    35     2
    6    27     2
    7    41     2
    8    14     2
    9    22     2
   10    23     2
   11    10     2
   12    26     2
    0    16     3
    1    49     3
    2    47     3
    3    31     3
    4     8     3
    5    46     3
    6    11     3
    7    48     3
    8     9     3
    9    42     3
   10    19     3
   11    18     3
-1 -1 -1
dados_trab_4_50_nonstruc_release_facil_10   time:      2.983  fo:     792.00
