dados_trab_4_50_nonstruc_release_facil_07 4 50 e
    0    32     0
    1     5     0
    2     9     0
    3    21     0
    4    35     0
    5     2     0
    6    43     0
    7    39     0
    8    10     0
    9    29     0
   10    31     0
   11    14     0
   12    33     0
   13    36     0
   14    45     0
    0    48     1
    1    16     1
    2    28     1
    3    17     1
    4    22     1
    5    47     1
    6    12     1
    7     6     1
    8    30     1
    9     8     1
    0    20     2
    1    13     2
    2    44     2
    3    23     2
    4    19     2
    5     1     2
    6    41     2
    7    46     2
    8     4     2
    9    40     2
   10    34     2
    0    18     3
    1    15     3
    2     0     3
    3    49     3
    4    42     3
    5    26     3
    6     7     3
    7    11     3
    8    27     3
    9    24     3
   10    37     3
   11    38     3
   12    25     3
   13     3     3
-1 -1 -1
dados_trab_4_50_nonstruc_release_facil_07   time:      1.852  fo:     980.00
