dados_trab_4_50_nonstruc_release_facil_04 4 50 e
    0    28     0
    1     6     0
    2    30     0
    3    32     0
    4    12     0
    5    13     0
    6     2     0
    7    48     0
    8     5     0
    9    27     0
   10     4     0
   11    31     0
    0    15     1
    1    36     1
    2    44     1
    3    40     1
    4    34     1
    5    35     1
    6    29     1
    7    42     1
    8    19     1
    9     3     1
   10    20     1
   11    49     1
   12    45     1
   13    33     1
   14    41     1
   15    25     1
    0    14     2
    1    46     2
    2    39     2
    3    17     2
    4    43     2
    5    16     2
    6    18     2
    7    26     2
    8    38     2
    9    23     2
   10     7     2
    0    37     3
    1     1     3
    2    22     3
    3    10     3
    4     0     3
    5    47     3
    6    11     3
    7     9     3
    8    24     3
    9    21     3
   10     8     3
-1 -1 -1
dados_trab_4_50_nonstruc_release_facil_04   time:      1.953  fo:     789.00
