dados_trab_4_50_nonstruc_release_facil_07 4 50 e
    0    32     0
    1     9     0
    2    15     0
    3     5     0
    4    16     0
    5    28     0
    6    39     0
    7     2     0
    8     6     0
    9    33     0
   10    36     0
   11    14     0
   12    29     0
   13    45     0
    0    18     1
    1    48     1
    2    13     1
    3     0     1
    4    49     1
    5    21     1
    6    12     1
    7    35     1
    8     7     1
    9    46     1
   10    31     1
   11    30     1
   12     8     1
    0    17     2
    1    19     2
    2    42     2
    3    44     2
    4    11     2
    5    27     2
    6    24     2
    7    37     2
    8    38     2
    9    25     2
   10     3     2
    0    41     3
    1    20     3
    2    26     3
    3    43     3
    4     1     3
    5    10     3
    6    23     3
    7    22     3
    8    47     3
    9     4     3
   10    40     3
   11    34     3
-1 -1 -1
dados_trab_4_50_nonstruc_release_facil_07   time:      3.387  fo:     961.00
