dados_trab_4_50_nonstruc_release_facil_02 4 50 e
    0    23     0
    1    20     0
    2     4     0
    3    28     0
    4    29     0
    5    40     0
    6    38     0
    7    49     0
    8    21     0
    9    39     0
   10    27     0
   11    48     0
   12    33     0
   13     2     0
    0     1     1
    1    24     1
    2     7     1
    3     6     1
    4    36     1
    5    41     1
    6    25     1
    7    42     1
    8    18     1
    9    35     1
    0    47     2
    1    26     2
    2    16     2
    3    11     2
    4     0     2
    5    14     2
    6    22     2
    7     8     2
    8     9     2
    9    44     2
   10    43     2
   11    37     2
    0    19     3
    1    15     3
    2    31     3
    3    32     3
    4    10     3
    5    30     3
    6    17     3
    7    13     3
    8     3     3
    9    46     3
   10     5     3
   11    12     3
   12    45     3
   13    34     3
-1 -1 -1
dados_trab_4_50_nonstruc_release_facil_02   time:      2.813  fo:     888.00
