dados_trab_4_50_nonstruc_release_facil_06 4 50 e
    0    36     0
    1    45     0
    2    19     0
    3    34     0
    4     5     0
    5    29     0
    6    21     0
    7     3     0
    8    12     0
    9    41     0
    0     0     1
    1     2     1
    2     4     1
    3     6     1
    4    33     1
    5    42     1
    6    26     1
    7    49     1
    8    31     1
    9    24     1
   10     1     1
   11    27     1
   12     8     1
    0    47     2
    1    10     2
    2    18     2
    3    37     2
    4    43     2
    5    40     2
    6    35     2
    7    38     2
    8     7     2
    9    46     2
   10    44     2
   11    15     2
   12    11     2
   13    13     2
    0    32     3
    1    23     3
    2     9     3
    3    48     3
    4    30     3
    5    17     3
    6    22     3
    7    16     3
    8    28     3
    9    25     3
   10    20     3
   11    14     3
   12    39     3
-1 -1 -1
dados_trab_4_50_nonstruc_release_facil_06   time:      2.063  fo:     931.00
