dados_trab_4_50_nonstruc_release_facil_04 4 50 e
    0    36     0
    1    44     0
    2    37     0
    3     4     0
    4    16     0
    5     2     0
    6    42     0
    7    48     0
    8     5     0
    9    27     0
   10     1     0
   11    31     0
    0    14     1
    1    39     1
    2    35     1
    3    34     1
    4     6     1
    5    30     1
    6    22     1
    7    15     1
    8    24     1
    9    21     1
   10    13     1
   11    20     1
   12     0     1
   13    47     1
   14    11     1
   15     7     1
    0    46     2
    1    17     2
    2    29     2
    3    40     2
    4    32     2
    5    12     2
    6    38     2
    7     9     2
    8    23     2
    9    41     2
   10    25     2
    0    28     3
    1    43     3
    2    18     3
    3    26     3
    4    19     3
    5     3     3
    6    10     3
    7    33     3
    8    45     3
    9    49     3
   10     8     3
-1 -1 -1
dados_trab_4_50_nonstruc_release_facil_04   time:      3.793  fo:     784.00
