dados_trab_4_50_nonstruc_release_facil_09 4 50 e
    0    22     0
    1    46     0
    2    39     0
    3     2     0
    4    12     0
    5     4     0
    6    16     0
    7     8     0
    8     0     0
    9    25     0
   10    26     0
   11     7     0
    0     9     1
    1     3     1
    2    37     1
    3    48     1
    4    42     1
    5    30     1
    6    21     1
    7    34     1
    8     1     1
    9    14     1
    0     6     2
    1    20     2
    2    24     2
    3    49     2
    4    32     2
    5    43     2
    6    27     2
    7    23     2
    8    36     2
    9    19     2
   10    33     2
   11    38     2
   12    44     2
   13    45     2
   14    10     2
    0    47     3
    1    35     3
    2    18     3
    3    31     3
    4    11     3
    5    41     3
    6    13     3
    7    29     3
    8    17     3
    9    15     3
   10     5     3
   11    40     3
   12    28     3
-1 -1 -1
dados_trab_4_50_nonstruc_release_facil_09   time:      2.896  fo:     894.00
