dados_trab_4_50_nonstruc_release_facil_08 4 50 e
    0    12     0
    1     8     0
    2    18     0
    3    47     0
    4    41     0
    5    19     0
    6     3     0
    7    25     0
    8     2     0
    9    28     0
   10    26     0
    0    39     1
    1    15     1
    2    21     1
    3    43     1
    4    24     1
    5    33     1
    6     0     1
    7    40     1
    8    38     1
    9    34     1
   10    11     1
   11    14     1
    0    20     2
    1    13     2
    2    44     2
    3    32     2
    4     9     2
    5    48     2
    6    27     2
    7    10     2
    8    37     2
    9    42     2
   10     5     2
   11     1     2
   12    17     2
   13     4     2
    0    49     3
    1    23     3
    2     6     3
    3     7     3
    4    29     3
    5    36     3
    6    31     3
    7    46     3
    8    35     3
    9    16     3
   10    45     3
   11    30     3
   12    22     3
-1 -1 -1
dados_trab_4_50_nonstruc_release_facil_08   time:      2.257  fo:     758.00
