dados_trab_4_50_nonstruc_release_facil_05 4 50 e
    0    31     0
    1    18     0
    2    10     0
    3    47     0
    4    29     0
    5    24     0
    6    12     0
    7     1     0
    8    49     0
    9    26     0
   10    48     0
   11    39     0
   12    35     0
   13    17     0
    0     2     1
    1    23     1
    2    14     1
    3    21     1
    4    45     1
    5    42     1
    6    13     1
    7    43     1
    8    34     1
    9    22     1
    0    27     2
    1     4     2
    2    28     2
    3    36     2
    4    44     2
    5     9     2
    6    33     2
    7    11     2
    8    19     2
    9    25     2
   10     5     2
   11    15     2
   12    20     2
   13     3     2
   14     8     2
    0    41     3
    1    16     3
    2     0     3
    3    40     3
    4    37     3
    5    32     3
    6    38     3
    7     6     3
    8    46     3
    9     7     3
   10    30     3
-1 -1 -1
dados_trab_4_50_nonstruc_release_facil_05   time:      3.801  fo:     984.00
