dados_trab_4_50_nonstruc_release_facil_09 4 50 e
    0     0     0
    1    10     0
    2    30     0
    3    21     0
    4    26     0
    5     7     0
    6    42     0
    7    43     0
    8    27     0
    9     1     0
    0    22     1
    1    15     1
    2    12     1
    3     9     1
    4    49     1
    5    32     1
    6     2     1
    7    48     1
    8    44     1
    9    11     1
   10    17     1
   11    25     1
   12    28     1
    0    47     2
    1     4     2
    2    16     2
    3    18     2
    4    23     2
    5    37     2
    6     3     2
    7    38     2
    8    41     2
    9    13     2
   10    14     2
   11    46     2
   12    33     2
    0     6     3
    1    20     3
    2    24     3
    3    39     3
    4     5     3
    5    40     3
    6    36     3
    7    19     3
    8    29     3
    9    45     3
   10    34     3
   11     8     3
   12    35     3
   13    31     3
-1 -1 -1
dados_trab_4_50_nonstruc_release_facil_09   time:      2.747  fo:     909.00
