dados_trab_4_50_nonstruc_release_facil_03 4 50 e
    0    27     0
    1    36     0
    2    30     0
    3     1     0
    4     9     0
    5    20     0
    6    15     0
    7    48     0
    8    17     0
    9    22     0
    0    35     1
    1     8     1
    2    29     1
    3    12     1
    4    31     1
    5    37     1
    6    49     1
    7    41     1
    8    40     1
    9    13     1
   10    47     1
   11    24     1
   12    32     1
   13    45     1
   14    18     1
   15    21     1
    0    19     2
    1    46     2
    2    38     2
    3     2     2
    4     3     2
    5     7     2
    6     4     2
    7    26     2
    8     0     2
    9    44     2
   10    16     2
    0    11     3
    1    28     3
    2    39     3
    3    14     3
    4    42     3
    5     5     3
    6    43     3
    7    23     3
    8    34     3
    9    25     3
   10     6     3
   11    10     3
   12    33     3
-1 -1 -1
dados_trab_4_50_nonstruc_release_facil_03   time:      3.522  fo:     853.00
