dados_trab_5_30_nonstruc_release_facil_05 5 30 e
    0    22     0
    1    20     0
    2    23     0
    3    29     0
    4    28     0
    5    21     0
    6     4     0
    0    27     1
    1    13     1
    2     1     1
    3    18     1
    4    19     1
    5    17     1
    0    10     2
    1    14     2
    2     8     2
    3     9     2
    0     2     3
    1    25     3
    2    12     3
    3     3     3
    4    26     3
    0     5     4
    1     6     4
    2    24     4
    3     0     4
    4    15     4
    5    11     4
    6     7     4
    7    16     4
-1 -1 -1
dados_trab_5_30_nonstruc_release_facil_05   time:      0.699  fo:     391.00
