dados_trab_5_30_nonstruc_release_facil_01 5 30 e
    0    15     0
    1    26     0
    2    29     0
    3    28     0
    4     9     0
    5    23     0
    0    16     1
    1    14     1
    2    27     1
    3    22     1
    4    17     1
    5    18     1
    6     4     1
    7     8     1
    8     3     1
    0    13     2
    1    20     2
    2     2     2
    3     1     2
    0    19     3
    1     5     3
    2     6     3
    3    21     3
    4     0     3
    5    11     3
    0    24     4
    1    25     4
    2    12     4
    3     7     4
    4    10     4
-1 -1 -1
dados_trab_5_30_nonstruc_release_facil_01   time:      1.288  fo:     313.00
