dados_trab_5_30_nonstruc_release_facil_07 5 30 e
    0    12     0
    1    28     0
    2    14     0
    3    22     0
    4     4     0
    0    29     1
    1    21     1
    2    27     1
    3     2     1
    4    16     1
    5    23     1
    6    13     1
    7    17     1
    0    11     2
    1     0     2
    2     1     2
    3     5     2
    4    24     2
    0    25     3
    1    26     3
    2    19     3
    3    10     3
    4     8     3
    5     7     3
    6     6     3
    0     3     4
    1    20     4
    2    15     4
    3     9     4
    4    18     4
-1 -1 -1
dados_trab_5_30_nonstruc_release_facil_07   time:      1.138  fo:     469.00
