dados_trab_5_30_nonstruc_release_facil_08 5 30 e
    0     6     0
    1    28     0
    2    17     0
    3     1     0
    4    14     0
    0     8     1
    1    26     1
    2     2     1
    3    11     1
    4     3     1
    5    10     1
    0    18     2
    1    15     2
    2    19     2
    3     7     2
    0    22     3
    1    16     3
    2     0     3
    3     5     3
    4    20     3
    5    29     3
    6     4     3
    7    24     3
    0    25     4
    1    27     4
    2    21     4
    3    23     4
    4    12     4
    5    13     4
    6     9     4
-1 -1 -1
dados_trab_5_30_nonstruc_release_facil_08   time:      0.947  fo:     489.00
