dados_trab_5_30_nonstruc_release_facil_04 5 30 e
    0     1     0
    1    27     0
    2    12     0
    3     4     0
    4    26     0
    0    23     1
    1     8     1
    2    24     1
    3    19     1
    4     7     1
    5    25     1
    0    21     2
    1     6     2
    2    29     2
    3    11     2
    4    18     2
    5    17     2
    0     5     3
    1     2     3
    2    10     3
    3     0     3
    4    16     3
    0    14     4
    1    13     4
    2    20     4
    3    15     4
    4    22     4
    5    28     4
    6     3     4
    7     9     4
-1 -1 -1
dados_trab_5_30_nonstruc_release_facil_04   time:      0.699  fo:     467.00
