dados_trab_5_30_nonstruc_release_facil_10 5 30 e
    0    18     0
    1    15     0
    2     8     0
    0    29     1
    1    14     1
    2    23     1
    3    12     1
    4     2     1
    5    11     1
    6    28     1
    7     7     1
    0    20     2
    1    13     2
    2    24     2
    3    21     2
    4    10     2
    5    19     2
    6    17     2
    7     9     2
    8     3     2
    0    16     3
    1     0     3
    2    22     3
    3    25     3
    4     1     3
    0    27     4
    1     6     4
    2    26     4
    3     5     4
    4     4     4
-1 -1 -1
dados_trab_5_30_nonstruc_release_facil_10   time:      0.571  fo:     423.00
