dados_trab_5_30_nonstruc_release_facil_04 5 30 e
    0    13     0
    1    14     0
    2     8     0
    3    22     0
    4    26     0
    0     5     1
    1     2     1
    2    10     1
    3     0     1
    4    25     1
    0    11     2
    1    18     2
    2    12     2
    3    21     2
    4     6     2
    5    16     2
    0    23     3
    1    15     3
    2    24     3
    3    19     3
    4     7     3
    5     4     3
    6    17     3
    0     1     4
    1    27     4
    2    29     4
    3    20     4
    4    28     4
    5     3     4
    6     9     4
-1 -1 -1
dados_trab_5_30_nonstruc_release_facil_04   time:      0.600  fo:     481.00
