dados_trab_5_30_nonstruc_release_facil_06 5 30 e
    0     0     0
    1    24     0
    2     9     0
    3     5     0
    4     7     0
    5    21     0
    6    18     0
    0     4     1
    1    27     1
    2    28     1
    3    23     1
    4    25     1
    5    29     1
    0    16     2
    1    22     2
    2    13     2
    3     8     2
    4    26     2
    5    11     2
    0    19     3
    1    10     3
    2    14     3
    3    17     3
    4     2     3
    5     1     3
    0     3     4
    1     6     4
    2    20     4
    3    15     4
    4    12     4
-1 -1 -1
dados_trab_5_30_nonstruc_release_facil_06   time:      0.552  fo:     466.00
