dados_trab_5_30_nonstruc_release_facil_01 5 30 e
    0    13     0
    1    20     0
    2     2     0
    3     1     0
    4     4     0
    5     8     0
    0    15     1
    1    26     1
    2    29     1
    3    16     1
    4    28     1
    5     9     1
    6    23     1
    0    24     2
    1    25     2
    2    12     2
    3    18     2
    4     7     2
    5    10     2
    0    19     3
    1    14     3
    2    27     3
    3    22     3
    4    17     3
    5     3     3
    0     5     4
    1     6     4
    2    21     4
    3     0     4
    4    11     4
-1 -1 -1
dados_trab_5_30_nonstruc_release_facil_01   time:      0.867  fo:     325.00
