dados_trab_5_30_nonstruc_release_facil_09 5 30 e
    0    13     0
    1     9     0
    2     5     0
    3    17     0
    4    15     0
    0    20     1
    1     7     1
    2     4     1
    3    29     1
    4     8     1
    5     2     1
    6    16     1
    7     0     1
    8    21     1
    0    22     2
    1     3     2
    2    14     2
    3    24     2
    4     1     2
    0    25     3
    1    12     3
    2    18     3
    3    19     3
    4    28     3
    5     6     3
    0    23     4
    1    27     4
    2    10     4
    3    11     4
    4    26     4
-1 -1 -1
dados_trab_5_30_nonstruc_release_facil_09   time:      0.595  fo:     429.00
