dados_trab_5_30_nonstruc_release_facil_10 5 30 e
    0    27     0
    1    12     0
    2     1     0
    3    10     0
    4     3     0
    0    20     1
    1    13     1
    2    18     1
    3    25     1
    4    24     1
    0    29     2
    1    14     2
    2    23     2
    3    15     2
    4     8     2
    0    16     3
    1    21     3
    2    11     3
    3     2     3
    4    26     3
    5    19     3
    6     4     3
    0     6     4
    1     0     4
    2    22     4
    3     7     4
    4    28     4
    5    17     4
    6     9     4
    7     5     4
-1 -1 -1
dados_trab_5_30_nonstruc_release_facil_10   time:      0.696  fo:     406.00
