dados_trab_5_30_nonstruc_release_facil_06 5 30 e
    0     0     0
    1    24     0
    2     9     0
    3    20     0
    4    15     0
    5    12     0
    0    19     1
    1     4     1
    2     3     1
    3    23     1
    4     5     1
    5     1     1
    0     6     2
    1    26     2
    2    22     2
    3    13     2
    4    21     2
    5    27     2
    6    18     2
    0    10     3
    1    14     3
    2    17     3
    3     2     3
    4    29     3
    0    16     4
    1    28     4
    2     7     4
    3     8     4
    4    11     4
    5    25     4
-1 -1 -1
dados_trab_5_30_nonstruc_release_facil_06   time:      0.666  fo:     453.00
