dados_trab_5_30_nonstruc_release_facil_08 5 30 e
    0     8     0
    1     0     0
    2     5     0
    3    20     0
    4    29     0
    5     4     0
    6    24     0
    0    23     1
    1    18     1
    2    27     1
    3    21     1
    4    12     1
    5    14     1
    0    22     2
    1    16     2
    2    28     2
    3    17     2
    4     1     2
    5     9     2
    6     3     2
    0    25     3
    1     2     3
    2    11     3
    3    13     3
    4    10     3
    0     6     4
    1    15     4
    2    19     4
    3    26     4
    4     7     4
-1 -1 -1
dados_trab_5_30_nonstruc_release_facil_08   time:      0.599  fo:     491.00
