dados_trab_5_30_nonstruc_release_facil_04 5 30 e
    0    14     0
    1     8     0
    2    27     0
    3    12     0
    4    21     0
    5     6     0
    6    16     0
    0    23     1
    1    24     1
    2    19     1
    3     7     1
    4    25     1
    0    13     2
    1     2     2
    2    20     2
    3    28     2
    4     4     2
    5     0     2
    6    17     2
    0     5     3
    1    18     3
    2    29     3
    3    10     3
    4     3     3
    5     9     3
    0     1     4
    1    11     4
    2    15     4
    3    22     4
    4    26     4
-1 -1 -1
dados_trab_5_30_nonstruc_release_facil_04   time:      1.026  fo:     482.00
