dados_trab_5_30_nonstruc_release_facil_05 5 30 e
    0     5     0
    1     6     0
    2    24     0
    3     0     0
    4    25     0
    5     7     0
    6    16     0
    0    10     1
    1    14     1
    2    15     1
    3    11     1
    4    26     1
    5     4     1
    0    27     2
    1    13     2
    2     1     2
    3    18     2
    4    12     2
    5     3     2
    6    29     2
    7    17     2
    0    22     3
    1    20     3
    2    23     3
    3    21     3
    4    28     3
    0     2     4
    1    19     4
    2     8     4
    3     9     4
-1 -1 -1
dados_trab_5_30_nonstruc_release_facil_05   time:      1.083  fo:     392.00
