dados_trab_5_30_nonstruc_release_facil_07 5 30 e
    0    25     0
    1    26     0
    2    19     0
    3     0     0
    4    10     0
    0    29     1
    1    21     1
    2    27     1
    3    14     1
    4    16     1
    5    22     1
    6     4     1
    0    12     2
    1    28     2
    2     2     2
    3    15     2
    4    23     2
    5    13     2
    6    17     2
    0     3     3
    1    20     3
    2    18     3
    3     5     3
    4    24     3
    0    11     4
    1     1     4
    2     9     4
    3     8     4
    4     7     4
    5     6     4
-1 -1 -1
dados_trab_5_30_nonstruc_release_facil_07   time:      0.592  fo:     488.00
