dados_trab_5_30_nonstruc_release_facil_08 5 30 e
    0    22     0
    1    16     0
    2     0     0
    3     5     0
    4    20     0
    5    21     0
    6     4     0
    7    24     0
    8     9     0
    0     6     1
    1    15     1
    2    19     1
    3     1     1
    4    12     1
    5     3     1
    0    23     2
    1    18     2
    2    27     2
    3    17     2
    4     7     2
    0     8     3
    1    26     3
    2    29     3
    3    28     3
    4    14     3
    0    25     4
    1     2     4
    2    11     4
    3    13     4
    4    10     4
-1 -1 -1
dados_trab_5_30_nonstruc_release_facil_08   time:      1.230  fo:     482.00
