dados_trab_5_30_nonstruc_release_facil_08 5 30 e
    0    22     0
    1    16     0
    2    19     0
    3     1     0
    4    12     0
    5    14     0
    0    18     1
    1    27     1
    2    21     1
    3    17     1
    4    24     1
    0     8     2
    1    26     2
    2    29     2
    3    28     2
    4     7     2
    0    25     3
    1     2     3
    2    11     3
    3    13     3
    4     9     3
    5     3     3
    0     6     4
    1    15     4
    2     5     4
    3    23     4
    4     0     4
    5    20     4
    6     4     4
    7    10     4
-1 -1 -1
dados_trab_5_30_nonstruc_release_facil_08   time:      0.625  fo:     489.00
