dados_trab_5_40_nonstruc_release_facil_01 5 40 e
    0    15     0
    1    18     0
    2     3     0
    3    13     0
    4    17     0
    5    22     0
    6    14     0
    7    28     0
    8    39     0
    9    24     0
    0    19     1
    1     4     1
    2     6     1
    3    20     1
    4    25     1
    5    38     1
    6    27     1
    7    26     1
    0    37     2
    1    36     2
    2     0     2
    3    12     2
    4    34     2
    5     8     2
    6    21     2
    7    11     2
    0    10     3
    1    16     3
    2    31     3
    3    30     3
    4     7     3
    5    35     3
    0     1     4
    1     2     4
    2     5     4
    3    29     4
    4    33     4
    5    23     4
    6    32     4
    7     9     4
-1 -1 -1
dados_trab_5_40_nonstruc_release_facil_01   time:      0.888  fo:     566.00
