dados_trab_5_40_nonstruc_release_facil_07 5 40 e
    0    29     0
    1    18     0
    2     4     0
    3    33     0
    4     2     0
    5    36     0
    6    39     0
    0    10     1
    1     7     1
    2    16     1
    3     8     1
    4    22     1
    5    38     1
    6    11     1
    7     3     1
    8    15     1
    0     0     2
    1    14     2
    2    32     2
    3    31     2
    4     1     2
    5    34     2
    6    17     2
    7    27     2
    0    35     3
    1    12     3
    2    28     3
    3     6     3
    4     5     3
    5    19     3
    6    24     3
    0    26     4
    1    30     4
    2    37     4
    3    21     4
    4     9     4
    5    25     4
    6    13     4
    7    20     4
    8    23     4
-1 -1 -1
dados_trab_5_40_nonstruc_release_facil_07   time:      1.105  fo:     568.00
