dados_trab_5_40_nonstruc_release_facil_02 5 40 e
    0    35     0
    1    21     0
    2     4     0
    3    10     0
    4    26     0
    5    12     0
    6     7     0
    7     5     0
    0    17     1
    1    29     1
    2    34     1
    3    27     1
    4     1     1
    5    37     1
    6     3     1
    7    19     1
    0    33     2
    1     9     2
    2    30     2
    3    32     2
    4    36     2
    5    15     2
    6    22     2
    7    23     2
    0     0     3
    1    25     3
    2     2     3
    3    20     3
    4    28     3
    5    16     3
    6    14     3
    7    13     3
    0    31     4
    1    24     4
    2     8     4
    3    38     4
    4    11     4
    5     6     4
    6    18     4
    7    39     4
-1 -1 -1
dados_trab_5_40_nonstruc_release_facil_02   time:      1.132  fo:     542.00
