dados_trab_5_40_nonstruc_release_facil_10 5 40 e
    0    32     0
    1    13     0
    2     5     0
    3    23     0
    4    28     0
    0    35     1
    1    33     1
    2    12     1
    3    18     1
    4     1     1
    5    11     1
    6     8     1
    7    26     1
    8    30     1
    9    39     1
    0     9     2
    1     4     2
    2    14     2
    3    21     2
    4    20     2
    5    16     2
    6    27     2
    0    25     3
    1    10     3
    2    29     3
    3    34     3
    4     7     3
    5    24     3
    6    37     3
    7     0     3
    8    31     3
    9    15     3
    0    19     4
    1    36     4
    2     6     4
    3    17     4
    4    22     4
    5     3     4
    6     2     4
    7    38     4
-1 -1 -1
dados_trab_5_40_nonstruc_release_facil_10   time:      1.805  fo:     500.00
