dados_trab_5_40_nonstruc_release_facil_10 5 40 e
    0    19     0
    1    13     0
    2    36     0
    3    34     0
    4    17     0
    5    22     0
    6     3     0
    7     2     0
    0    25     1
    1    10     1
    2    12     1
    3     5     1
    4    18     1
    5    30     1
    6    39     1
    7    26     1
    8     0     1
    9    38     1
    0    35     2
    1    33     2
    2    14     2
    3    21     2
    4    20     2
    5    31     2
    6    15     2
    0    32     3
    1     6     3
    2    23     3
    3     1     3
    4    11     3
    5     8     3
    6    28     3
    0     9     4
    1     4     4
    2    29     4
    3     7     4
    4    24     4
    5    37     4
    6    16     4
    7    27     4
-1 -1 -1
dados_trab_5_40_nonstruc_release_facil_10   time:      1.820  fo:     502.00
