dados_trab_5_40_nonstruc_release_facil_04 5 40 e
    0    30     0
    1     9     0
    2    35     0
    3    22     0
    4    18     0
    5     8     0
    6    17     0
    7     7     0
    8    15     0
    0    37     1
    1    11     1
    2    31     1
    3     2     1
    4    10     1
    5    28     1
    0     1     2
    1    33     2
    2    38     2
    3    26     2
    4     3     2
    5     5     2
    6    32     2
    7    19     2
    8     6     2
    9    14     2
    0     0     3
    1    23     3
    2    16     3
    3    20     3
    4    21     3
    5    39     3
    6     4     3
    7    25     3
    0    36     4
    1    27     4
    2    12     4
    3    13     4
    4    34     4
    5    29     4
    6    24     4
-1 -1 -1
dados_trab_5_40_nonstruc_release_facil_04   time:      1.263  fo:     582.00
