dados_trab_5_40_nonstruc_release_facil_09 5 40 e
    0     8     0
    1    38     0
    2    21     0
    3    17     0
    4    24     0
    5     1     0
    6    16     0
    7     4     0
    0    14     1
    1    28     1
    2    18     1
    3    13     1
    4     3     1
    5    31     1
    6    15     1
    7    23     1
    0    22     2
    1    26     2
    2     2     2
    3     5     2
    4    27     2
    5    34     2
    6    35     2
    0     6     3
    1    10     3
    2    37     3
    3     7     3
    4    20     3
    5    12     3
    6     0     3
    7    32     3
    0    19     4
    1    25     4
    2    39     4
    3    30     4
    4    33     4
    5    29     4
    6    36     4
    7    11     4
    8     9     4
-1 -1 -1
dados_trab_5_40_nonstruc_release_facil_09   time:      1.161  fo:     667.00
