dados_trab_5_40_nonstruc_release_facil_10 5 40 e
    0    19     0
    1    36     0
    2    34     0
    3    17     0
    4    11     0
    5     8     0
    6    26     0
    7    13     0
    0    35     1
    1    33     1
    2     5     1
    3    24     1
    4    37     1
    5    12     1
    6     7     1
    7    18     1
    8    38     1
    0     9     2
    1     4     2
    2    14     2
    3    21     2
    4    20     2
    5     0     2
    6    31     2
    7    15     2
    0    23     3
    1    28     3
    2    30     3
    3    39     3
    4    16     3
    5    27     3
    0    25     4
    1    29     4
    2    10     4
    3    32     4
    4     6     4
    5    22     4
    6     1     4
    7     3     4
    8     2     4
-1 -1 -1
dados_trab_5_40_nonstruc_release_facil_10   time:      1.224  fo:     499.00
