dados_trab_5_40_nonstruc_release_facil_09 5 40 e
    0     6     0
    1    28     0
    2    10     0
    3    11     0
    4    36     0
    5    29     0
    6    17     0
    7     9     0
    0    19     1
    1    26     1
    2    37     1
    3    39     1
    4    18     1
    5    31     1
    6    15     1
    7    23     1
    8     4     1
    0    22     2
    1    24     2
    2    12     2
    3     0     2
    4    32     2
    0     8     3
    1    38     3
    2    21     3
    3    30     3
    4    33     3
    5     3     3
    6    13     3
    7    34     3
    8    35     3
    0    14     4
    1    25     4
    2     7     4
    3    20     4
    4     2     4
    5     5     4
    6    27     4
    7    16     4
    8     1     4
-1 -1 -1
dados_trab_5_40_nonstruc_release_facil_09   time:      3.154  fo:     669.00
