dados_trab_5_40_nonstruc_release_facil_09 5 40 e
    0     6     0
    1    10     0
    2    21     0
    3    39     0
    4    37     0
    5    31     0
    6    12     0
    7     9     0
    0    19     1
    1    30     1
    2    26     1
    3    27     1
    4    20     1
    5    34     1
    6    23     1
    0    14     2
    1    25     2
    2    38     2
    3     8     2
    4    17     2
    5     2     2
    6    29     2
    7     1     2
    8    16     2
    9    36     2
   10     5     2
   11    11     2
    0    28     3
    1    18     3
    2    13     3
    3     3     3
    4    33     3
    5    15     3
    6     4     3
    7    35     3
    0    22     4
    1    24     4
    2     7     4
    3     0     4
    4    32     4
-1 -1 -1
dados_trab_5_40_nonstruc_release_facil_09   time:      2.007  fo:     663.00
