dados_trab_5_40_nonstruc_release_facil_09 5 40 e
    0     8     0
    1    38     0
    2    21     0
    3    17     0
    4    36     0
    5     5     0
    6    11     0
    7    27     0
    8     0     0
    9    32     0
    0    19     1
    1    25     1
    2    39     1
    3    30     1
    4    33     1
    5     1     1
    6     9     1
    0    14     2
    1    26     2
    2    37     2
    3     7     2
    4    20     2
    5     2     2
    6    29     2
    7    12     2
    8    15     2
    9    23     2
    0    22     3
    1    24     3
    2     3     3
    3    16     3
    4     4     3
    0     6     4
    1    28     4
    2    18     4
    3    13     4
    4    10     4
    5    31     4
    6    34     4
    7    35     4
-1 -1 -1
dados_trab_5_40_nonstruc_release_facil_09   time:      1.795  fo:     658.00
