dados_trab_5_40_nonstruc_release_facil_01 5 40 e
    0     1     0
    1    17     0
    2    22     0
    3    31     0
    4    30     0
    5    13     0
    6    38     0
    7     4     0
    8    19     0
    0     3     1
    1    14     1
    2    34     1
    3     8     1
    4     9     1
    5    39     1
    6    24     1
    0    15     2
    1     2     2
    2     5     2
    3    18     2
    4     6     2
    5    20     2
    6    25     2
    7    26     2
    8    35     2
    0    10     3
    1    16     3
    2    33     3
    3    12     3
    4    28     3
    5    23     3
    6    32     3
    7    27     3
    0    37     4
    1    36     4
    2     0     4
    3     7     4
    4    29     4
    5    21     4
    6    11     4
-1 -1 -1
dados_trab_5_40_nonstruc_release_facil_01   time:      1.133  fo:     576.00
