dados_trab_5_40_nonstruc_release_facil_01 5 40 e
    0    37     0
    1    36     0
    2     0     0
    3    17     0
    4    22     0
    5     8     0
    6    21     0
    7    11     0
    0    10     1
    1    14     1
    2    12     1
    3    28     1
    4    13     1
    5    38     1
    6    27     1
    0     1     2
    1    18     2
    2     3     2
    3    31     2
    4    30     2
    5     7     2
    6    34     2
    7    16     2
    0    24     3
    1    19     3
    2    33     3
    3     4     3
    4     6     3
    5    20     3
    6    25     3
    7    26     3
    8    35     3
    0    15     4
    1     2     4
    2     5     4
    3    29     4
    4    23     4
    5    32     4
    6     9     4
    7    39     4
-1 -1 -1
dados_trab_5_40_nonstruc_release_facil_01   time:      0.916  fo:     557.00
