dados_trab_5_50_nonstruc_release_facil_04 5 50 e
    0    36     0
    1    41     0
    2    47     0
    3    42     0
    4     0     0
    5    32     0
    6    21     0
    7    48     0
    8    29     0
    0    14     1
    1     6     1
    2    40     1
    3    27     1
    4    17     1
    5    24     1
    6    15     1
    7     1     1
    8    28     1
    0    39     2
    1    11     2
    2    49     2
    3    46     2
    4    37     2
    5     2     2
    6    26     2
    7     3     2
    8    12     2
    0    38     3
    1    20     3
    2    23     3
    3    31     3
    4     4     3
    5    43     3
    6    10     3
    7    18     3
    8     5     3
    9     9     3
   10    13     3
   11    44     3
    0    35     4
    1    30     4
    2     7     4
    3    25     4
    4    16     4
    5    22     4
    6    45     4
    7    33     4
    8    19     4
    9     8     4
   10    34     4
-1 -1 -1
dados_trab_5_50_nonstruc_release_facil_04   time:      2.890  fo:     725.00
