dados_trab_5_50_nonstruc_release_facil_09 5 50 e
    0    41     0
    1     3     0
    2    40     0
    3     0     0
    4     5     0
    5     1     0
    6    37     0
    7    19     0
    8    49     0
    9    10     0
    0    35     1
    1    29     1
    2    15     1
    3    21     1
    4    16     1
    5    14     1
    6    42     1
    7    36     1
    8    18     1
    9     6     1
   10    23     1
    0    13     2
    1    26     2
    2    17     2
    3    27     2
    4    28     2
    5    48     2
    6    44     2
    0    12     3
    1    31     3
    2    46     3
    3     9     3
    4     7     3
    5    24     3
    6    38     3
    7    25     3
    8     2     3
    9    22     3
    0    43     4
    1    33     4
    2    39     4
    3    11     4
    4     4     4
    5    20     4
    6    47     4
    7    45     4
    8    34     4
    9    32     4
   10    30     4
   11     8     4
-1 -1 -1
dados_trab_5_50_nonstruc_release_facil_09   time:      2.108  fo:     708.00
