dados_trab_5_50_nonstruc_release_facil_08 5 50 e
    0    26     0
    1    19     0
    2    14     0
    3    41     0
    4    27     0
    5     3     0
    6    45     0
    7    44     0
    8    47     0
    9    33     0
   10    40     0
    0     4     1
    1    18     1
    2    39     1
    3    32     1
    4     9     1
    5    42     1
    6    15     1
    7    46     1
    8    11     1
    9    28     1
   10     7     1
   11    22     1
   12    38     1
    0     6     2
    1     5     2
    2    10     2
    3    43     2
    4    35     2
    5     8     2
    6    17     2
    7    20     2
    0    34     3
    1    23     3
    2    37     3
    3     1     3
    4    31     3
    5    48     3
    0    30     4
    1     2     4
    2    25     4
    3    13     4
    4    21     4
    5    12     4
    6     0     4
    7    49     4
    8    24     4
    9    36     4
   10    29     4
   11    16     4
-1 -1 -1
dados_trab_5_50_nonstruc_release_facil_08   time:      2.590  fo:     705.00
