dados_trab_5_50_nonstruc_release_facil_06 5 50 e
    0    47     0
    1     9     0
    2    12     0
    3    28     0
    4    18     0
    5     8     0
    6    45     0
    7    23     0
    0    41     1
    1     4     1
    2    14     1
    3     2     1
    4    40     1
    5    31     1
    6    37     1
    7    34     1
    8     7     1
    9    30     1
   10    13     1
   11    25     1
    0    19     2
    1    24     2
    2    46     2
    3    38     2
    4     1     2
    5     3     2
    6    27     2
    7    49     2
    8    10     2
    9     6     2
    0     0     3
    1    17     3
    2    42     3
    3     5     3
    4    43     3
    5    35     3
    6    29     3
    7    20     3
    8    11     3
    9    44     3
    0    48     4
    1    15     4
    2    21     4
    3    36     4
    4    22     4
    5    32     4
    6    33     4
    7    26     4
    8    16     4
    9    39     4
-1 -1 -1
dados_trab_5_50_nonstruc_release_facil_06   time:      2.111  fo:     727.00
