dados_trab_5_50_nonstruc_release_facil_06 5 50 e
    0    47     0
    1    41     0
    2    14     0
    3    46     0
    4    43     0
    5    32     0
    6    16     0
    7    45     0
    8    23     0
    0    48     1
    1     4     1
    2     2     1
    3    36     1
    4    27     1
    5    18     1
    6     5     1
    7     1     1
    8    22     1
    9    10     1
   10    39     1
    0    12     2
    1    35     2
    2    29     2
    3    49     2
    4    13     2
    5    25     2
    0    19     3
    1    24     3
    2    30     3
    3    15     3
    4     9     3
    5    21     3
    6     3     3
    7     7     3
    8     8     3
    9    44     3
    0     0     4
    1    42     4
    2    17     4
    3    40     4
    4    37     4
    5    31     4
    6    28     4
    7    34     4
    8    33     4
    9    26     4
   10    38     4
   11    20     4
   12    11     4
   13     6     4
-1 -1 -1
dados_trab_5_50_nonstruc_release_facil_06   time:      2.033  fo:     736.00
