dados_trab_5_50_nonstruc_release_facil_09 5 50 e
    0     3     0
    1    48     0
    2    13     0
    3     1     0
    4    37     0
    5    21     0
    6    38     0
    7    14     0
    8    42     0
    9    18     0
   10    36     0
   11    10     0
    0    43     1
    1     4     1
    2    35     1
    3    30     1
    4    27     1
    5    28     1
    6    49     1
    0    12     2
    1    31     2
    2    46     2
    3     9     2
    4    17     2
    5    25     2
    6    19     2
    7     2     2
    8    22     2
    0    41     3
    1    33     3
    2    39     3
    3     7     3
    4    34     3
    5    40     3
    6    32     3
    7     8     3
    8     5     3
    9     6     3
   10    23     3
    0    26     4
    1    15     4
    2    11     4
    3    29     4
    4    20     4
    5    47     4
    6    45     4
    7     0     4
    8    24     4
    9    16     4
   10    44     4
-1 -1 -1
dados_trab_5_50_nonstruc_release_facil_09   time:      2.195  fo:     708.00
