dados_trab_5_50_nonstruc_release_facil_07 5 50 e
    0    43     0
    1    48     0
    2    46     0
    3    38     0
    4     1     0
    5    18     0
    6    21     0
    7    23     0
    8    19     0
    9     6     0
   10    13     0
    0    25     1
    1    11     1
    2    42     1
    3     4     1
    4     2     1
    5    36     1
    6    28     1
    7    27     1
    0    32     2
    1     7     2
    2    47     2
    3    33     2
    4    40     2
    5    14     2
    6     5     2
    7    35     2
    8    44     2
    0    22     3
    1    26     3
    2    24     3
    3    15     3
    4    16     3
    5    10     3
    6     9     3
    7     3     3
    8    17     3
    9    45     3
   10    29     3
   11    37     3
   12    39     3
    0    49     4
    1    31     4
    2    30     4
    3     0     4
    4    12     4
    5    20     4
    6     8     4
    7    34     4
    8    41     4
-1 -1 -1
dados_trab_5_50_nonstruc_release_facil_07   time:      3.804  fo:     668.00
