dados_trab_5_50_nonstruc_release_facil_03 5 50 e
    0    40     0
    1     2     0
    2    43     0
    3     7     0
    4    42     0
    5     4     0
    6     8     0
    7    31     0
    8    37     0
    0    18     1
    1     5     1
    2    39     1
    3    27     1
    4    11     1
    5    41     1
    6    34     1
    7    33     1
    8    49     1
    9     9     1
    0    24     2
    1    46     2
    2    26     2
    3    14     2
    4    21     2
    5    13     2
    6    20     2
    7     1     2
    8     0     2
    9    25     2
   10    32     2
   11     6     2
   12    29     2
   13    17     2
    0    30     3
    1    10     3
    2    35     3
    3    28     3
    4    36     3
    5    15     3
    6    23     3
    7    22     3
    0    12     4
    1     3     4
    2    45     4
    3    48     4
    4    19     4
    5    38     4
    6    16     4
    7    47     4
    8    44     4
-1 -1 -1
dados_trab_5_50_nonstruc_release_facil_03   time:      1.754  fo:     685.00
