dados_trab_5_50_nonstruc_release_facil_02 5 50 e
    0    47     0
    1     5     0
    2    31     0
    3    22     0
    4     6     0
    5     3     0
    6     1     0
    7    35     0
    0    44     1
    1    16     1
    2    32     1
    3    14     1
    4    36     1
    5    38     1
    6    34     1
    7    18     1
    8    46     1
    0    10     2
    1    39     2
    2    13     2
    3    41     2
    4    48     2
    5     9     2
    6    17     2
    7    12     2
    8    23     2
    9     0     2
   10     8     2
   11    25     2
   12     4     2
    0    20     3
    1    28     3
    2    29     3
    3     2     3
    4    45     3
    5    37     3
    6    27     3
    7    24     3
    8    21     3
    0    30     4
    1    42     4
    2     7     4
    3    49     4
    4    43     4
    5    33     4
    6    40     4
    7    15     4
    8    26     4
    9    19     4
   10    11     4
-1 -1 -1
dados_trab_5_50_nonstruc_release_facil_02   time:      2.114  fo:     661.00
