dados_trab_5_50_nonstruc_release_facil_01 5 50 e
    0    45     0
    1    17     0
    2    46     0
    3    19     0
    4     7     0
    5    20     0
    6     8     0
    0    14     1
    1    35     1
    2    12     1
    3     9     1
    4    24     1
    5    48     1
    6     4     1
    0    32     2
    1    37     2
    2    30     2
    3    23     2
    4    18     2
    5    29     2
    6     1     2
    7    49     2
    8    31     2
    9    25     2
    0    15     3
    1    36     3
    2    34     3
    3    22     3
    4    41     3
    5     0     3
    6    47     3
    7     6     3
    8    27     3
    9    38     3
   10    11     3
   11    28     3
    0    10     4
    1     5     4
    2     3     4
    3    16     4
    4    33     4
    5    40     4
    6    39     4
    7    21     4
    8    13     4
    9    42     4
   10     2     4
   11    43     4
   12    44     4
   13    26     4
-1 -1 -1
dados_trab_5_50_nonstruc_release_facil_01   time:      2.657  fo:     697.00
