dados_trab_5_50_nonstruc_release_facil_01 5 50 e
    0    14     0
    1    12     0
    2    22     0
    3    29     0
    4     1     0
    5     4     0
    6    26     0
    7    25     0
    0    36     1
    1    39     1
    2    21     1
    3    35     1
    4    20     1
    5    37     1
    6     2     1
    0    10     2
    1     5     2
    2    40     2
    3    34     2
    4    30     2
    5    23     2
    6    19     2
    7     7     2
    8    13     2
    9    42     2
   10    28     2
    0    15     3
    1    48     3
    2    33     3
    3    32     3
    4    27     3
    5    24     3
    6    49     3
    7    43     3
    8    44     3
    9     8     3
    0    17     4
    1    45     4
    2     3     4
    3    16     4
    4    46     4
    5    38     4
    6    41     4
    7    11     4
    8    47     4
    9     6     4
   10     0     4
   11     9     4
   12    31     4
   13    18     4
-1 -1 -1
dados_trab_5_50_nonstruc_release_facil_01   time:      1.861  fo:     704.00
