dados_trab_5_50_nonstruc_release_facil_10 5 50 e
    0    24     0
    1    42     0
    2    44     0
    3    31     0
    4    37     0
    5    23     0
    6    13     0
    7    14     0
    0    45     1
    1     6     1
    2     4     1
    3    43     1
    4    46     1
    5    27     1
    6     7     1
    7    41     1
    8    17     1
    9     2     1
    0    26     2
    1    12     2
    2    32     2
    3    49     2
    4    25     2
    5    36     2
    6    20     2
    7    34     2
    8    48     2
    9    11     2
   10    10     2
   11    47     2
   12    28     2
   13    15     2
    0     9     3
    1    35     3
    2    16     3
    3    30     3
    4     0     3
    5    38     3
    6    21     3
    7     8     3
    0    33     4
    1    40     4
    2     1     4
    3    39     4
    4    29     4
    5    22     4
    6    19     4
    7     5     4
    8     3     4
    9    18     4
-1 -1 -1
dados_trab_5_50_nonstruc_release_facil_10   time:      1.457  fo:     595.00
