dados_trab_5_50_nonstruc_release_facil_05 5 50 e
    0    40     0
    1    35     0
    2    32     0
    3    18     0
    4     5     0
    5    37     0
    6    39     0
    7     9     0
    8    11     0
    9    24     0
   10    49     0
   11     6     0
    0    47     1
    1    31     1
    2     0     1
    3    19     1
    4    25     1
    5    33     1
    0    45     2
    1     4     2
    2     1     2
    3    29     2
    4     7     2
    5    15     2
    6    41     2
    7    22     2
    0    28     3
    1    12     3
    2    38     3
    3    48     3
    4    23     3
    5     8     3
    6    26     3
    7    42     3
    8    20     3
    9    16     3
   10    36     3
    0     2     4
    1    10     4
    2    30     4
    3    34     4
    4    21     4
    5    13     4
    6    14     4
    7     3     4
    8    27     4
    9    17     4
   10    46     4
   11    43     4
   12    44     4
-1 -1 -1
dados_trab_5_50_nonstruc_release_facil_05   time:      2.194  fo:     614.00
