dados_trab_5_50_nonstruc_release_facil_09 5 50 e
    0     3     0
    1    39     0
    2    20     0
    3     5     0
    4     1     0
    5    21     0
    6    38     0
    7    25     0
    8    34     0
    0    43     1
    1    12     1
    2    46     1
    3     4     1
    4     0     1
    5     2     1
    6    16     1
    7    44     1
    0    26     2
    1    35     2
    2    29     2
    3    40     2
    4     7     2
    5    24     2
    6    19     2
    7    49     2
    8    32     2
    9     8     2
    0    13     3
    1    31     3
    2    17     3
    3    27     3
    4    28     3
    5    14     3
    6    18     3
    7    36     3
    8    10     3
    9    23     3
    0    41     4
    1    33     4
    2    47     4
    3    11     4
    4    15     4
    5    45     4
    6    37     4
    7    30     4
    8    22     4
    9    48     4
   10    42     4
   11     6     4
   12     9     4
-1 -1 -1
dados_trab_5_50_nonstruc_release_facil_09   time:      4.091  fo:     708.00
