dados_trab_5_50_nonstruc_release_facil_07 5 50 e
    0    43     0
    1    33     0
    2    21     0
    3    40     0
    4     4     0
    5    14     0
    6    19     0
    7    17     0
    8    39     0
    0    32     1
    1    25     1
    2    11     1
    3    47     1
    4     5     1
    5    35     1
    6     6     1
    7    13     1
    0    22     2
    1    26     2
    2    38     2
    3     1     2
    4    31     2
    5    30     2
    6    12     2
    7    20     2
    8    41     2
    9    45     2
   10    18     2
   11    27     2
    0    46     3
    1    24     3
    2    23     3
    3     7     3
    4    34     3
    5    29     3
    6    37     3
    7     8     3
    0    48     4
    1     0     4
    2    49     4
    3    42     4
    4    15     4
    5    16     4
    6    10     4
    7     3     4
    8     9     4
    9    36     4
   10    28     4
   11     2     4
   12    44     4
-1 -1 -1
dados_trab_5_50_nonstruc_release_facil_07   time:      2.074  fo:     680.00
