dados_trab_5_50_nonstruc_release_facil_09 5 50 e
    0    35     0
    1    29     0
    2    39     0
    3     7     0
    4    24     0
    5    16     0
    6    34     0
    7    36     0
    8    10     0
    0    43     1
    1    46     1
    2     9     1
    3    15     1
    4    27     1
    5    28     1
    6    19     1
    7    49     1
    0    12     2
    1    31     2
    2    26     2
    3    17     2
    4     4     2
    5    25     2
    6     2     2
    7    22     2
    8    42     2
    9    20     2
   10    47     2
   11    11     2
   12     6     2
   13    23     2
    0    41     3
    1    33     3
    2     0     3
    3    45     3
    4    37     3
    5    21     3
    6    38     3
    7    14     3
    8    18     3
    9    44     3
    0     3     4
    1    40     4
    2    32     4
    3    30     4
    4    48     4
    5    13     4
    6     8     4
    7     1     4
    8     5     4
-1 -1 -1
dados_trab_5_50_nonstruc_release_facil_09   time:      2.397  fo:     709.00
