dados_trab_5_50_nonstruc_release_facil_01 5 50 e
    0    16     0
    1    33     0
    2    17     0
    3    46     0
    4    38     0
    5    47     0
    6    20     0
    7    13     0
    8    42     0
    9     2     0
    0    15     1
    1    34     1
    2    39     1
    3    21     1
    4     6     1
    5    27     1
    6    24     1
    7    49     1
    8    43     1
    9    44     1
   10    28     1
    0    32     2
    1    37     2
    2    30     2
    3    23     2
    4    22     2
    5    40     2
    6     9     2
    7    31     2
    8    35     2
    9     8     2
    0    45     3
    1     5     3
    2     3     3
    3    48     3
    4    19     3
    5     7     3
    6    25     3
    7    12     3
    8    10     3
    9    26     3
    0    36     4
    1    14     4
    2    41     4
    3     0     4
    4    11     4
    5    18     4
    6    29     4
    7     1     4
    8     4     4
-1 -1 -1
dados_trab_5_50_nonstruc_release_facil_01   time:      1.830  fo:     694.00
