dados_trab_5_50_nonstruc_release_facil_08 5 50 e
    0    34     0
    1    41     0
    2    18     0
    3    49     0
    4    24     0
    5    36     0
    6     1     0
    7     3     0
    0    26     1
    1    14     1
    2     4     1
    3    19     1
    4    37     1
    5    35     1
    6    40     1
    7    29     1
    0     6     2
    1     5     2
    2    21     2
    3    11     2
    4     9     2
    5     8     2
    6    17     2
    7    20     2
    8    47     2
    9    31     2
    0    10     3
    1    13     3
    2    45     3
    3    42     3
    4    43     3
    5    15     3
    6    46     3
    7    12     3
    8    28     3
    9     7     3
   10    48     3
    0    30     4
    1     2     4
    2    25     4
    3    27     4
    4    32     4
    5    23     4
    6     0     4
    7    39     4
    8    22     4
    9    38     4
   10    33     4
   11    16     4
   12    44     4
-1 -1 -1
dados_trab_5_50_nonstruc_release_facil_08   time:      1.534  fo:     694.00
