dados_trab_5_50_nonstruc_release_facil_03 5 50 e
    0    10     0
    1    26     0
    2    31     0
    3    37     0
    4    27     0
    5     9     0
    0    18     1
    1     7     1
    2    48     1
    3    39     1
    4    32     1
    5    34     1
    6    41     1
    7    33     1
    8    49     1
    9    43     1
   10    17     1
    0    40     2
    1    30     2
    2    12     2
    3     5     2
    4    20     2
    5     1     2
    6    19     2
    7    38     2
    8    11     2
    9     3     2
   10    35     2
   11    15     2
   12    44     2
    0    24     3
    1    22     3
    2    14     3
    3    46     3
    4    25     3
    5    42     3
    6     4     3
    7     8     3
    8     0     3
    9    16     3
   10    47     3
    0    13     4
    1     2     4
    2    45     4
    3    28     4
    4    36     4
    5    21     4
    6     6     4
    7    29     4
    8    23     4
-1 -1 -1
dados_trab_5_50_nonstruc_release_facil_03   time:      1.528  fo:     691.00
