dados_trab_5_50_nonstruc_release_facil_08 5 50 e
    0     4     0
    1    18     0
    2    39     0
    3    37     0
    4    27     0
    5    22     0
    6    38     0
    7    36     0
    8    33     0
    9    47     0
   10    44     0
    0    30     1
    1    19     1
    2    14     1
    3    34     1
    4    45     1
    5     0     1
    6    32     1
    7    43     1
    8     1     1
    9     3     1
   10    16     1
   11    31     1
    0     5     2
    1    21     2
    2     9     2
    3    42     2
    4    15     2
    5    46     2
    6    12     2
    7    49     2
    8    40     2
    0     6     3
    1    25     3
    2    23     3
    3    11     3
    4    28     3
    5     7     3
    6     8     3
    7    17     3
    8    20     3
    9    24     3
    0    26     4
    1    10     4
    2     2     4
    3    41     4
    4    35     4
    5    13     4
    6    29     4
    7    48     4
-1 -1 -1
dados_trab_5_50_nonstruc_release_facil_08   time:      1.929  fo:     704.00
