    1   51    4    0    1  836
  145   82
  112  106
   81   71
  108   76
  131   91
  119   92
   73  102
  149   90
  115   66
  106  101
  159   71
   78  101
  151   92
   75  110
   99   85
   33  105
   32   81
  132   70
  149   60
   80  109
  128   90
  138   96
   77   99
   38  110
   72   84
  119   73
   56   72
  174   91
  181   77
  104  130
   39  104
  133  108
  105   69
  150   79
  150  104
  109  121
  108   80
   78   81
   76  104
   81   88
  160   67
  130   86
   41  113
  105   82
   75   88
   57   87
   97   92
   56  121
   95   99
   69   81
  125  109
   42   71
  109   78
   98  103
  135  109
  116  101
  110   88
  153   72
  146   99
  153   89
   58  108
  132  108
   97  107
  124  103
   71  114
   63   78
   91   76
  165   78
   45  107
  128   92
  144  105
   41  114
   56  117
   82   96
   89   92
   97   91
  166  108
  211   84
  138  132
   79  120
   91  112
   93   68
  178   94
  137  104
  112  124
  147   78
  111   86
   53  119
  121   86
  163   84
  145  103
   28  111
  101   81
   51   97
   86  105
  124  108
   21  125
   98  110
   80   79
   42  101
  107  109
   96  144
  134  148
  114   76
  110   85
  151  115
  144   79
  152  134
   56  138
  131  144
   95   70
  122  149
   69  149
   61   92
   91  116
  163  122
   44   68
  126   94
  142  122
   40  145
   54  144
   81  123
   88  138
   95  136
  165  154
  209  108
  136  140
   78  165
   92  131
   92  107
  176  139
  136   80
  110  137
  146  100
  109  104
   52  164
  120   85
  161  125
  143  142
   27   67
  100   92
   50  132
   84  151
  122  152
   20  137
   96  146
   78   92
  104   71
  117  104
  138   96
  137   28
   86   50
  167   73
  165   53
  148   85
   57  103
  116   90
  103   50
  129  102
   87  113
   83   49
  113   75
  165   74
   49   35
  121   39
  139   66
   51   90
   67  111
   83   68
   77   91
  115   87
  154  109
  219   56
  148  114
  102  121
   78  101
   80   65
  185   96
  127   24
  131  109
  163   62
  125   51
   36  121
  139   46
  159   75
  146   90
   48   38
  101   45
   48   95
  103  105
  132  109
   31  109
   92  109
   79   51
  153   99
   93   78
   89   87
  166   84
   88   73
  121   95
  152   67
   88  108
  149   75
   47  101
   67   86
   14  113
   61   73
  155   77
  121   60
   99   95
  114   70
  118   70
   97   78
   37  118
   50   59
  131   75
   52   69
  162   94
  148   54
   72  135
   49  108
  153  115
   99   71
  117   86
  148   87
  131  127
   87   79
   58   59
   79  109
   80   79
  145   57
  106   72
   64   99
  103   69
   88   97
   69   90
   65   98
   76  127
   76  108
   46   75
  104  111
  152  157
  148  149
  158  123
  177  160
  122   96
   81  150
   94  116
   77  168
   92  109
   86  150
  105  139
  161  126
  121  108
   96  165
   71  142
   88  134
   97  124
   70  159
   46  122
  114  103
  120   95
   92  119
  184  125
  126  184
  117  134
  139  162
   43  128
  150  118
  109  158
  157  174
  160  139
  122  130
   38  135
  146  146
  119  105
  109  106
   82  169
   94  138
   79  138
  115  114
  110  125
   77  175
   40  144
   36  140
   68   88
  172   74
   98  102
  116   64
  172  126
   99  117
  168  143
   73   70
   92  138
   23  129
   56   86
  156  102
  148  115
  104   84
  138  100
  144  128
  101  146
   51  122
   76  124
  141  128
   42  128
  186  142
  168  109
   91  117
   22  150
  157  108
  120   95
  139  125
  166   94
  132  113
   92   85
   76  107
   95  148
   74   79
  169  120
  133  139
   65   86
  121   90
   97  113
   73  139
   92  138
   80  113
  102  127
   73   84
  168   97
  124  125
  127   93
  184  139
  101  151
  176  144
   95   85
  116  156
   46  162
   56  101
  150  127
  170  128
  100   73
  153   94
  162  118
   97  144
   63  158
   95  122
  141  145
   65  141
  199  163
  194  110
  116  155
   24  174
  151  146
  131  116
  164  149
  175   76
  132  152
  117  111
   96  105
  101  174
   94   95
  185  130
  153  145
   62   69
  130   98
   98  144
   82  159
  115  162
   76  152
  119  159
   92  101
  128  133
  121  161
  147  109
   60  164
  135   88
   77  167
  103  122
   46  164
   39  139
  114  136
  148  115
   61  160
  119  133
  133  114
   58   95
   35  173
   68  105
  100  118
   72  110
  163  132
  189  118
  114  196
   58  147
  114  174
   92  135
  157  133
  136  151
   90  187
  123  144
   87  122
   59  149
   97  146
  152  107
  128   93
   23  164
   93  136
   57  152
   61  127
  102  140
   37  188
   88  159
   66  141
  133  128
  159   96
   67  143
  144   95
   93  133
  119  115
   60  147
   49  106
  108  112
  164   93
   60  125
  133   98
  147   88
   56   97
   51  152
   83   76
  103  106
   84   98
  174  125
  204   83
  129  170
   63  139
  109  150
  102  106
  172  118
  146  116
  105  161
  135  114
  101   87
   66  140
  108  112
  166   87
  144   95
   26  129
  106  102
   62  131
   76  120
  118  129
   35  162
  102  141
   81  108
  130  174
   60  172
  125  186
   55  102
   81  188
   37  184
   52  131
  131  153
  125  162
   72  113
  100  137
  111  166
   71  188
   15  178
   45  165
  103  177
   69  176
  145  192
  169  150
   97  171
   63  202
  126  164
   78  145
  136  177
  124  125
  110  169
  113  136
   74  147
   53  201
   93  124
  132  166
  105  183
   41  112
   78  132
   60  167
   60  189
   82  190
   50  168
   67  182
   43  130
   93  115
  107  182
   81  154
   91  158
   92  128
  116  144
  174  128
  119  149
  108  165
   76  165
   86  183
  110  189
   79  119
   50  173
  126  152
  128  157
   89  156
  183  161
  128  129
  125  158
  152  109
   56  134
  148  141
  122  169
  168  120
  166  130
  130  163
   50  155
  154  145
  125  158
  111  174
   94  168
  105  150
   92  118
  124  156
  113  148
   90  121
   39  128
   37  141
  115   75
   48  103
   73   48
   47   71
   69   75
  141   53
  112   50
   79  104
   82   87
   94   88
   79   83
   32   80
   29   75
  105   41
   81   48
  129   52
  163   72
   96  106
   78   63
  132   84
   65   60
  129   40
  113  100
  126   96
  122   69
   84   77
   47   64
  107   82
  114   55
   92   66
   55  108
   71   77
   64   59
   77   49
   78   52
   59   97
   49   65
   27   75
   45  161
   50   76
   32  120
   83  132
  176  112
  113  103
  118  161
  117  141
  116  136
  117  123
   56  132
   52  123
  149   87
   69   93
  165   82
  127  125
   50  161
   63   97
  172  139
  108  118
   97   91
  159  156
  152  151
   97  128
   80  130
   93   99
   99  140
  149  105
  104  105
   85  165
  117  134
  106  114
   91   77
   61   91
   97  152
   77  114
   44  133
  123   60
   83   33
   80   85
  112   59
  160   70
   47  113
  115  103
  134  109
   49  104
   62   47
   77   97
   71   61
  111   69
  149   52
  213   91
  143   79
   99   48
   83   60
   76   70
  179   46
  121  113
  127   69
  159   74
  120   95
   32   44
  135   90
  154   77
  141   86
   46  117
   95   90
   43   42
   99   55
  127   42
   29   71
   87   29
   73   84
   81   71
   89   89
  135   79
  140  101
   68  102
   92  110
  111  132
   70  140
   60   57
   59  123
   85  104
  113  109
  122  106
  199  110
  134   31
  106  106
  109   44
   49   83
  165   92
   98  110
  138   34
  157   76
  118  110
    9  103
  138   87
  133  109
  123  126
   60  104
   84   96
   53   69
  103  107
  116   98
   50   33
   63   74
   54   86
   79   65
  175   60
  124   81
  119   76
  127   86
  127  110
  117  120
   57   45
   61  102
  151   86
   61   91
  175   91
  135   88
   58   21
   53   92
  173   30
  116   62
  107   76
  165   84
  151   24
   88   54
   78   88
   98   89
   93   63
  158   89
  114  107
   84   77
  122   72
  108   53
   89   91
   70   83
   97   23
   87   61
   55   63
  150   73
  122   55
   84   80
   72   53
   92   36
   85   50
   60  113
   44   29
  102   67
  112   59
  104   85
  184   41
  122  131
  108  100
  129  111
   34   66
  149   79
   97   70
  146  122
  152   74
  114   43
   28  101
  137   70
  116   49
  108   53
   71   84
   83   59
   67   92
  104   80
  105   90
   66  123
   43  103
   36   67
  108  142
  104   94
   65  112
   75  140
  105  164
   69  172
   38  141
  123  158
  117  156
   96  176
  172  127
  116  172
  114  187
  150  160
   54  129
  137  161
  117   99
  160  167
  154  124
  118  123
   49  186
  142  108
  113  145
   99  161
   87   98
   97  112
   87  157
  114  172
  101  175
   85  167
   27  172
   25  114
  109  134
  131  112
  135  110
  106  107
   51  135
   68   97
  144   86
   44   81
  179  105
  154   96
   76  157
   35  119
  163  136
  117   98
  125   98
  164  128
  138  148
   78  108
   71  101
   95  120
   77  115
  162   77
  123   93
   72  138
  119  107
  100  114
   77  101
   80  109
   86  149
   94  122
   63  109
   76   73
   71  102
  117  124
   76  116
   39  101
  137  114
  120  112
  108  130
  163   87
  112  109
  118  139
  164  102
   69   82
  128  114
  131   60
  170  106
  155   74
  121   83
   64  138
  146   61
  121  103
   97  120
   98   47
  108   69
  100  105
  121  127
   99  127
   98  106
   30  119
   23   67
  114   74
  134   93
   74  137
   56   71
  163   99
   92   93
  165  118
  105   61
   61  150
   85  132
  189  131
  114   87
   74  108
  168   86
  172  142
  119   92
  101   58
  103  132
  122   86
  154   81
  106   93
  104   99
  130   75
  121  116
  112  113
   74  121
  114  143
   76  128
   44   84
   38  152
   59  126
   81  130
   80  133
  104  134
  159  147
  213  115
  141  118
   89  155
   82  111
   86  101
  180  131
  130   98
  119  116
  153   91
  116  112
   44  153
  128   85
  159  126
  144  145
   36   89
   98   96
   45  118
   92  145
  126  143
   19  115
   94  132
   78   90
   17   66
   50  103
  107   89
   62   93
  153   96
  169   89
   95   66
   56  101
  128   52
   85   63
  137   80
  131   92
  108   60
  108   56
   69   90
   60   99
   86   68
  138   90
  110  108
   40   89
   85   75
   64   61
   53   96
   82   90
   52   60
   73   73
   48   66
   73   92
  120   74
   56   79
  176   79
  182   78
  105   37
   37   82
  134   24
  107   52
  151   64
  152   81
  110   30
  109   45
   79   79
   78   79
   81   58
  162   78
  132   95
   42   78
  107   65
   77   42
   59   79
   98   72
   58   30
   97   51
   71   56
  137   71
   37   77
  181   71
  166   85
   88   32
   27   70
  154   15
  115   58
  137   58
  162   93
  129   23
   90   54
   71   86
   91   67
   69   69
  164   79
  128   95
   62   91
  116   74
   93   35
   69   73
   88   63
   77   24
   97   38
   68   65
  119   95
  105  121
  165   83
  113  171
  117  136
  160  151
   65  107
  131  117
  128  112
  167  162
  154  115
  120   85
   60  137
  145  112
  118   86
   97   87
   95  126
  105  101
   96  131
  119  116
  100  127
   94  163
   27  141
   23  109
  152   71
  119   98
   64   80
   83   69
  176   59
  100   74
   85   60
  154  117
  161   70
  117   77
   93  102
   89   66
  116   93
  139   87
   92   99
   93  119
  116   94
  108   44
  103   73
   64   61
  102   71
   63   38
   31   87
  218  142
  145  147
   90  107
   81  125
   91  123
  185   96
  136  165
  121  137
  156  129
  119  146
   49  105
  131  144
  165  126
  149  135
   38  171
  104  142
   51  102
   95  107
  130   96
   23  138
   99   99
   83  137
  102  135
   80  154
  125  115
   61  122
  136  133
  108  157
  123  127
  126  117
   87  150
   41  152
  109  133
  116  146
   97  163
   51  157
   65  138
   58  114
   77  149
   84  143
   54  127
   52  128
   32  129
   87  118
  197   57
  124   89
   80  101
  178  116
  179   58
  123   82
  107  116
  112  115
  127   93
  163  115
  116  132
  112  111
  139  101
  130   79
  119  116
   82  109
  122   58
   85   87
   54   92
  137   82
   69   40
  123   67
  119   24
  128   92
  117   42
   80   17
   52   92
  104   30
  115   43
   87   56
   58   38
   77   22
   70   71
   77   74
   72   80
   64   93
   49   84
   24   31
   42   97
  143   86
  104  140
  149  110
  150  100
  113  124
   36  103
  136  117
  110  110
  101  123
   75  143
   86  117
   73   73
  106  102
  101   94
   72  111
   35   84
   29  111
  179   84
  135   60
  113   89
  149   44
  112   63
   51  109
  123   37
  162   76
  144   94
   30   60
  100   47
   49   77
   87   97
  124   97
   19   89
   97   92
   79   39
  145   99
  100  130
  128   97
   94  114
   66  161
  101   87
  163  130
  139  148
   25   91
  103   98
   63  127
   69  151
  111  150
   39  130
   98  141
   76   93
  140  171
  131  121
   94   93
   48  168
  118  111
  101  119
   83  132
   68  121
   81  101
   74  148
   91  150
   81  157
   71  172
   35  162
   15  110
  118  124
  100  150
  110  126
   98  141
  191  138
  157  151
   72  166
  139  142
  108   92
   89  128
  118  119
   87  124
  125  100
   97  135
  123  107
   60  118
  148  121
  120   81
  100   91
   97  145
  107  113
   97  116
  121   97
  103  107
   95  152
   29  123
   26  115
   84  103
   73   86
  163   96
  130  113
   52  111
  111   90
   85   67
   62   99
   93   94
   67   87
   97   81
   70   81
  112   77
  110   37
   92   31
   58  101
   70   70
   64   57
   82   20
   82   33
   60   95
   45   57
   25   70
  145  109
  103  105
   75  170
  109  138
   97  112
   81   78
   59   82
   87  148
   75  107
   43  137
   93  106
   75  165
  104  136
   94  155
   83  136
   49  147
   85  190
   65  163
   33  142
   35  175
   78  145
   31  108
   82   89
  108   81
   29  141
   74   99
   58  142
   84   45
   77   94
   82  104
   68  109
   71  107
   46  109
   18   50
  103   93
   83  122
   70  119
   91   99
   86  107
   55   80
  120   50
  114   38
   82   85
   43   44
   40   85
   74  148
  114  130
   78  142
   47   87
   80  104
   76  109
   45   58
  103   98
   86   40
   89   60
     0.590