    1   21    2    0    1  601
   78  160
   21  100
   74  132
  102  122
  123  109
  119  132
   91  121
   91  158
  135   80
   91  107
   62  128
  104  114
   61  155
   29  121
   58  117
   96   90
  135  114
   49  132
   57  132
   37   88
   44   31
  116   53
  124   34
  159   18
   77   60
   96   65
  101   66
  175   49
  130   20
  103   87
  116   76
   93   67
   61   56
   91   50
  138   65
  178   26
    6   38
   54   73
   78   42
   49   62
  156   20
   87   21
  182   68
  114   69
  124   75
   70   36
  128   24
   72   89
  111   75
   86   77
   92   62
   81   56
  131   58
  132   15
  111   47
   96   79
   29   34
  154   46
   72   57
  172  105
   99  107
  110  106
   86   74
  120   61
   68  127
   95  113
   91  110
   85   99
   86   93
  130   96
  137   47
  101   79
   82  116
   26   72
   93  110
  159  157
  105  160
  110  153
   95  130
  106  114
   48  181
  107  168
   64  158
   69  152
   59  146
  105  151
  110   98
   89  128
   81  170
    7  127
  108  109
   78  127
   78   79
  144  154
   99  132
   74  148
   94  148
   78   79
   36  119
   75  120
  113  156
  151  139
   37  106
   41  124
   47  145
   67  137
   68   80
  129  157
   93  132
   65  160
   77  158
   84   90
   48  128
   81  127
  115  163
  145  136
   55  105
   39  136
   35  148
  101  119
  117  124
   92  127
   45   69
  108   83
   53  108
   49   88
   49   95
   85  107
  115  143
   69  122
   71   71
   20  120
  106   61
  122   79
   65  116
  130  102
   47  128
   80   98
   42   93
  107   82
  103   88
  100  104
  100  112
   30   62
  133   88
   99  155
   52  144
  124  124
   88  122
  120  116
  155  133
  179   76
   81   93
   50  139
   64  108
   49  119
   90  117
   70  104
   45   89
   66   92
  101  127
  129  133
   63  109
   55   97
   21  122
   95  126
   94  116
   53  110
   92  103
  132  110
  169   56
   25   85
   34  127
   65   86
   40  112
   54   80
   36   86
   80   90
  113  132
   73  118
   81   66
   30  105
   30   32
   68   29
  105   63
  142   47
   44   18
   47   45
   40   49
   97   26
  136   61
  149   73
   95   56
   71   45
   34   57
  136   84
  146   45
  100   22
   78   71
   33   65
  131  122
   76  139
   96  140
   53   95
   23  131
   53  171
   63  133
   91   60
   23   32
   25   75
     0.137