    1   21    3    0    1  562
  148  100
  109  133
  133  164
  134   94
  151  112
   74  154
  156  107
  109  139
  102  152
   65  175
   94  166
  157   82
  128  122
   26  122
   78  121
  164  136
  133  128
  134  148
  128  104
   57  136
  142  136
   82  170
  104  143
  125  135
   66  147
  130  100
   77  129
  117  143
  100  182
   39  170
  133  122
  107  150
   73  143
   69  165
  148  180
  107  146
  103  142
  139  129
   50  139
  124  149
  132  129
  156  126
   86  177
  164  162
  115  183
  116  201
   81  154
   93  154
  165  150
  124  111
   36  120
   61  105
  176  101
  142  122
  120  168
  120  132
   41  146
  119  137
  114  112
   22   65
  104  106
   62   89
   68  100
   62  107
   68   94
  106  129
  123  120
   55  111
  100  145
  112  154
   82  107
  143   63
  145  115
   77   83
  140  113
   81  148
  150  101
   97  134
  126  149
  102  171
   59  161
  152   90
  104  126
   67  123
   44  136
  167  152
  127  127
   80  141
  126  105
   26  131
   41  148
  119  170
   71  170
   77  183
   56  102
   63  107
  120  180
  107  145
   38  140
   82  166
  131  168
   97  135
  128  142
  126  157
   59  131
  109   51
   58   22
  103   13
   91   99
   40   86
  113   78
  113   94
   71   85
   86  115
  128  128
   86   85
  122   49
  145   78
   65   64
   59  122
   96  134
   92  115
   73  102
  100  152
  140  135
   84  126
  117  160
   96  168
   66  122
  155   93
  168  134
   95   99
  114  110
  100   85
   38   77
  126   87
  112   63
   76   53
   78   87
  140   97
   99   50
  113   77
  145   65
   59   55
  100  127
   60  118
  152   78
  103   86
   64   81
   42  103
  168  117
  127   84
   80  102
  123   66
   22   88
   60  109
   91   95
  124   62
   68   71
  102   48
  107   45
   67   74
  141  120
  152   80
   79   99
  158   51
  148   66
  114   59
   96   82
  168   97
  129   62
  125   71
  179   45
   83   61
  129  142
   90  140
   96  148
  134  164
   94  145
  129  158
  162  121
   77  149
   33  127
   88  160
  164  171
  135  126
  144   94
  137  126
   67  103
   42   62
  166   77
  127   60
   84   81
  118   37
   20   68
  131   82
   90   51
  121   58
  148   73
   66   48
  111  115
  101  159
  142  112
   50  138
  121   94
  151   74
   67   79
  135   79
   69   84
   43  146
     0.071