    1   41    4    0    1  705
   53  136
  110  126
   75  165
   91  106
  129  116
  131  150
   75   96
  135  131
   92  155
   88  173
   88  160
   85  161
  121  161
  123  155
  120  135
  161  160
   83  163
   81  122
  135  103
   87  114
   30  111
   74  136
  118  146
   71  158
  150  163
   47  183
  146  145
  149  180
   75  153
   77  162
  110  139
  139  137
   85  101
   99  140
  138  147
   97  172
   87  130
   88  175
   79  180
   74  173
   94   57
   55   57
  115   57
  114   83
  108   27
   93   83
  111   74
  108   46
   93   53
   67   51
   63   27
  145   25
  104   42
   98   82
  137   25
   61   46
   86   53
  124   74
   74   65
   40   51
   66   89
   98   28
   89   54
  128   12
   44   41
  136   49
  133   38
   51   10
   60   48
  102   23
  125   37
   61   60
  110   24
  115   40
   78   36
   73   82
   71   39
   66   42
   64   49
   78   79
  176   91
  116  106
   74  103
  151  114
   71   91
  165  121
  150  133
   75  127
   27   77
  205   78
  144  118
   59   99
   96  106
   55   75
  140   76
  150  102
   75  116
   96   91
   92  106
   97   65
  149   74
  100   93
   98   97
  167  119
  121   94
   45   84
   50   74
  113   80
  138  103
   45   96
  167   73
   86  113
  101  119
   91  100
   74   88
  102   93
   67  130
  154   86
   84  103
   94   77
  125  111
   95   87
  139   97
  126  104
   53  102
   29   34
  183   36
  136   93
   60   95
  114   76
   39   43
  129   74
  153   99
   45  106
   72   84
   96  102
  109   46
  125   54
   97   56
   87   47
  168   99
   94   45
   47   53
   22   46
   82   61
  106   84
   50   91
  154   56
   97   90
  101   85
   97   96
   42   39
   98   44
   37   99
  106  152
   74  123
  127  161
   77  136
  142  142
  126  147
   56  147
   29   82
  181   83
  121  138
   66  143
  100  119
   37   87
  117  123
  132  149
   67  155
   73  133
   76  150
   86   96
  125   99
   94   99
   74   76
  148  145
  118   75
   25   99
   45   90
  103  109
  123  131
   27  141
  143  104
   78  136
   81  127
   76  145
   62   67
   81   72
   60  142
  128  132
   78  106
  132  142
   95  127
   88  145
   86  130
   83  158
  124  157
  120  130
  118  146
  158  142
   81  166
   78  129
  132  115
   87   86
   31  109
   71  148
  114  145
   74  163
  148  152
   43  179
  142  116
  148  176
   72  144
   76  166
  111  131
  138  117
   82  105
   97  136
  135  123
   93  152
   84  142
   87  173
   76  177
   74  146
   69  132
  156  104
   91  131
  103  140
  107  136
  105   71
  102   73
  144  127
  140  111
  181  111
  103   60
   95   94
  154  119
  100  133
   42  108
   90  118
  139   73
   80   69
  170   93
   65   84
  164  131
  163   82
   96   88
   91   62
  119   91
  153  115
  106  115
  108   85
  159  123
  118  122
  107  113
  104   75
   99   79
   84  135
  119  135
  105  106
   92  108
   77  110
   72   78
  137   77
  107  102
  108  143
  146   82
   71   98
   77  116
  122  139
   83  130
   38  116
   63  150
  102   88
   85  108
  137   64
   37   81
  133  112
  142   79
   59   74
   70  100
  109   88
  133  102
   70  126
  100   88
  123  102
   81   87
   73  144
   81   83
   64   84
   71  103
  144   77
  128   94
   64   80
   39  125
  180  123
  115   79
   76  145
  105   95
   48  139
  111  117
  122  120
   77   80
   75   96
   65  150
   75  116
  126  142
  105  111
   69  143
  139   66
  129  139
   19  107
   56  140
  113   98
  132   75
   30  102
  138  105
   82   74
   72  102
   65  142
   72  139
   73  143
   70   96
   92  122
   95  125
   93  102
  116  100
  138  117
  127  166
  170   98
   91  122
   97  138
  152  161
   85  149
   29  137
   91  173
  133  111
   71  132
  158   85
   64  104
  163  128
  149  102
   86   95
   77  124
  104  109
  139  119
   95  146
  113  109
  148  118
  112  100
  104  166
   90  106
   96  107
   69  116
   93   96
   89  134
  123  132
  121   92
  124  159
  162  104
   87  149
   71  129
  128  136
   95  102
   40  111
   65  164
  114  126
   81  152
  153  120
   39  151
  138   82
  156  148
   75  115
   84  150
  120  108
  146   84
   86  118
   88  115
  139   85
   93  113
   81  156
   95  148
   74  151
   83  109
   74   62
  132   63
  122  113
  109  125
  152   94
   72   69
   92  105
  140  131
   73  135
   22  114
   81  132
  116   77
   74   81
  139   74
   54   41
  151  122
  135   44
   68   77
   62   72
   96   89
  124  109
   77  122
  112   85
  129  112
   96   99
   90  127
   74   49
   82   44
   59  115
  154   79
   91  112
   98   18
  132  105
   61   66
   84   45
  111   49
   82   89
   53   65
   54   23
   85   67
  101   54
  126   94
   41   95
  124  108
  139   93
   44   85
   66   63
  113   76
  133   93
   56   61
  110   72
  109  105
   65  118
   60   23
   78   86
   53   90
   73  126
  115  119
  115  176
  154  133
   78  173
   76  148
  128  151
   86  112
   33  127
   67  181
  110  149
   78  174
  145  147
   40  177
  139  107
  147  174
   68  141
   74  173
  111  132
  137  110
   78  133
   97  138
  131  113
   89  141
   80  173
   85  174
   71  177
   74  136
  112  102
  150  192
   74  151
   77  132
  126  132
   84  175
   34  151
   66  100
  107  154
   80  139
  141  182
   39  180
  137  195
  144  179
   64  172
   71  148
  109  163
  134  180
   74  147
   99  159
  127  192
   86  206
   77  106
   82  171
   69  175
   72  214
  145  106
   69  112
  145   73
  178   64
   27   66
   76   57
  122   96
  139   94
  129  108
  129  109
  104  130
  192   93
   91  127
   78   99
   20  112
   53   85
  108   83
   81   49
  168   87
  129   94
  127  118
  125   89
   53  123
  122  127
    6  119
   71  120
  102   94
  101  120
   99  138
   82  111
   42  130
   57  107
  130  116
  129  132
   63  142
  120  147
  152  140
   42  122
   80  119
  133  112
  153  131
   54  115
  130  108
  104  142
   63  154
   42  122
   94  134
   62  139
   92  163
   85   58
   95   76
   97  107
   68   80
   39   61
   74   65
  115   45
  133   92
   46   86
  109  118
  152   85
   47   84
   79   54
  128   80
  148  101
   60   81
  114   74
  112  112
   56  119
   43   58
   92   77
   45   81
   88  130
  152  133
   89  106
   31  106
   90  156
  133  102
   71  129
  160   83
   63  115
  162   77
  152  112
   88   85
   80  124
  107   87
  142   77
   97  115
  111   93
  150   69
  112   66
  104  148
   93  114
   96  116
   72   69
  104  139
   81  111
   35  116
   63  107
  129  107
  135  134
   59  140
  113  150
  157  137
   49  124
   85  112
  137  115
  157  134
   60  114
  125  111
  111  146
   63  157
   35  109
   99  131
   58  135
   96  166
   97   49
  101   87
  107   86
  150  103
  101   97
  103  122
  176   69
  113  118
   51   88
   42  106
  106   74
  134   65
   51   44
  172   78
   93   74
  109  101
  100   81
   69  115
  109  120
   60   99
   61   38
   98   57
   88   49
  134   84
   37   87
  131   99
  141   85
   56   74
   68   56
  109   65
  132   83
   66   55
  103   61
  120   95
   77  108
   70   32
   79   78
   62   82
   71  116
  131   40
  120   58
  124   21
   95   29
  183   70
   92   26
   71   29
   20   50
   55   43
   99   59
   74   80
  158   42
  123   60
  119   46
  116   96
   46   31
  113   31
   13   61
  144  143
   96   97
   93  128
  163   74
  120  126
   40   99
   48  139
  110  100
  134   83
   40  123
  162  107
   81   71
   96   72
   87  159
   71  129
   97  131
   65   58
  143   87
  104  114
  196   96
  108  111
   88   78
   37  110
   48   68
  114   80
   92  100
  165   75
  142   89
  133  100
  131  128
   64  110
  126  113
   14  107
   77  147
  176  175
  163  146
  103  143
   91  115
  115  138
  154  159
  112  136
  121  132
  165  170
  128  178
  118  109
  105  138
  110  142
   80  189
  172   57
  123   97
   77   67
   51   88
   76   53
  114   47
   84   38
  135   57
  136   58
  114   83
  110   78
   67   95
  102   99
   40   83
  102  189
   61  156
   30  184
   68  145
   92  125
   67  134
  143  150
  117  130
  106  158
  103  175
   44  187
   98  191
   28  152
   50  131
   25   98
   88  128
  116  150
   51  133
  163  121
   96  160
  106  166
  101  113
   51  121
  105  125
   42  177
   18  107
   82   65
  113   42
   56   75
  165   72
  102   33
  110   56
  106  115
   48  103
  108  105
   36   45
  120   25
  148   36
   90   62
   90   26
  144   38
   98   31
   86   85
   97   40
   79   42
   84   44
  123   74
   52   82
  168  100
   96   78
  109  106
  103  123
   58  137
  108  141
   47  100
   81  150
  125  143
  132  103
   81  121
   41  189
  118  171
   69  174
  115  109
  164   47
  132   79
  127   93
  125   55
   54   74
  121   79
    6  101
  115  146
   78  163
   74   88
   71  143
   66  148
   63  169
   64  129
   62  112
   71  118
   62  122
   68  137
  111  119
   39  152
  108  156
   19  128
   48   68
   91   72
   45  113
   64   79
  111  104
   68  110
     0.335