    1   51    3    0    1 1067
   52  173
   32  124
  179  116
   69  117
   53  142
   28   80
  175  159
   98  173
  130  173
   92  116
  100  119
   38  163
   91  105
   89  165
   91   95
   75  176
   69  177
   41  131
   94  146
  120  147
  106  169
  112  179
  109  119
   72  150
  120  109
   34  120
   36   80
  106   96
  143  117
   72  144
   81  145
   80  121
  118  111
  109  159
  132  160
  156  122
   32  135
   72  123
   90   96
   82   84
  170  150
  123  153
  132  135
   74  162
   67  144
  107  108
  119  123
  133  172
   69  149
   55  141
   51   59
  203  128
   51   66
   84   61
   61  100
  201   75
  103  102
  154   92
  121   67
  132  129
   52   74
  122   79
   85  121
  123  103
   74  128
   43   88
   74   90
  126   98
  152   56
   99   70
  134   83
  135  134
   84   69
  147  116
   63   90
   52  105
   87   86
  175   94
   48   58
   84   59
  111  122
  150   89
   76   96
  146   73
  166   87
   51   45
   99   94
   85   89
   95   96
  197   80
  135  114
  159   88
   67  111
   99  122
   74   86
   98   59
  158   93
   54   53
   56   49
  113   98
  135   71
   62  103
   87   98
  109   58
   85   48
   66   59
   88   93
  123   97
   59   65
   63   76
   94   49
  103   87
  122   56
  133   70
   75   47
  132   33
  110   97
  156   92
   74   84
   42  104
   55   57
  103   88
   49   58
   81  102
  142   83
  119   63
  137  100
   68   65
   56   84
  114   67
  168   34
  127   63
  143  117
   97   79
   83   57
   95   82
   59   95
  105   43
  104   47
  168   43
  110   39
   81   64
  167   70
  176   73
   66   55
  118   76
   63   91
   83  153
   68  185
   60  122
  172  190
   69  197
  123  202
   98  158
  128  117
   21  195
  101  139
   56  180
  116  116
   64  191
   77  208
   66  154
  116  167
  135  189
   96  207
  103  213
  105  115
   49  182
  121  113
   44  143
   38  119
   80  132
  156  137
   82  186
   51  179
   90  125
  133  136
  109  182
  112  192
  131  167
   55  173
   76  143
   57  129
   60  125
  169  177
  100  167
  164  158
   46  181
   86  153
  108  136
  117  159
  129  199
   56  186
   23  182
   65   63
   42   89
  189  114
  119  139
  145  131
  107   62
   96  130
   59  113
  100   87
  109  150
   89  102
   93  159
   71  127
   48  114
  108  127
  128   73
  123  102
  129  120
  123  132
   92  106
  136  118
   49  108
   56   93
  122   86
  151  109
   74   67
  101   97
   90  129
  128  101
  115  131
  153  112
  176   46
   48   79
   90  112
  110   91
  102   88
  183  116
  143  141
  118  114
   92  143
   76  141
  113   97
  131   82
  147  131
   84   92
   75   73
   83   62
  156  123
   40  126
  105  133
  102   97
  143   33
   36  129
  101   76
   43  104
  128   53
   95  115
  108  140
   84   84
  134   95
  140  127
  127  143
   90  148
   88   27
   22  116
  120   41
   55   74
   63   60
   99   70
  157   69
  113  125
   23  113
   90   46
  139   69
  140  112
  101  125
  102  108
   83  110
   84   73
   44   67
   33   64
  154  109
   74   92
  184   89
   73  107
   97   75
  138   70
  148   96
  113  130
   86  121
   14  119
  175  103
  103  111
  130  115
   92   74
   95   47
   43  108
   89   52
   94   97
   86   29
   81  108
   72  121
   37   68
   93   82
  118  103
  112  120
  113  126
  109   49
   76   95
  120   35
   34   56
   41   41
  111   46
  141   51
   75  101
   85   92
   78   48
  116   49
  113   96
  136  105
  160   86
   37   87
   74   57
   95   43
   85   42
  170   91
  126   84
  127   72
   79   96
   65   73
  111   49
  124   73
  133  113
   75   99
   60   96
   61  139
  111  145
   92  142
  127  145
   16  142
   94  120
   54  134
  114  130
   74  143
   88  152
   66   97
  116  112
  129  156
  107  161
   92  161
   94  151
   38  129
  113  134
   40  101
   42  145
   89  127
  149  106
   93  157
   44  130
   83  133
  127  110
  121  125
  100  138
  120  165
   62  136
   70  101
   55  125
   49  137
  158  120
   89  123
  166  101
   57  129
   82  127
  119  113
  129  125
  118  142
   68  141
   19  149
  107  110
   86   41
  122  113
   13   92
   88   67
   58  129
  109   84
   76  138
   90  106
   62   93
  112  106
  124   55
  110   83
   88  100
   89  115
   37   85
  107  100
   35   88
   41   78
   94   68
  143   89
   95   49
   46   76
   77  110
  122   82
  123  109
   98   91
  120   39
   61   58
   64   92
   60   72
   48   71
  153   94
   88  120
  162   93
   61  122
   77  121
  122   77
  131   60
  113  110
   71   71
   23   53
   92   86
   78  150
   54  140
   81  110
  107  175
   70  122
   97  184
   87  154
   32  138
   96  151
  109  100
  129  129
  115  147
  105  151
   84  133
  120  138
   36  131
   55  111
  128  108
  132  132
   90   95
   96  123
   71  149
  109  124
  129  156
  145  138
  168   63
   54  106
   78  135
  109  112
   92  107
  165  141
  134  164
  112  139
   95  168
   58  164
  127  120
  141  107
  130  158
   92  119
   72  100
  104  157
   61   60
  107  114
  109  123
   96  135
   93  126
   65   74
   55  105
  114  104
  136   98
  121   82
  134   77
  129  163
   96   70
  141  145
   55  112
   58  144
  119  122
  158  117
   68  103
  103   74
   97  146
  135  116
  110   94
  156   62
  179  135
   48   89
   95  114
  110  124
  105  134
  190   82
  146  121
  124  101
   91  112
   83  135
  108  116
  128   96
  154   81
   82   75
   76   95
   59  117
  104   86
  108  106
   93   93
   92  117
   67  127
   52   72
  111   87
  132  127
  121  135
  132  136
  126  114
   93  104
  138   96
   52   64
   56  108
  119   91
  155   69
   70  128
  102  104
   94   96
  131   73
  111  100
  154  113
  177  132
   47  107
   92   65
  109   89
  103  101
  186   96
  144   95
  122   76
   91  103
   80   95
  109   77
  128   95
  151  117
   82  114
   75  120
   63   51
   90  118
  101   61
  117  127
  128  104
   72   81
  128   95
  109   56
  151   84
   69  100
   47   89
   51   81
   98   77
   45   73
   76   49
  137   47
  119   72
  132   51
   64   72
   55   88
  112   65
  163  102
  123   88
  138   15
   92   56
   78   77
   91   51
   55   46
  110   88
  100  107
  166   82
  105  112
   78  105
  162   61
  171   53
   71  106
  113   70
   58   53
   51   51
  140  122
   79   42
   79  107
   89   87
  140   74
  160  144
  107  135
  124  124
  126  128
   63  103
  145  117
   69   97
   60  140
   57  124
  180   99
   85  147
   53  111
  114  108
  157  106
  108   74
  131  106
  144  163
   72  126
  100   93
   49  122
   74  134
  190   89
  114   63
  185   86
   54   58
  110   78
  106  110
  121  119
  150   91
   59  122
   28  138
   78   29
   86  100
   84  105
   27   56
   81   71
  105   85
  119  102
  102  109
   96   60
   69   79
  108   44
   22   45
   43   40
  117   29
  128   41
   88   84
   81   74
   65   53
  103   36
  124   84
  130   88
  153   73
   48   69
   64   47
   94   25
   78   33
  157   76
  119   77
  127   60
   83   87
   52   71
  122   33
  134   55
  120   98
   82   81
   58   78
   94  142
  106  135
   90   96
  140  111
  149  102
  126  124
  101  135
   99   99
   33  109
  130   86
   63   86
   66   62
   91   59
  167   84
  111   98
   21  102
  101   97
  148   77
  136  121
  110  118
  114   79
   85   91
   92   90
   33   62
   44   55
  165  110
   85  120
  190   99
   70  128
  105  115
  134   73
  146   80
  124  132
   83  105
    7   96
   91  136
   43  104
  108  118
  116   98
  138  122
  126  135
  113  115
   96  110
  131  101
   47   95
   66   78
  137   69
  138   94
   94   95
  107  102
   79  111
  117   87
  135  127
  156  119
  180   77
   62   89
   90   99
  120   74
  104   71
  172  114
  145  129
  101  105
  105  135
   67  127
  133   82
  149   80
  139  134
  101  104
   84   93
   74   88
  128   94
  114   47
  147   55
   62   70
   52  134
   42   62
   99  117
   45   89
   73  107
  131   87
  126   94
  129   51
   55   53
   61  122
  116   89
  160   90
  115   63
  130   85
   90   46
   77   93
   82   90
   46   97
  116   75
   91  111
  170   85
   99  107
   80  120
  158   87
  167   60
   75   84
  108   43
   50   44
  134   85
  143  103
  122  121
   96  128
   95   46
   30   97
  124   36
   56   60
   61   37
   91   47
  161   55
  108  101
   25   94
   95   49
  142   52
  134  100
  104  107
  110   83
   80   88
   86   61
   39   44
   41   40
  161   93
   81   87
  184   75
   67   99
   99   75
  132   51
  143   74
  120  116
   80  100
    6   96
   97  148
  148  165
   75  173
   54  116
   57  142
   93  101
   38  108
   72   95
  138   91
  107  104
  127  146
   72  138
   43  112
  101   99
  160  147
  126  152
  145  132
   86  132
   73  110
   96   88
   63   90
  115  139
  106  139
  155  123
  104  150
   67  131
  158   97
  168  118
   79  162
  111  144
   62  141
  129  186
  133  187
  124   96
   98  155
  139   92
   52  113
   62  122
  128  122
  151  108
   79  174
  107  155
   91   80
  129  112
  121  145
  158  164
  181  165
   54  156
   94  111
  116  118
  107  122
  185  146
  148  123
  113  125
   98  138
   77  106
  119  115
  137  142
  150  166
   91  164
   81  167
  120  131
  122  162
   67  103
  136  145
   55  113
   43  155
   74  135
  168  118
   66  146
   66  110
  103  142
  143  121
   92   89
  130  109
  148  166
   51  125
   88  112
   67  134
   78  147
  185   89
  118  110
  164   97
   49  103
   94  126
   90  123
  101  121
  145  105
   38  122
   38  137
  132  117
   72   89
  149   99
   71   71
   60  100
   58   78
  183   75
   76  106
   63   86
  118  103
  160   70
   99   98
  138   99
  152  112
   69   86
  103   75
   60   79
   83   91
  197   87
  123  102
  182   76
   56  106
  111  104
   97   69
  115   73
  156  109
   55   95
   38   98
   35   96
  121   56
   51   66
   52   30
   86   42
  158   63
   99   91
   34   91
   92   68
  138   57
  125  105
  103  106
  116   71
   72   81
   80   69
   44   42
   46   30
  163   96
   86   99
  177   81
   59  108
   93   90
  123   54
  134   69
  122  118
   72   95
    7   88
  103   45
   23   29
   33   44
  101   24
  135   28
   89   69
   60   56
   70   51
  112   21
  120   66
  110   69
  133   66
   51   52
   55   33
   73   23
   59   36
  153   57
  100   63
  148   42
   66   71
   65   61
  119   16
  128   38
  114   79
   71   63
   37   62
   76  132
   64  147
   77  128
  189  136
   62   93
   82  100
  124  164
  164  131
   86  137
  151  112
  168  125
   67   87
  110  136
   78  131
   98  138
  207  121
  138  156
  177  129
   69  153
  114  164
   82  128
  109  102
  168  132
   59   91
   55   84
   82   59
  129   42
  146   59
  137   28
   41   42
   81   83
  135   52
  166   75
  117   58
  123   37
  102   25
   91   61
   72   46
   38   50
  128   60
   84   87
  189   60
  101   88
   98   90
  164   48
  174   26
   87   76
  113   39
   45   25
   97   29
  149   38
  105   75
   34   64
   83   59
  130   30
  133   76
   92   78
  108   71
   74   59
   74   43
   51   28
   36   40
  151   66
   76   73
  174   52
   68   81
   87   70
  131   26
  141   45
  110   88
   79   71
   16   69
  120   92
  134  106
   64  110
   56  105
  113   85
  165  130
  124  126
  139   86
   94   99
   80   98
   92   70
   56   62
  108  119
  100  128
  168  107
  106  136
   79  123
  164   81
  173   88
   69  140
  115  113
   59  104
  107  130
   35  117
  118  193
  164  162
  131  144
  128  111
  134  167
   90  125
  106  162
   27  167
   65  176
  186  132
  106  170
  200  149
   69  162
  119  184
  128  160
  143  137
  144  128
   80  110
   20  125
   21   64
   91  138
  140  108
  145   85
  104   54
  102  120
   88   76
   87  107
   46  115
   30  125
  151   75
   72  113
  188   94
   79  103
  100  128
  143  108
  154   86
  110   68
   92   61
   19   78
   44   40
  103   32
  165   35
  131   59
  149   92
   91   63
   79   20
  101   48
   67   60
  111   39
  111   19
  156   20
  110   30
   71   23
  163   36
  173   52
   78   56
  116   66
   67   76
  118   58
  108  104
  126  114
  149   96
   34   96
   68   65
   83   53
   76   52
  167   99
  116   90
  138   80
   68  103
   68   78
  106   58
  117   82
  129  121
   65  108
   48  105
  125  158
  106  172
  130  157
   56  157
   52  120
   73  113
   55  113
  148  155
   96  141
  150  135
   70  155
   64  125
  124  116
  133  142
  109  177
   75  168
   36  166
  120  141
  124  175
   89  147
  100  102
   24  128
   55  139
  176  121
   95   84
  197  105
   71  100
  113   78
  133  118
  146  136
  134  135
   83  150
   13  160
  182  172
   65  128
   91  156
  122  166
  105  176
  173  123
  147  160
   99  142
  107  150
   68  176
  135  158
  151  137
  140  114
  103  113
   86  131
   61  130
   61  140
   97  117
   74  118
  143  154
  116  170
  130  146
   91  175
   40  168
  136  124
  146  121
  108  174
   93  145
   60  135
   82  106
  112   81
   79   76
  120  113
  123  135
  146  109
  115  139
   66  134
  165   90
  175   78
   90  130
  120   91
   77   72
   92   87
   59   87
  119  125
  102  106
  154  104
   99  120
   65   88
  153   89
  163  115
   82  146
  106  140
   57  139
   71   57
   92   51
  116   76
  182   49
  126   77
   96   81
  184   43
  193   19
   68   70
  135   43
   76   43
  117   55
   98   33
  160   37
   98   45
   70   39
  155   54
  164   69
   78   72
  106   83
   54   93
   96  137
  181  111
   54  137
  100  145
  118  114
  129   99
  132  130
   66  112
   10  119
  130   77
  110   80
   54  100
  154  104
  165  108
  105   96
  112  113
   76  127
  104  175
   54  180
  152  139
  163  116
   96  159
  108  119
   68  100
   52   96
  142   54
  152   48
   96   98
   96   74
   55   72
  183  111
  193   90
   71   65
  135   66
   79   84
  112  117
  132  170
   59  133
   44  116
  117  148
   76  138
    9  141
  100   81
   25   90
   77  122
     1.342