    1   51    2    0    1 1456
   35   77
  112   44
   86   55
   71   34
   97   77
  121   72
   67   44
  156  106
   38   63
  100   84
   57   95
   62   76
   97  121
  119   50
  146  116
   74   63
  108   65
  157   32
  110   75
   82   55
  123  113
  122   57
   91   65
   84  101
  132  104
  123   47
   68   88
  137   75
  146  104
   62   24
   43   62
   79   89
  131   32
   81   75
   54   74
   86   74
   25   99
   53   93
   77  123
   80   37
  104   68
  134   72
   58   94
   38   35
   98  120
   62   96
  157   46
  122   91
  105   85
   67   73
   58   43
   53   38
   18   33
   84   29
  146   52
   17   47
  129   60
   58   57
  132   42
   74   45
  122   30
   37   71
  155   11
  155   68
   60   26
   49   29
  100   30
   91   64
   88   16
   79   62
  179   23
  117   54
   80   50
  109   52
  167   54
   46   44
  114   27
  113   62
   19   37
   57   11
   96   40
  115   45
   32   23
   63   49
   56   43
   76   58
   99   41
   73   75
  113   52
   85   38
  194   61
   30   43
   85   48
   76   69
   56   46
  133   18
  119   41
   60   40
   17   45
   54   57
   67   62
  113   52
  161   66
   66   72
  171   63
   32   77
  134   67
   84   49
  100   55
   85   75
  124   43
  180   71
   61   39
   91   40
  135   64
   92   81
  104   38
   89   67
  169   56
  122   72
   37   64
  145   61
  127   79
   85   68
  105   30
  107   66
   58   69
   29   32
  116   44
  153   78
   56   38
   12   61
   63   54
   51   82
  100   53
   29   78
   66   86
  121   50
  173   78
   69   49
   46   77
  111   73
   77   62
  174   47
   75   45
   72   44
   43   55
   45   84
   78   86
  127   58
   42   85
  138   46
   31   77
  103  101
   49   53
   89   89
   70   67
  125   73
  144   58
   49   55
   80   52
  130   93
   85   74
   69   65
   98   70
  148   91
   89   71
   71   88
  113   77
  138   90
   52  101
  115   53
  123   37
   35   93
   33   67
   81   49
  119  106
   54   71
   46   51
   60   45
   43  115
   72   77
   64   63
   87  113
   87   50
  161   73
   38   63
   55   94
   78   68
   42   90
  141   73
  109   51
   80   39
   40   48
   86   63
  145   55
   32   31
  139   88
   43   48
  124   73
   69   78
  110   63
   52  103
  140   34
  158   98
   44   44
   60   47
  108   23
   74   60
   85   37
   76   96
  170   45
  110   49
   65   86
  115   88
  152   36
   54   76
  100   58
  105   85
   25   17
   41   46
   96   72
  123   31
   32   59
   46   56
   42   56
   62   88
   93   77
   58  105
   97   37
   91   50
  183   56
   38   77
   70   26
   81  102
   53   82
  143   29
  104   73
   58   67
   18   55
  171  105
   57   76
  167  140
   51   95
  147  121
   94  130
  123  112
   69  155
  147   85
  186  150
   64   96
   75   99
  114   69
   92  107
  111   89
   64  148
  189   93
  134   98
   45  137
  144  140
  153   80
   83  125
   96  110
   82  137
   52   59
   48   97
  124  124
  152   69
   36  110
   38  107
   55  108
   73  136
  116  128
   39  158
   91   74
  120  102
  196  104
   66  129
   72   67
  110  154
   81  132
  171   80
   88  125
   47  119
   25  107
   58  146
  156  113
   13  149
  113  121
   64   94
   82  111
   82  118
  110  115
  160  117
   54  111
   90  112
  137  135
   89  152
   85  112
   99  109
  149  122
  100  144
   59  108
  130  102
  122  153
   69  121
  112   94
  120  121
   49  142
   17  103
   95   93
  136  150
   59   94
   30  130
   64  122
   34  134
   78   96
   51  124
   70  158
  105  120
  156  149
   55   89
   40  150
   96  116
   60  108
  158  120
   96   92
   81  103
   46  124
  173   36
   27   45
  130   89
   82   45
   90   77
   92   58
  115   56
  178   48
   66   36
   99   33
  144   72
   99   38
  103   47
  100   61
  160   76
  118   38
   47   79
  147   69
  115   61
   87   90
  115   41
  119   23
   63   70
   26   53
  113   40
  154   84
   65   60
   15   20
   71   20
   41  104
   93   68
   39   52
   56   91
  122   26
  162   38
   72   55
   34   68
  113   59
   78   80
  176   53
   84   43
   83   29
   52   20
   60  103
  110  171
   68  158
   68  159
  113  181
  141  127
  141  174
   94  123
  124  123
  174  128
  130  115
   93  124
  143  178
  104  146
  103  105
  106  178
  140  175
  138  104
   74  174
  158  140
  167  155
   77  120
   65  135
   72  151
  133  134
  100  150
   76  119
  106  123
   45  187
   33  167
   99  181
   98  138
  110  119
  125  111
   66  162
   52  111
  108  181
   75  175
  161  120
  144  154
  125  142
   85  121
  132   37
   87   44
   76   25
  110   67
  114   36
  180   67
   82   43
  118   45
  164   52
  116   85
  110   38
  121   57
  149   34
  121   76
   66   40
  158   43
   94   78
   96   38
  136   33
  140   68
   78   61
   41   26
  113   42
  162   66
   85   16
   36   66
   90   59
   34   52
   85   31
   59   74
   46   74
  132   55
  145   82
   83   37
   12   72
  123   65
   87   36
  185   42
  105   41
  104   47
   72   61
   95  112
   87  125
  111  137
  122  105
  189  132
   84   90
  118   90
  163  125
  117  131
  117   97
  118  132
  161  123
  130  122
   59  134
  163  129
  101  133
  102  139
  134   94
  136  121
   81  127
   43   99
  123  106
  169  139
   84  109
   31  110
   90  103
   44  153
   96  123
   52  139
   37  146
  138   99
  156  128
   88  116
   21  132
  129  136
   93  133
  192  105
   98  108
  101  100
   71  105
  121   53
   91  109
  176   51
  105  108
  100   69
  108   72
  158   57
  135  106
   91   59
  139   99
  161   37
  118   95
  126   80
  113   86
  185   90
   35   65
  165   69
  170  105
   63   67
   89   53
   54   81
   82   69
   92   58
  101   92
  107   87
   86   78
   68   73
  119  115
  139   76
   79   81
  183  102
   36   80
  100   81
   87  107
   69   74
  115   57
  165   82
  120   83
   77   88
   62  128
  161   90
  125  119
   77   77
   79   75
  130   98
  111   55
   77   84
  110  127
  165  111
  108   50
  103  134
   86  128
  173   74
   15  135
  139   93
  143   97
   36   91
   69   95
   69  101
   84  106
   64  108
   81   60
   81   67
   76  149
   79  122
   96  125
  124  111
   55   67
  185   52
    8  114
   90   84
   61  128
   49  132
  104   84
  141  103
   91   90
   48   65
  118   63
  146  109
   54   58
   88   58
  137   64
   90   47
   72   60
  103  113
  142   82
   87   37
   71  114
  119  111
  131   38
   58  110
  118   75
  127   89
   43   56
   30   71
   81   86
  124   70
   61   86
   43   53
   66   57
   35  124
   68  103
   63  115
   82   75
   93   54
  154   43
   44   97
   47   47
   85  116
   48  111
  147   57
  109   89
   85   77
   46   55
  123  167
   92  144
  117  141
  168  173
  129  119
   84  154
  140  180
  121  183
   98  126
  111  196
  128  187
  152  150
   59  203
  158  155
  166  142
   69  167
   69  163
   54  158
  116  182
   95  173
   82  121
  103  127
   55  217
   31  184
  103  171
  110  187
   97  132
  142  121
   54  172
   66  160
   97  179
   66  196
  145  157
  149  160
  122  146
   81  125
  109  147
  139  150
  189  125
  145  182
  107  137
  157  172
  107  107
  118  171
  118  146
  155  156
  143  162
   87  124
  172  146
  181  183
   92  136
   78  131
   82  158
  145  132
  115  132
   88  170
  120  165
   55  132
   36  143
  111  191
  105  137
  124  159
  118  178
   80  153
   57  151
  123  181
   89  139
  174  133
  156  158
  140  161
  100  166
   81   91
  131  125
   98  123
   58   98
  106   47
  149  112
   89  118
   88   81
   97   66
  153  135
   35  105
  127   77
  134   67
   33  129
   51   92
   67   64
  101  139
   60   85
   63  100
   71   92
   56  115
   67   76
   81   45
  104  147
   70   94
  167  121
   23   63
   69  135
   63   38
   30   87
  124  107
  126   62
   87   71
   45   95
  116  134
   95  132
   75  107
   94   54
  166  121
  105  128
   87   87
   93   72
  164  144
   32  112
  123   87
  126   76
   19  138
   57  101
   80   73
  101  148
   48   93
   66  109
   64  101
   69  121
   84   83
   80   49
  113  156
   69  104
  184  130
   15   71
   81  144
   60   44
   43   93
  120  116
  126   71
   76   80
   33  104
  143  158
  101  109
  143  135
  173   94
  129  148
  135  113
  119  120
  196  146
   38  101
  172  111
  176  147
   69  125
   98   99
   66  121
   83  128
   97   95
  111  141
  114  135
   98  115
   80  107
  127  153
  150  135
   85  130
  195  154
   41  116
  112  138
   93  143
   77  107
  116  111
  173  120
  124  125
   81  136
   72  102
  107   98
  138  104
   85  137
   74   86
  120   85
  129  143
   59   98
  122   88
  131  117
   46  129
   32   91
   80   89
  124  135
   64   77
   45  124
   70  116
   33  110
   64   74
   66  117
   81  143
   94  113
  150  142
   46   79
   46  139
   86  107
   50   85
  148  108
  111   88
   89   98
   50  118
  115  138
  159  109
  127   62
   57  139
  160  136
  103   68
   99  137
  130  101
  133  114
   78   85
   40   97
  120  112
  166   99
   81  112
   28   77
   87   82
   42  150
   95  128
   49  140
   40  103
  135   79
  156   69
   85  123
   22   76
  126  141
   90  137
  188   83
   96  114
   98  102
   68   80
  148   88
  101   81
   59  130
  131  131
  121   64
   70  119
  113   99
  121  124
   50   55
   17   88
   95  113
  137   68
   60  102
   30   92
   65   93
   33  132
   78  120
   51  146
   69   72
  106   88
  156   88
   56  120
   39   53
   97  143
   61  125
  159   71
   96  115
   82  107
   47   92
   96  172
   71  157
  108  142
  146  191
   47  178
  110  140
  117  116
   26  190
   38  157
   84  127
  116  202
   46  153
   48  152
   54  146
   52  189
   79  149
   64  107
   94  209
   83  150
  171  173
   32  134
   63  194
   73  119
   41  161
  136  168
  110  127
   72  129
   31  149
  102  111
  131   96
  139  169
   65  135
  151  110
  160  108
   68  162
   60  124
   66   97
  124  171
   92  115
   72  136
   98  129
   43  144
   35  106
   94   91
   98  179
  101  130
  133  158
   57   93
   53  169
   99   78
   65  116
  152  140
  139   95
  117  107
   77  131
   86  117
  164   48
   24  101
  132   87
  137  114
   31   36
   61   75
   67  101
   92   38
   60   88
   72   82
   75   83
   67  112
   74  106
   88  135
  115   39
   59   77
  177   75
   12  107
   81   35
   54  131
   40  109
  113   58
  134  103
   88   96
   45   82
  158  108
   45  149
  152  135
  160  164
   59   84
   68  122
   44  149
  102   93
   86  135
   81  134
   96  134
   60  160
   45  153
  101  183
  115   99
   83  128
  156  132
   40  154
   74   96
   84  180
   57  156
  131  106
  147  151
  114  145
   72  134
   59  111
  110  126
  119  162
   39  126
   26  111
   87  137
  126  126
   53  111
   38  152
   58  146
   40  122
   76  124
   57  170
   81  133
   94  141
  161  162
   44  133
   50  140
   85  161
   49  122
  148  117
  102  137
   77  140
   39  147
  134   53
  140   88
   35   65
   59   42
   63   61
   92   65
   64   35
   72   84
   77   78
   64   34
   68   41
   88   91
  113   72
   62   73
  173   97
   16   53
   78   79
   59   80
   38   35
  115   53
  134   60
   91   67
   48   79
  106  162
   36  130
   28  113
   97  135
  131  130
   42  109
   34  154
   47  148
   50  113
   88  119
   49  167
   83  137
   99  143
  172  166
   47  130
   56  145
   88  157
   56  115
  151  121
   94  135
   65  140
   29  150
   62   96
   32  134
   92  160
  141   96
   76  148
   41  139
   80  141
   17  171
   67  165
   64  194
   67   94
  111  136
  140  131
   63  166
   28   91
  104  191
   67  169
  165  117
  109  162
   98  154
   62  140
   32   67
   83   80
  120   62
   52   81
   44   43
   58   49
   44  119
   75   98
   62  107
   87   65
   88   47
  164   25
   38   92
   55   37
   79  109
   44  106
  142   52
  107   83
   77   70
   37   46
   58   36
  121  111
  104   56
   89   74
  111   66
   60   87
   25   48
  111   28
  115  119
  104   68
  141   96
   61   34
   70  108
  104   19
   74   59
  151   79
  156   34
  130   45
   89   69
  159  106
  113  114
   75   63
  117   71
   45  155
   58  128
   99  125
   86  110
  135   73
  103   44
   89  119
   36   82
  130  131
   95  138
  186   90
  144  108
  136   93
   99   69
   37  121
   73   87
   65   91
   86  160
  106  137
   82  148
  123  120
   87   87
  204   85
   31  131
   96   95
   81  149
   64  146
  131   94
  129  122
   63  110
   22   89
   33   58
   77   50
   23   83
   75   43
   57   42
   60  102
  115   51
  145   80
   66   28
   26   90
  106   39
   70   56
  169   62
  102   18
   94   28
   59   53
   57   94
   74   12
  117   43
   38   93
   90   89
  122   89
  197  116
   69   58
   71   98
  112   80
   83   30
  173   72
   86   68
   48   79
   27   95
   54  153
  107  124
   47  119
   45  114
  144   69
  167   46
   94  114
   31   86
  135  125
   99  135
  198   89
   94  103
   98   88
   71   64
  113   97
   22  107
   67   66
  134   46
  182   27
   82   91
   51   38
  123  109
   90  105
  186   52
   71   82
   74   70
   50   46
  106  105
  108   64
  106   75
  134   96
   63   68
   63   73
  106   96
   74   57
  155   51
  151   72
  128   76
   87   82
   68   64
  122   38
  177   59
   70   62
   49   51
  112   86
   79   73
  175   24
   71   57
   69   50
   42   45
   90  100
  195  117
   35   96
   83   88
   81  124
   59   83
  139   73
  114  100
   55  102
   11  106
  171  128
   41   82
   58  145
   83   69
   50  109
  146  119
  100   76
   67   80
   29  102
   60  152
   33  156
  100  179
   64  137
  160  136
  115  156
  101  160
   64  167
   91   75
   63   70
   51   24
  111   48
  137   51
   82   59
   39   73
   93   82
   58   54
  156   15
   95   54
   77   51
   41   49
   88  105
  186   97
   98   65
   99   58
   69   80
  193   91
  112   81
  113   92
   82  110
  124  144
  103  129
   63  106
   79   99
   40  117
   77   98
     1.788