    1   31    2    0    1 1131
  129   85
   78   83
   85   94
   90   78
  124   64
  122  130
   99   52
  138   81
  153   45
  148   65
  125  124
  134   56
  183  129
  123  106
  107   68
  197   95
  173   82
   66  131
  100  123
  151  117
   60   80
  145  122
  115   95
  109   62
  110  120
  107   60
   44  123
   52   64
  118   78
   43   86
   41   91
   81   83
  122   87
  104  134
  115  116
   69  135
  158   81
  140  116
  178  113
  163  105
  154  150
  156  120
   90   91
  142  108
  168  143
  174  135
   97  115
   92  156
  145   98
   54  125
  108  147
  149  138
  118  126
  120  103
  102  104
   85  161
   52  122
  124   87
   13  147
   40   75
  110   63
  137   89
   86   28
   64   99
  133   65
   95   96
  162   74
  162   46
  125  114
  123   18
   80   44
  141   99
  138   72
  132   75
   94   33
   48   62
  106   48
   19   67
  110   51
  143   67
   97   83
  112   39
   58   79
   85   70
   34   79
   95   80
   32   86
   93   46
  150   86
   93   50
   87   92
  110   46
   98   80
  143   66
  150   47
  100  107
  141   51
  105   28
  130   79
  156   85
  114   80
   84   51
   40   91
  107   42
   22   70
  135   81
  129   79
   87   78
  111   41
   47   64
   72   97
   35   74
   80   60
   50   93
  151  109
   99   85
   94  119
   97   96
  111  120
  130   95
  138   97
   90  133
  154   78
  114   85
  120  129
  169   92
  121   94
   74   89
   51   89
  117   95
   31   87
  143   78
  118   86
   83  103
  108   89
   57  103
   60   96
   37   99
   79  112
   54  105
  106  174
   75  108
  147  130
   83  110
  179  106
  182  171
  136  123
  104  172
   83  152
  160  133
  119  139
  134  126
  114  176
   40  166
  123  165
   38  122
  115  164
  162  138
  116  106
  133  166
   52  108
  104  166
   54  106
  112  134
   48  133
  103  120
  109  112
  100  125
  143   98
  156  133
   90  134
  149  122
  120  115
  138  139
  164  100
  104   97
   93  131
   36  114
  123  129
   39   88
  150  108
  135   95
  100  104
  125  126
   41  109
   77  118
   51  100
   94  127
   66  109
   86   89
  120  125
  120  109
  135   58
   79  150
  165   54
  127   64
  119  122
  180  119
  127  118
   75   47
   58  116
  130   61
   43  109
  155  105
  114  113
   93  120
  116   52
   63  108
   55  124
   47  116
   91  101
   64  131
   99  173
  151  159
  152   99
  113  200
  134  102
   91  112
  131  168
  149  170
  126  169
   84   88
   47  166
   97  104
    8  159
  120  155
  132  164
   86  170
  104   97
   56  158
   74  174
   26  166
   83  148
   36  181
  185  129
  191  158
  136  150
  106  135
  100  145
  170  175
  119   95
  130  108
  124  149
   29   70
  132  156
   49  111
  131   81
  171   95
  125  128
  145  150
   42  144
  113   67
   66  127
  120  163
   64  109
  181  185
  156  136
  129  192
   65  167
  159  126
  140  167
  164  154
  113  193
   77  194
  139  178
   50  150
   79  191
  163  167
  123  135
  130  182
   88  123
  103  195
   56  135
  125  137
   24  160
  149  132
  172  171
  109  159
  127  160
  186  119
  178  105
   85  178
  100  147
  151  173
   59  107
  128  147
  135  119
  116  106
  115  172
  109  129
   68  147
   53  107
  124  155
   27  114
  167  110
  149  110
  167  140
  181   90
  125   92
  122  121
   44   96
  155  122
   71   86
  180   89
  162   84
  133  103
  158  118
   48  111
  101  101
   84  100
  127  127
   99  103
  134  115
  162  168
  165  142
  111  144
  116  113
   29  136
  142  122
   58  135
  165  125
  158  136
  124  150
  148  115
   32  146
   98  144
   73  146
  117  149
   86  155
  134  127
  145  111
  131  101
   87  174
   50  141
  102  165
   13  106
  114  144
  136  114
   90   91
  106  166
   59  108
   78  137
   27   95
   89  134
   31   96
  150  145
  101  132
  109  189
   17  174
  127  176
   44  132
  148  174
  153  145
  113  114
  137  179
   22  118
   95  173
   60  116
  106  140
   71  134
  164  109
   68  190
   95  147
  158  186
   70  118
  174  150
  101  121
  114  115
  126  184
  101  140
   21  144
   66  118
  119  167
   75  103
  117  170
   40  204
  126  151
   41  164
  117  197
  165  181
  119  157
  136  158
   52  132
  108  207
   58  154
  115  110
   51  183
   70  107
  148   99
   62   65
  174  103
  122   82
  111   61
  133  100
   74   53
   56  109
   66   57
  110   77
   82   85
  136   24
   48   66
   93   84
  168   78
  124   70
  136   31
   77   49
  110   99
   59   65
  124   32
   36   89
   55  154
  162  154
   97  160
   99  165
  116  103
   84  153
   34  172
   53  161
  103  147
   66  176
  133   73
  170   53
  125   32
  145   62
   39   14
  112   80
   66   29
  119   35
   65   56
  154   93
  111   96
  121  150
   76  115
   95  121
   45   95
  112  140
   22   95
  109  105
  119  153
  101   92
   16  162
   60  103
  116  118
   66  131
  107  119
   89  106
   77  175
   39  127
  110   78
    3  155
   27  128
   94  130
   65  125
  109  136
   77  134
   96   80
   49   68
  103   64
   51   82
   62   82
  112   68
   68   97
  116   23
   83   94
   26  127
     0.506