    1   31    3    0    1  588
  114  144
   85   96
  159  148
   84  150
   51   74
   87  103
  114   71
  150   65
   94  142
  100  165
  140  156
   32  137
  106   85
  172  138
   52  122
  122  128
   60  125
   56   96
   82  106
  117   77
  142  114
   52   68
  115  140
   50  116
  129  119
   90  108
   51  158
   60  129
   35  131
   73  136
  113  112
  141   86
   98   89
   41  123
   86  137
   92  127
  156  136
  103   76
   85  101
  146  115
   61   59
  135  124
  155  161
   26   83
  127  128
   56   71
   74  130
  111   98
  132  117
  149  103
   52  139
  144  162
   78  111
  134  125
  101  120
   72   99
   74   77
   57   79
   87   91
  126  120
  107  118
   22  130
   41  100
   98  131
  111  143
   59  126
  132  122
   99   97
   63  152
  123  117
  136   83
   51  120
   80   76
   27  150
   41  105
  107  114
   91  134
  103  103
   56  143
  144   82
   78   95
   87   84
   61   96
   46  115
   35  124
   45  121
   45  109
  104  113
   41  149
   55  157
  116  153
  111  164
   53   98
  136  128
  101  136
   48  109
  102  147
  157  180
   64  102
   85  146
   44  113
   21  151
   87  120
   78  145
  101  122
   60  167
  126  180
   64  130
   90  144
   49  139
   25  124
   20   96
   30   97
   34  110
   59  137
   49  150
  135  141
  111  151
   45   93
  165  121
   85  132
   73   83
  117  137
  162  175
   88   96
   79  142
   65   91
   26  144
  104  112
   60  132
   75  116
   88  154
  146  175
   91  125
   72  138
   63  133
   41  118
   19   91
   59   93
   10  107
  100   49
  151   35
  155   46
   94   47
  141   73
  142   69
   28   45
   65   32
  200   80
   92   28
  129   55
   85   35
   42   41
   42   17
  106   26
  139   29
   87   49
   83   82
   57   36
  131   47
   93   37
   37   66
   54   34
   44   36
   60   44
   99   62
  141   75
   87   51
  101   65
  131   53
   44   70
  115   50
  157   71
   38   38
  112   39
   46   67
   54   48
   93   32
  113   59
  134   20
   37   77
  127   72
   60   21
  120   35
   83   32
   51   57
   55   43
   36   42
   69   38
  125  156
   72   80
  119   72
  113   81
   61  113
  126  132
  135  143
   37   93
   94  110
   23  118
   51  131
  108  107
  103  137
  117  101
   45  158
  144  143
   76  103
  101  112
   73  115
   53   65
   47   89
   45   86
   59   77
  110   93
  105  122
  149  132
   88  124
  159  156
  133  182
   27  111
  129  148
   61  129
   89  159
  138  129
  142  157
  152  128
   70  179
  172  183
  104  134
  134  147
  111  145
   90  118
   85  104
   78  103
   97  109
  147   66
  109   83
   92   63
  152  111
  109  138
   59   66
   92  104
   49   72
   66  115
  136   84
  110  109
  110   84
   78  132
  173  139
  107   91
   92  103
   86  101
   74   66
   58   58
   74   58
   63   65
  132   70
   67  139
  137  129
  137  111
   18  110
  113   87
   42  141
   68  120
  117  114
  122  141
  136  103
   48  157
  151  110
   83   98
  119   96
   91  106
   68   88
   65  111
   56  108
   77   94
   57  159
  109  125
  153  100
   68  126
   76   82
   46  157
   22  114
   94  121
   72  141
   92  110
   66  152
  134  100
   73  101
   81   92
   42  103
   30  124
   15  131
   40  129
   27  117
  133   42
  166   37
   37   58
  134   22
   65   84
   77   30
  107   46
  137   59
  157   38
   58   68
  140   38
   76   30
  141   16
  107   23
   74   71
   79   64
   58   63
   92   56
  187  122
   76   88
  120   88
   71  118
   39  112
   56   95
  104  124
  134   85
   71  143
   91  122
   40   84
  125   92
   85   95
   33   79
   49   89
   30   86
   59   72
  102   98
   89  127
   78  124
   43  128
  121   97
   77  127
   71  100
  104  148
  163  159
  109  108
   74  122
   80  116
   59  131
   37  105
   77  105
   21  110
  125   67
   57   62
   86   85
  138   58
  138   88
  147   54
   69  109
  172  101
  103   58
  129   68
  108   69
   88   22
   81   36
   76   34
   93   29
   69  114
   81   74
  109   81
  140   77
  160   86
   62   91
  142  119
   79   87
  145   91
  110   80
   77  131
   82  107
   61  108
   96  110
   34   97
  112   83
   67  113
   70   73
   95  130
  154   93
   99   71
   71   74
   71   81
   49   41
   28   72
   67   69
   13   56
  126   21
  110   40
  116   29
   63   63
  162   88
   94   38
   98   51
   82   43
   67   53
   55   19
   63   21
   64   33
   89   88
   78   65
   95  110
  170  122
  110   72
   65   86
   79   81
   65   65
   43   38
   76   39
   37   52
  128  112
   90  170
  189  133
  122  110
  111  114
  105  121
   92   75
   77  109
   90  106
   82   93
   61  140
  102  145
   39   96
  128  109
   88  106
   42   90
   55   67
   30   64
   67   74
  115   68
   46   41
  117   31
   77   38
   40   84
   47   76
   23   74
   61   68
   97  104
   59  118
   66  112
   53  113
   31   79
   64   82
   30   94
  107   97
   69   94
   13   65
   30   51
   29   51
   39   59
   55  121
   31   63
   27   93
   29   91
   41   83
   62  131
   57  109
   52  109
   69  111
   15   53
   54   52
    8   44
   40   57
   54   59
   10   26
     0.251