    1   41    2    0    1 1238
   86  146
  131  134
  126   97
  106  135
  115  147
  104  127
   23  123
  135  166
   85  166
   99  153
   53  134
   58  141
   40  159
  142  149
   71  145
  122  153
   65  104
   83  137
   88  144
  126  141
   96  118
   60  108
   98  128
  139  113
   64  145
   61  133
   61  143
   43  114
   60  138
   63  124
   25  120
  136  110
  114  138
   51  145
   68  152
   87  120
  118  146
   41  112
   17  143
   16  124
  153   79
  113   75
  130   74
  136   51
  132   99
   53   76
  122   73
  114   72
  121   57
   62  113
   85  101
   56   66
  129   74
   94   56
  102   84
   55   71
  112   99
   92   96
  153   83
  116   71
   88   75
  109   62
  168   72
   61   59
   59   88
   73   54
   73   75
   76   98
   46  106
   48   85
  157   64
  123   42
   66  105
   77   55
  113   94
  113   50
   50   72
   26   50
   44   55
  126  119
  106  138
  114  169
  107  109
   29  124
  127  194
   92  193
  106  174
   47  112
   66  173
   47  186
  143  157
   71  161
  120  155
   61  138
   87  122
   80  134
  134  140
  104  152
   68  141
   94  161
  143  121
   55  161
   63  126
   66  172
   51  148
   57  125
   56  105
   24  153
  145  128
  107  163
   47  177
   63  175
   89  103
  110  170
   34  146
    9  170
   19  156
   99  158
  108  164
   99  146
   22  146
  133  175
   85  178
  105  170
   46  147
   60  126
   46  169
  149  172
   64  164
  128  176
   69  111
   79  158
   82  166
  128  164
  103  118
   61  109
   91  133
  134  136
   62  166
   68  156
   68  153
   46  112
   52  159
   65  136
   18  110
  142  133
  109  153
   43  130
   60  167
   80  139
  115  162
   37  113
   14  155
   11  133
  113  119
   40   73
   86   84
  202  137
   89  138
  178  124
   78   68
   81   98
  104  130
  226  115
   28  114
  207  115
  149   73
   46   86
  142   98
  165  101
  169   85
   80   74
  103   98
   83   76
  135  115
  146   89
  143  114
  120   80
   58   89
  143   57
   82   81
  192   78
  174  110
   72  101
   77  123
  133   66
  181  118
  107   79
   90  115
   69   95
   60  103
   47  110
  164  160
   73  161
  139  147
   47  103
   59  122
   70  153
  186  140
   29  138
  167  142
  108   95
   47  117
  104  127
  134  128
  131  107
   58   96
   81  120
   98  102
   95  138
  106  117
  104  137
   80  102
   35  118
  102   92
   41  104
  160  102
  135  133
   38  126
   53  146
   93   97
  142  141
   67  101
   50  137
   29  117
   68  113
  195  116
   57  120
  157  122
   82  117
   50   39
   77  112
  205  134
   46  122
  191  140
  133   71
   17  128
  137  135
  137  131
  145   65
   48   66
  114   76
   77  103
  125  123
  126  124
  123   98
  103   62
   67  129
  130  106
   70   52
  164   97
  166  104
   73   41
   86  117
  120  109
  175  113
   98   65
   78  102
   54   82
  139   81
   88   79
   95   58
   63   58
   58   86
   32   73
  131   44
   83   45
  116   47
   62   45
   90   44
   97   44
  127   37
   90   56
   61   51
  110   58
  148   17
   69   45
   50   35
   49   61
   53   55
   72   43
   63   54
   37   65
  131   19
  123   50
   62   90
   79   59
   98   39
  125   55
   50   53
   25   58
   26   50
   94  179
  115  157
   89  135
   59  180
   22  173
  121  137
  105  143
  126  136
   80  140
  104  120
  121  124
  133  123
   97  152
   65  145
  135  156
  164  107
   92  142
   58  113
   66  161
   77  151
   96  120
   82  133
   62  159
  127  117
  148  150
   87  184
  104  159
  121  117
  148  154
   75  148
   50  158
   49  149
  115   63
   49   91
   78   87
   55   72
  139   68
   80   57
  112   76
   55   51
  100   81
   79   80
  146   70
  112   56
   80   55
   97   54
  155   52
   48   58
   63   71
   71   57
   63   58
   63   80
   44   84
   35   68
  154   42
  109   49
   53   91
   65   62
  101   72
  103   57
   36   55
   12   55
   32   46
   77  104
   80  177
  103  183
  225  145
   27  153
  206  141
  147  140
   45  104
  141  117
  163  126
  167  154
   78  144
  103  161
   82  115
  134  152
  144  111
  142  169
  119  150
   57  107
  142  105
   81  157
  191  124
  173  159
   71  181
   76  169
  132   95
  180  164
  106  149
   89  167
   68  155
   55   96
   34   75
  137   29
   77   39
  121   27
   65   56
   85   30
   94   24
  123   14
   90   66
   58   61
  105   66
  142   24
   69   38
   56   19
   55   65
   47   66
   66   29
   65   53
   32   75
  131   29
  120   52
   57  100
   74   58
   92   37
  123   54
   47   63
   23   61
   21   59
   97   96
  201   79
   28   79
  176   79
  118   40
   78   50
  100   62
  166   65
  155   53
   93   42
   50   65
  124   40
   97   79
  121   52
  122   80
   99   48
   10   53
  108   23
   54   50
  189   43
  137   75
   29   72
   23   88
  113   30
  139   83
   72   47
   57   80
   50   62
  175   72
   53   59
  149   80
   91   17
   90   77
   71   80
  158   73
  137    4
   89   15
   60   17
  140   48
   69   61
   97   70
  101   39
   80   10
   30   77
   79   67
   37   18
  175   40
  110   42
   23   39
   28   56
  101   62
  109   51
   46    9
   31   42
   37   19
   75  152
  169  183
  115  149
   56  197
  134  195
  107  183
  118  138
    8  148
  129  124
  117  168
  115  154
  101  187
   98  117
   87  144
   84  196
  114  197
   64  148
  129  158
  161  131
   82  155
  100  135
  115  188
  168  134
   90  143
   68  122
   46  127
  133   58
   78   33
   74   33
  102   43
  111   45
   88   47
   45   37
  107   56
  132   20
   79   60
   67   33
   64   68
   51   44
   66   35
   77   21
   34   50
  122   25
  128   60
   59   74
   77   72
   89   14
  133   67
   56   42
   32   66
   18   51
  104  109
   85  152
   85  153
  162  144
  146  113
   91  113
   48  113
  133  122
   82  133
  109  143
  111  123
   89  114
   17  152
   93  150
   44  125
  182  113
  122  119
   19  148
   17  133
  105  141
  123  128
   58  112
   43  123
   42  106
  118  104
  113   94
  151   78
  112  111
   85  112
  130  104
  176   89
   82   53
   54   92
   71   90
   81  114
   95  101
   68  125
   62  124
  149   87
  142   77
   85  146
   98   74
  125  109
  136   73
   69  111
   44   85
   54   97
  104   45
  107   35
  102  100
   38   97
  102   96
  117   62
   86   51
   81   49
   78   88
   59  101
   58   56
   87   89
   34  111
  130   66
  131   74
   54  135
   72   74
   85   72
  138   72
   60   98
   38   83
   15   89
  166   88
  140   96
   98   91
   69   98
  153   67
   65   90
   96   86
  102  102
   85   96
   42   95
   75  102
   44  105
  180   60
  112   92
   36  130
   36  102
  109   88
  102   97
   47   93
   32   99
   44   91
  119  154
   33  156
  105  144
  100  140
  102  100
  100  146
   97  127
   78  157
   59  156
  105  176
   48  167
  141  135
  145  115
   59  187
   76  108
   97  161
  153  109
   75  155
   55  122
   30  137
   18  140
  122  150
  107  102
  115  125
  105   80
  102  152
   88  146
   77   83
  116  116
   62  154
  136  111
  159  139
   76  179
   94  146
  112  101
  167  142
   89  143
   67  148
   43  143
  103   80
   72   49
  121   34
  126   41
  123   71
  102   85
   57   49
  127   79
   66   95
  169   51
  161   57
   65  119
   76   57
  116   63
  169   55
   93   82
   75   66
   52   72
  140   50
   62   85
   61   49
   61  104
   45   93
   60   54
   61   68
   25  101
  138   60
  113   93
   50  126
   67  102
   87   51
  117   97
   40   90
   16  101
   16   92
  136  153
  115  146
  114  135
  108   93
  108  149
  133  124
   87   85
  138  122
  183  137
  106   93
  125  151
  138  128
  190  146
  112   95
   88  138
   68  115
   90   67
   87  122
   67  101
   55   64
   94   52
   37  106
  137   77
  134  113
   52  130
   70  123
   87   47
  143  118
   65   99
   44  120
   19  107
   99  124
   96   92
  102   86
  119   51
   77   94
  123   84
  172  118
   98  114
  117  131
  129   65
  177  126
  100   91
   76  124
   59  106
   48  113
   61  135
   58  149
   26  121
  140  106
  112   71
   51  136
   67   59
   89  135
  114   64
   38  111
   14   68
   19   91
   49  130
  136  141
   76  109
  191   98
  167   62
   64  123
   68   54
  128  128
  174   57
  101  100
   84   57
   65   79
   77   66
   47   14
  183   56
  115   67
   38   27
   35   81
  112   68
  105   76
   50   26
   35   67
   47   45
   60   94
  103   83
  153  117
   83  114
  102  130
  113   63
  158  124
   81   91
   57  123
   42  105
  147   35
  140   69
   83   96
   96   79
  122   16
  134   75
   67   62
   42   77
   52   66
  133  160
   76  199
   90  167
  116  122
  128  163
   60  163
   35  168
   46  163
   28  134
   19  150
  113  136
  136  145
   70  100
   55  139
   50  117
   34   58
   99   58
  135   55
   64   79
   48   65
   37   70
   99   85
  154   67
   77   31
   57   56
   33   38
  157  104
   80  133
   56  114
   41  121
   38  137
   12  168
   23  150
   39   91
   22   98
   34   48
     0.618