    1   51    3    0    1 1082
  167  154
  130   88
  143  100
   78   82
   98  125
  101  123
   87   92
  195   97
  126   84
   69  131
   77  135
  115  131
  117  122
   90   69
  106  146
  174  147
  119  115
  116  150
  111  100
   55  113
   57  147
  105   56
   95   61
  135  105
   95  111
  103  129
   56  120
  101  137
   79   96
  162   95
  123  155
  123   68
  102  122
  102  116
  106  129
   85   85
   69  148
   60  116
   64  116
  147   65
   60  136
  131  124
   77   82
   95  112
   29  144
   93   75
  133   81
  171  146
  158  133
   67  148
  114  128
  203  106
   90  118
  152  128
  112  122
   55  113
  190  102
  177  155
  108  178
  107  158
  161  152
  177  171
   73  126
   94  188
  168  182
  107  130
   62  161
  185  163
   77  106
   45  179
  112  130
  141  135
  178  148
  156   96
   89  120
  126  106
  184  178
   75  160
  127  161
  104  153
  106  111
  112  173
  167   98
  144  139
   68  148
  153  157
  125  105
  128  105
  157  118
   65  183
   87  174
   87  146
   18  131
  119  146
   93  104
  184  134
  110  169
  171  167
   79  152
   98   95
  105  103
  100  120
   59  114
   96  100
  153   91
   97  140
   97  164
   29  146
  148  140
  153  157
  108  110
   76  174
  149  169
  149  119
  129  152
  128  147
   99   99
   77  166
   95  115
  146  119
  104  134
   73   95
   71  115
   22  103
  110  165
   73  144
  191  146
  134  146
  140   96
  129  158
  112   97
  133  129
   77  132
   79  148
   55  100
   26  100
  185  102
   80  169
  118  160
   66  130
  111  120
   84  138
   51   89
  130  119
  169  157
  125  154
   37  144
   63  154
  121  142
   88  150
   24  150
  171  158
  147  173
   78  127
   80  106
  132  112
  148  131
   44  163
   75  121
  145  107
   88  132
   47  127
  155  156
   57  163
   17  101
   83  180
  119  180
  148  129
  125  195
   70  163
   95  173
  153  116
   47  160
  119  164
   73  155
   77  180
   85  133
  136  185
  114  130
   42  158
  122  130
   95  167
   98  168
  136  169
   35  126
   75  132
   58  160
   29  130
   90  142
   73  178
  153  152
  104  103
  145  103
   53  138
   84  110
   85  116
   83  101
  180  114
  108   97
   69   37
   60   80
  117   84
  119   46
   89  100
   93   48
  161   59
  123   94
  115  105
   95   75
   65  124
   57   65
   95  114
  108  112
  119   66
   78  150
   90  130
   40  136
   86   45
   70   80
  166   84
  120  130
  122  122
  104   47
   87  145
  106  100
   76   86
   55  106
   43  129
   46  130
  155  110
   59   36
  123   45
   66   88
   96   90
   44  116
   78  123
  118   88
  165   82
  143   58
   52  114
   72  142
   43  117
  150  130
  144   99
   92   93
   68  121
  147  122
  161   84
   66  106
   54  109
  128  116
  113  121
   69  145
  161   78
   80  144
   39  119
   79  117
  140  115
  143   86
  125  163
   48  154
   93  155
  158  102
   42   83
  144   87
   89  165
   98  128
  105   84
  141  160
  129  132
   32   88
  127  146
   97  149
   95  149
  160  116
   52   99
   50   86
   54   90
   46  116
  104  150
   52  131
  156   94
   93  129
  132  106
   41  151
   62   77
  203   86
  155  101
   71   57
  100   35
  120   41
  135   60
   62   90
  108   53
  176   40
   77   60
   82   58
  149   84
   17   91
   30   34
  107  108
   83  107
  160   57
  130  123
  105   92
   98  102
  147   46
   75   88
  114   92
  102   85
   96  107
   80   62
  134  113
  109   59
   76   86
  115   60
   95   96
  102   96
  103   97
   42   57
  116   61
   81   88
   54   57
   70   72
  103  106
  158   80
  146   36
  170   33
   78   69
  145   39
  129  105
   81  114
   56   83
  136   77
  149  108
   62   75
   48  120
  118  111
  109   57
   73   81
  147  107
   74   26
   34  107
   64   85
  132   88
  129   85
  110   48
   44   37
   78   26
  144  110
   28  105
  145  107
   84   70
   94   67
   97  110
  127   35
  117   61
   18   94
  113   77
   82   22
   80   22
  155   69
   44  117
   61  111
   39   93
   54   60
   91   64
   46   60
  141   79
  107   93
  119   98
   28   71
  129  167
  105  110
   39  137
  159  141
  169  117
   94  167
   27  109
  114  115
  141  154
  105  161
  159  146
  103  185
   65  121
   82  182
  158  180
  127  131
  111  213
   19  189
   74  196
  150  101
   53  151
  177  155
  117  187
  126  187
  126  118
  138  206
  141  158
   50  155
  120  163
   88  190
   76  190
  185  176
   74  108
   76  117
   55  156
   85  150
  110  174
   14  188
  151  154
  132  138
  109  115
   21  171
  107  141
   29  145
  161  142
  170  133
  101   82
   38  156
  121  156
  148  127
  114  162
  156  116
  107  134
   72  156
   86   99
  161   99
  122  115
  105  143
   31  149
   65  144
  145  146
   59  112
  185  113
  124  171
  133  104
  131  133
  136  144
  143  142
   58  100
  115  161
   84  138
   68  139
  190   92
   79  147
   87  135
   58   98
   94  124
  109  158
    8  108
  149   91
  143  156
  106  142
   20  161
   56   85
  153   79
  165  124
   79  112
   37  128
  116  115
  126   70
   85   71
  161  134
   91   67
   51  109
   78  126
  149  129
  136  105
  119  100
   31   54
   86   70
  156  120
   44  134
  160  137
  101   57
  111  113
  115  127
  140   85
  134   61
   36  125
  125   67
   94   68
   88   68
  172  111
   62  129
   54  127
   52  125
   64   75
  108   52
   36  107
  154  110
  110   91
  120  105
   30   59
  111   40
  124   88
   53   84
   66   89
  134   76
   96   38
   76   29
  126  101
   54   45
   22   69
   63   99
  109  102
  121   71
   96   79
   63   34
   66   50
  124   81
   34  102
  137  106
   81   22
   85   87
   78   91
  107   65
   93   25
   38   94
   93   25
   65   47
   69   46
  137   84
   26   91
   85   91
   37   94
   58   42
   67   10
   60   82
  124   80
  125   50
  126   67
   34   17
  112  175
   68  154
   75  182
  143  171
  106  119
   93  133
  109  180
   55  104
   36  165
   74  167
  104  170
  113  154
   83  136
   72   92
   52  106
  107  173
   48  180
  148  182
   97  120
  100  151
   85  177
   90  121
   89  117
   54  169
   76  129
   50  104
   56  104
  141  151
   38  181
  100  178
   46  169
   74  124
   53  115
   65  145
  110  154
  142  149
  129  159
   38  122
   65  139
   55  135
  123  133
  110  128
   85  150
  126  135
   67  156
   35  132
   53  156
  121  155
  110  105
   89  182
   52  163
   58  168
  123  126
   30  138
  150  142
   90  170
   97  158
   92  124
  106  176
  104  137
   36  134
   92  150
   61  161
   60  162
  151  147
   40  130
   82  124
   25  135
   67  123
   74  155
   47  158
  120  128
  127  135
  112  118
   20  155
  103  135
  171  128
   87   74
   90  102
  132  115
   22   46
   32  124
  100   88
   72   92
  148   97
  115   52
  100   60
   82   47
  129  125
   70  113
  129  115
  103   93
   99   69
   77  122
  119   45
   96   81
   73  101
   98   98
   80   45
   87   46
  114   74
   40  131
  117  123
   73  100
   66   76
   52   87
   96   62
  144   86
  150  112
  161  113
   70   93
  125   47
  142   53
  114   49
  140   88
   98   84
   67   40
   81  107
  150  107
  106   59
   89  117
   44   83
   48   94
  129   54
   56   91
  181   96
  121   76
  129  105
  124   68
  121  107
  133   50
   58   88
   98   51
   68   88
   51   89
  182   95
   72   64
   95   67
   52   89
   96   52
   95   63
   25  102
  134   80
  148   29
  101   40
   14   59
  120  124
   74  110
  169  183
   88  145
   47  145
   86  189
  148  190
  149  152
  131  180
   47  138
   99  152
  166  159
   50  185
  150  189
   97  127
  106  180
  113  170
  149  167
  137  111
   40  178
  135  107
  104  148
  101  148
  168  174
   61  168
   45  169
   61  179
   50  127
  112  113
   53  176
  163  166
   94  127
  136  144
   45  110
   67  125
  163   89
   80  120
   38  109
   81  108
  140  107
  146   67
  127  142
   51  130
   96  131
  160   99
   45   91
  142   95
   89  142
   98  112
  105   89
  143  138
  129  109
   35   85
  130  124
   99  125
   98  125
  160  100
   53  100
   51   91
   56   87
   44   92
  105  127
   55  113
  158   79
   90  112
  135   95
   44  128
  159   87
   94  113
   55   57
   77  117
  151  116
  131   64
  115  142
   24  117
   80  124
  153   50
   45   91
  165   95
  105  116
  115  119
  117   63
  138  135
  135   86
   38   92
  122   92
   90  118
   83  118
  176  108
   65   59
   61   62
   50   93
   70   78
  107  102
   28  119
  151   88
  117   69
  114   44
   25   99
   67  137
   29  153
   59  122
  125  123
  125  113
  105  154
   49  150
   74  148
  138  146
   22  125
  141  127
   80  170
   89  123
   91  136
  121  152
  110  139
   21  113
  107  157
   77  142
   76  143
  149  111
   38  148
   68  137
   34  113
   54  121
   84  156
   49  124
  135   98
  111  152
  120  140
   28  159
   56   84
  109  109
   88  112
  142   85
  103   80
  108   34
   65   50
  109   97
   82  115
  158  119
  124   19
  122   95
  100  106
  109   65
  107   40
   87  107
   77   39
   68   49
   72   49
  142   93
   60  106
  134  106
   81  106
   93   55
   31   24
   99   89
  139   92
  171   65
  164   82
   72   29
   94   56
   83   58
  147   41
  117   51
   93   32
   86   33
  136   66
   63   65
  118   68
   92   52
   88   44
   68   66
  122   42
   96   27
   65   55
  104   47
   83   26
   90   27
  106   40
   31   73
  107   67
   68   54
   54   17
   62   40
   91   40
  145   40
  139   54
  157   54
   65   45
  102   87
  134   72
  108  109
   72  101
   78  100
  134  103
   42   89
  123   92
   74  120
   73   83
   67   96
  116  105
   94   90
   44   79
  102  109
   76   94
   81   94
  126   73
   15  107
   87   98
   49   78
   48   72
   70  107
   71   82
  135   64
  122  106
  138   95
   46  110
  105   84
   88  136
   43  135
   54  133
  126  114
   38   82
  162   84
  102  153
  110  100
  105  100
  112  136
  116  121
   40   71
   95  138
   63  127
   57  127
  164   88
   54  114
   82  102
   33   71
   77  103
   83  139
   34  103
  125   67
  132  129
   99  112
    7  141
  114  128
   62  115
   83  113
  143  156
   35  151
  127  153
   67  139
   76  124
   82  155
  125  120
  107  117
   32  140
  112  136
   83  106
   86  107
  138  121
   30  162
   72  155
   46  139
   41  108
   83  128
   63  119
  142  124
  107  145
  133  145
   42  133
   62  127
   43  129
  107   88
   46   85
  160   89
  104  137
  109  111
   98   79
   93  136
  104  104
   51   82
   77  118
   45  122
   45  123
  155   99
   49   90
   97   80
   40   83
   81   88
   65  122
   51  112
  106   78
  143  104
  116   85
   25  123
   62   27
  142  120
   58  110
  184  111
  123   76
  131   63
  129  118
  132   15
  141   71
   57   97
  111   86
   81   31
   65   32
  188   69
   77  126
   88  119
   56   96
   94   70
  106   73
   11   56
  146   83
  143  104
  104  108
   17   79
  134   78
   83  104
  136  108
  115   21
  111   94
   90   90
  127   73
  108   27
   86   97
  103   17
   87   55
   94   55
  121   90
   52   88
  130   90
   86   97
   76   45
   54   13
  108   89
  154   84
  162   44
  173   64
   81    8
   64  134
  167  137
  117  127
  120  123
  103  131
   82  126
  106   97
   70  124
   57  117
   35  110
   40  111
  157  117
   57  137
  117  131
   60  124
   94   82
   51  114
   70  120
  111  110
  160  120
  135  118
   45  117
  155   96
   94   84
  103   50
  103  105
  122   37
  119   69
   28   82
  107   87
   75   36
   71   37
  162   55
   51  114
   68  106
   34   81
   66   61
   91   76
   35   43
  135   68
  118   98
  107   98
   16   82
  100  130
  109  148
  109  154
  127  141
  125  101
   33  152
  111  121
   79  122
   72  122
  168  143
   57  158
   67  154
   40  152
   70  101
   96  116
   29  144
  140  138
  120  130
  105  136
   15  119
   96  142
  100   92
  158  154
  133  104
   68  117
  144  109
  118  137
  122  137
  141  131
   54   88
   94   91
   84  119
   13   98
  106  119
   97  142
  177  112
  118   86
  171   64
   79  117
   76  102
   98  136
   78   93
   57  109
   82  106
   59  119
   66  120
  130  115
   32  106
  103  102
   53  110
   68   80
   49  111
   74  123
  121   99
  141   96
  139   87
   47  111
  138   91
  112  128
   78  117
  119  147
   99   98
  106   99
  106   86
   45  160
  117  150
   84  116
   54  116
   73  137
  106   70
  161  106
  147  154
  173  149
   81  143
  111   94
   91  160
   97   78
   85  131
   90  131
  130  157
   58  146
  135  149
   88  161
   85  110
   49   92
  110  159
  153  148
  170  102
  174  122
   83   87
   84   96
   69  154
   51  156
   19  157
  184  123
   82  108
  128   95
   73   98
  116  124
   76  158
   65  139
  130  102
  176  137
  136  115
   47  159
  120   60
   89   86
   76   86
  186   81
   75   46
   76   46
   56   70
   85   47
  111   70
   13   91
  152   62
  132   40
  109   23
   21   68
  100   54
  107   55
  110   85
   49  135
  123  128
   88  108
   59   79
   73   91
  110   77
  164   94
  152  115
  177  117
   85   97
  105   75
  126   48
   62  125
  139  114
   97   78
   80   85
   64  110
  119   34
  165   70
  170  123
  184  115
   93  115
  136  100
   31   26
   74   38
   53   80
   35   74
   86   95
   68  112
  147   79
  106   57
  140   37
   48   92
   35  194
  107  191
   74  184
   48  138
   71  123
   96  161
  153  169
  137  160
  163  172
   71  130
   66   40
   60   72
   30   53
  100   73
   68   97
  158   67
   93   37
  143   16
   52   70
   45  103
   63   99
  101  118
   35   57
  147   93
  111  137
  115  133
   25  124
   64   89
   55  123
   95   65
  144   50
  148  117
  161   99
   69  126
   99   58
   23   52
  139   75
  151   90
  105   95
   19   64
  102   56
  147   57
  159   82
  167   79
   75   75
  111   43
  135   67
  116   67
   25   54
   95  171
  130  150
   40  189
  136  100
   47  149
   97  199
     0.860