    1   31    2    0    1  961
   30   74
  106  155
  124   64
   85   68
   90  122
   76  143
  119  109
  129   66
   35   53
   84  107
   96  109
   59  132
   27  122
  179  107
  108   66
   99  119
   80   54
   73  163
  154  120
  153  126
  134  167
   79   57
   83   80
   85  137
   53  140
   55  112
  153  132
   49  163
   16  134
   33  137
  128   11
  154   90
   56   84
  122   29
   44   25
   94   39
  112   81
   20   95
  100   41
  113   44
   91   83
   60   76
  202   42
  122   81
   86   31
  113   93
   93   19
  147   34
  157   48
  167   23
   72   94
  121   70
  124   27
   81   25
   94   36
  170   74
   53   18
   54   82
   28   39
  121   73
   78   69
   89   86
   65   95
  119   73
  131   51
   23   70
   73   62
   82   61
   57   87
   43   76
  171   61
   95   52
   83   82
   79   66
   62  120
  138   87
  138  101
  134  122
   63   72
   96   63
   96   88
   68   92
   64   76
  143   84
   34  119
   29   88
   18   87
   71  167
  128  110
   29  114
  115  123
  134  167
   20  180
   91  129
  116  132
   94  173
   77  166
  196  129
  113  167
   66  113
  115  177
   90   87
  132  114
  142  121
  170   97
   59  178
  134  153
  135  117
   98  114
  103  119
  161  164
   43   90
   67  171
   24  128
  150  113
   69   96
  157  105
  175  103
   54  122
   80   88
  137   79
  109   72
  109   61
  190   86
  106  104
   31  111
  125  118
   98  129
  129  117
  123  136
  184  127
   68  124
  162  112
  157   90
  132   94
  124  106
  147   66
   45  127
   95   72
   49   82
   84  137
  158  111
  171   83
   50  102
   36  103
  111  103
   68  131
   83  120
  143  103
   59   84
   58  121
   80   98
   56  161
  123  125
   94  138
  142  163
   60  103
  132   96
  117  131
  112  135
   84  114
  106  129
   15  160
   66  133
   38  131
  148   70
  162   54
   42   46
   43   77
  101   83
   61  122
   73  111
  147   78
   64   52
   61   79
   76   47
   49  125
  120   78
  104   79
  136  131
   54   41
  123   42
  110  108
  102  110
   77   73
  113  119
    8  125
   57  124
   30  112
  176  121
   74  138
   67   87
  122   83
   43  133
   52  122
  149   85
  100  121
  117  110
   43  135
   73  141
  173  116
  153  135
  112  142
  103  138
  102  118
   58  110
   97  113
   28  105
  132  126
   62  140
   45  133
   65  112
   37  131
   71  118
  118  122
   92  163
   90  152
  179  118
   94  116
   38  131
  109  128
   81  174
  112  134
  117  147
  167  177
   49  131
  143  112
  139  149
  113  152
  106  125
  140  159
   28  173
   76  164
   30  151
   60   26
   80   17
   52   38
   53   27
  159   24
   82   48
   75   49
   72   62
   50   72
  130   55
  125   74
  128   72
   57   67
  103   52
   97   35
   80   39
   64   45
  130   31
   22   71
   37   38
   19   31
  137   55
   81   91
  104   80
  125   51
   68   22
   78   58
   84   25
   76  103
  152   59
  103   66
  153  108
   90   25
  152   19
  126   81
  136   84
   94   52
   78   88
   45  103
   88   92
   68   84
   42  125
   65  115
  132   83
   68  121
   86  105
   51  135
   45  130
  145  112
  121  130
  114  131
   77  139
  113  118
   89   98
  100  101
   57  102
  108  117
   33  129
   50  125
   45  100
   51   90
  171   82
   92   43
   75   98
   83   41
   61  140
  129  100
  132  109
  138  142
   55   47
  105   62
  103  110
   76  114
   71   91
  140  100
   27  139
   37  102
   10  109
  174   66
   90   67
   28   49
  109   67
   82   88
  116   43
  108   30
  169   96
   56   63
  150   47
  143   88
  122   89
  110   49
  132  117
   29   89
   83  123
   40   96
  115  118
   99  139
   91  132
   81  179
  155  143
  157  157
  145  182
   79  136
   93  120
   96  151
   52  155
   66  132
  162  156
   53  178
   27  161
   32  152
   65  111
  108   92
   83  143
  128  116
  138  132
  163  143
   54   99
  127   95
  128  107
   92  111
   96  105
  155   86
   37  141
   60   88
   17  102
   81  102
   74   50
  153   53
  105   71
  150   52
   91  105
  150   81
  122   34
  135   33
   91   50
   75   79
   45   49
   86   87
   68   45
   88  101
  125   55
  134   46
  171  109
   55   86
  139   66
  139   99
  105  100
  106   61
  155  130
   38  102
   72  137
   26  108
  163   93
  163  104
  142  135
   87   56
   84   58
   87  104
   43  108
   58   83
  163  100
   59  132
   21  104
   41  104
  171  142
  151  130
   93  183
   91  159
   92  121
   50  120
   65  126
  172  166
   66  126
   29  174
   46  133
  110   99
   89  181
  113  156
   80  119
  103  116
   49  123
  110  166
   46   92
   51  174
   56  130
   94  113
  105  113
  106  167
   61  171
   78  143
  180  169
   70  193
   41  173
   46  169
  151  109
  145   62
  122   58
  112   75
  137  108
   32   41
   84  116
   39   72
   68  149
   62  150
   39  110
  155  178
   61  151
   15  185
   49  158
  107  123
  108   88
  156  125
   40  140
   73  129
   28  123
   89   93
  181  121
   66  144
   50  124
   41  121
  108   70
   13   42
   63   78
   36   36
   41  147
   49  169
   52  146
   70    7
   50   45
   68   56
     0.427