    1   51    5    0    1  622
   12  142
  101  148
  131   87
  142   85
   96  102
   98  145
  107  133
   91  113
   76  131
  110  115
  136  101
   95  155
   87   86
   28   92
  155  160
   78   78
   82  101
   90  106
   50  120
   87  116
  110   83
  148  109
  110  132
   89  152
   93  142
  167   85
   80  117
  176  120
   58  126
   27  139
  103  167
  118   99
   87   94
   56  128
  142  128
  138  163
   69  115
  127   85
  105   75
   77  111
   66  169
  147   92
  136  163
  184   85
  165   81
  145  102
  111  111
  180   98
  103  133
   66  153
  157   82
   88   46
  129   22
   37   58
  104   89
   47   69
  154   46
   67   75
   68   42
  136   60
   81   88
  128   20
   74   47
  148   95
   93   35
   26   33
  127   65
   89   38
   16   40
   37   42
   92   67
   69   84
   98   75
   29   68
  159   32
  134   39
  161   55
  100   75
   73   94
   62  105
   74   55
   15   32
  106   71
  110   60
  147   95
  137   37
  139   42
   85   34
   47   40
   68  103
  162   51
   95   96
  158   37
   95   26
  178   18
  117   63
  113   55
  136   61
   40   94
   70  165
   79  153
  109  158
   85  138
  103  110
  174  115
   15  133
   89  114
  184  169
   23  107
   86  149
   79  150
  105  115
  135  160
   96  127
  115  171
   56  122
   86  115
  102  162
  107  169
   80  156
   35   95
   88   87
  100  143
  150  116
   91  113
   61  144
   66  172
   83  131
   53  180
   84  134
  135  127
   71  102
  106  108
  153  119
   79  154
  106  155
   64  117
   58  117
  135  165
   82  111
  114  146
  164  155
  135  140
   86  149
  154  179
  103   95
   34  132
  123   67
   58   60
  108  113
   59  109
  172   93
   62  100
   67   96
  157   50
   73  131
  132   69
   87   60
  145  135
  113   53
   48   83
  136   54
   95  103
   28   99
   39   47
   73   60
   64   93
   95  133
   41  123
  154   66
  150  100
  152   97
  105   92
   84   94
   62  139
   57   44
   29   75
  125   99
   97  107
  147  140
  154   99
  137   54
   94   56
   51   92
   73  145
  166   45
   80  139
  148   62
  114   62
  182   86
  118   74
   91   44
  141  113
   37  123
   86  120
   76  139
   92  114
  111   91
   54  126
   90   85
  135  126
   73  131
   77   91
   16  109
  133  138
   81  105
   72   83
   73  130
   38   80
   75   80
   96  111
  128  131
   90  139
   70  116
   78  109
  145   94
   87   80
  154  101
   48  129
   15  151
   84  150
   97  126
   74   88
   73  120
  120  104
  117  137
   89   77
  108  107
   86  102
   58   85
   44  145
  126  118
  115  138
  162   99
  151   98
  131   79
   89  121
  163  126
   88  103
   45  141
   93   53
  112   48
  106   72
   69   58
  111   77
  148  111
   88   37
   72  108
   28   95
  148   31
   91  112
   91   85
   80  111
   36   93
   95   83
  116  111
  149  106
  110   80
   78   72
   98   64
  159   96
   91   84
  168   63
   43   71
   18   95
  104   37
  115  128
   94   89
   72   56
  138   58
  129   43
   84   88
  115  102
  107  107
   78   77
   62   41
  139  110
  135   39
  179   96
  171  111
  131  106
  104   84
  183  128
   91   62
   64   42
   58   97
  140   75
   42  110
   55   67
  136  115
   58  111
  100   80
   52   98
  122  119
   89   95
   48   70
  101  119
   62   54
   44   60
   63  100
   93  120
   56  126
   72   92
   45   86
  135   83
  117   59
  140   84
   72  115
   48  139
   48  132
   67  116
   42   76
   96  104
   95   85
  119  116
  121   55
  112   97
   58   92
   23   69
   40  125
  134  107
   84  118
  140   88
  120   87
  150   66
   89  108
  127  115
  108   82
   17  124
  142  104
   40   75
  102  112
  169   84
   58  114
   47  114
   48   86
  120  112
  116  106
   99  106
   81   81
   11  130
   97  120
  116  100
  134   74
   98   52
   40  138
   97  125
  128  100
  121  121
  135   98
   20   64
   30   42
   96  106
   92  108
   95  102
  106   81
  111  107
   99  123
  120  123
   77   93
  105  102
   71  109
   49  123
  115   91
  114  120
  152   95
  173  112
   97  126
   80   69
  176  107
   60  116
   49   89
   71  110
  102  145
  129  120
   89  150
   88  147
   24  119
  149  149
   72  140
   75  138
   87  117
   50  163
   79  152
  102  134
  140  111
  102   88
   86  172
   85  159
  162  133
   72  154
  171  132
   59   98
   25   93
   95  145
  111  143
   79  134
   57  115
  136  141
  134  160
   73  155
  124  126
   97  136
   70  141
   59  160
  143  126
  129  156
  178  128
  157  145
  144  158
  106  101
  172  143
  102  150
   59  128
   65   62
  125   82
   75   31
  115   87
   58   70
  140   26
   81   89
   30   66
  113   82
   76   80
   31   69
   52   87
   98   76
   67   46
   89   66
   36   56
  152   74
  119   70
  157   45
   86   39
   58   60
   58   18
   77  102
   30   68
   93   30
  110   45
  136   39
  122   74
  129   77
   72   84
   39   61
   56   36
  150   84
   96   34
  156   73
  108   90
  166   89
  106   55
  124  102
  123   51
   34    6
  187  120
   57   62
   48  104
   68  102
  124   70
  134  113
  113   81
  100  122
   25   82
  109   73
  127  115
  140  119
  106  105
   28   66
  110   54
  126   96
  140   74
  130   63
   24   93
   49  121
  106   85
   92  132
  107   87
  125   76
  110   53
  105   68
  139   78
   65  106
  118  108
   83   72
   63   76
  129  116
  117   69
  152   98
  185  109
   99   98
   89   99
  184  132
   79   51
   57   82
   67  111
   67  182
   24  168
  126  104
   92  186
   80  159
   63  183
   28  168
   81  158
  102  185
  129  178
   90  150
   60  147
   83  139
  138  170
   97  159
  147  137
   38  142
   10  165
   85  104
   94  201
   79  163
   82  129
  116  133
  109  117
   97  163
   98  175
   90  180
   59  152
   41  113
  118  183
  113  112
  158  169
  157  185
  121  180
   82  156
  166  201
   77  137
   43  111
   85   81
   32   69
  157   36
   84   86
   89   59
   91   86
   49   70
   93   59
  116   85
  153   81
  114   60
   89   60
   99   48
  169   70
   86   61
  178   37
   55   49
   28   76
  108   44
  122  102
   93   62
   60   32
  145   35
  139   44
   74   64
  127   76
  110   80
   82   52
   69   47
  149   84
  141   42
  187   69
  171   85
  143   80
  113   60
  185  101
  103   42
   70   35
   38   95
  120   47
   85  114
   57   90
   87  109
   49  102
   56   92
   77  112
  105  103
   67   74
   65   87
   58   77
  133   99
  106   93
  140   68
   59   66
   34   88
   61   40
   76  128
   54   93
   88   56
  101   67
  111   60
  109   97
  105  103
   64  109
   35   84
   30   57
  124  110
   94   55
  144   98
  132  114
  139  112
   81   82
  141  128
   96   73
   23   34
  119   77
  138   49
  112   22
  105   71
   34   26
  106   22
  124   53
  134   72
  102   78
   18   58
  107   50
  119   36
  145   22
  121   40
   34   68
   55   91
  103   89
   84   70
  104   28
  130   58
  102   43
  104   77
  145   20
   57   49
  117   45
   80   24
   63   85
  130   60
  111   78
  144   40
  183   42
  109   27
   88   60
  179   69
   85   43
   53   80
  109  170
   39  140
  149  172
  111  147
   18  137
   28  170
   99  168
   86  145
  117  126
   49  117
  177  153
  154  138
  177  119
  121  134
   95  161
   81  110
   83  187
   28  145
  123  118
  123  112
  167  102
  157  142
  158  161
  106  164
   68  132
   89  106
  183  169
  107   99
  173  153
  116  168
  200  160
  137  146
  116  186
  157  115
   58  112
  112  116
   94  120
   16  133
  110  122
  129  130
  145  114
  109   79
   38  123
  111  113
  133  120
  133  123
  139   97
   14   78
   42   90
  108   72
   99  143
  108  116
  118   78
  117   99
  108   97
  131  127
   75  120
  118  128
   84  113
   63   93
  128  124
  123   92
  159  117
  186  136
   89  139
   91   95
  187  143
   73  107
   60   61
   74   21
   27   82
   95   75
  116   32
  145   25
  107   56
   69  106
   98   95
  152   43
   97   76
  161   67
   34   56
   13   58
  102  104
  110   39
   94   50
   80   65
  132   78
  122  109
   92   76
  106   30
  105   38
   76   66
   57  113
  132   22
  130  107
  173   38
  171   47
  122   68
   97   38
  182   38
   82   85
   60   88
   70  114
   92  107
  106   77
  108   79
   87   98
   47  137
   95  126
  115   77
  165  108
   98   98
   75   93
   81  105
   91  138
   48   92
   90   82
  149   99
   69  109
  122  141
  167  108
   91   68
  117   77
   74   97
   71  145
  150   74
   83  139
  117   71
  171   87
  149  103
  101   76
  157   92
  118  116
   44  123
  107   68
  128   92
  151   84
  113   55
   58   59
  109   50
  148   78
  115   69
  156   46
   16   47
   27   70
  109    8
  111  109
  105   71
   98   36
  130   43
  118   28
  111   73
   95   83
  115   88
   84   61
   63   24
  131   90
  132   24
  172   77
  183   93
  106   89
   97   63
  190  108
   74   48
   64   15
   37   93
   82   89
   62   65
   93   49
   28   42
  153   77
  139   63
  154   43
   98   55
   74   80
   56   24
   65  110
   19   69
  113   39
  102   37
  143   21
  142   67
  134   84
   84   88
   44   57
   66   21
  160   92
   85   17
  150   77
  101   92
  176   85
  113   67
  104  109
  134   40
   34   28
   96   80
   60   50
   49   85
   65   74
  111   81
  126   83
  117   56
   58   43
   47   65
   60   48
   57  107
   62   76
  110   37
   79   59
   99   65
  130   86
   90   83
   79   89
   39   72
   33   63
  120   88
   77   60
  122   78
  141   96
  134   98
   71   59
  138  106
   95   67
   11   31
   50  116
   68   89
   46   78
  131   91
  122   70
  135   70
   72  104
   51  131
   44  116
   61  127
   43   82
  101   91
   90   69
  117  103
  125   73
  109  103
   63  102
   19   65
   39  111
  133  113
   79  104
  135   94
  121  103
  150   91
   87  103
  124  127
  108   70
   12  108
   43  102
   79   90
  103   89
  148   94
   97   67
   66   53
   66   79
   75   74
   45  115
   75   85
  132   47
   63   73
  108   86
  151   97
   87   91
   99   98
   57   82
   55   87
  135   96
   72   83
  105   87
  155  105
  141  108
   86   68
  145  115
  107   82
   26   58
   71   39
  157   83
   84   64
  165   48
   65   67
   31   94
   83   38
  101  118
   65   75
   62   51
  127   40
  131   18
   87   68
  123   91
   85   94
   58   60
   53   24
  140  101
  118   17
  170   84
  143   97
  148   87
  102   78
  158  117
  105   40
   49   44
  152   80
  109   96
  160   72
   24   37
   23   38
  109   78
  114   94
  103   79
   91   53
  134   80
  122   95
  104   98
  102   75
  114   84
   83   84
   63   94
  134   76
  134   91
  175   75
  181   93
  114  104
   99   49
  189   93
   78   89
   65   61
  104  136
  138  134
   45  137
   23  149
   73  179
   81  117
   68  111
   89  140
  104  144
  102  178
  106  135
   95   95
   78   97
   47  128
   27  184
  112  105
  100  177
  146   99
  146  106
  125  126
   73  121
  153  117
   82  150
   30  165
  156  131
   40   96
    6   75
   92  139
  102  140
   84  134
   76  113
  124  139
  117  156
   90  155
  105  125
   95  134
   66  141
   49  156
  127  123
  121  152
  166  127
  161  144
  125  158
   91  101
  172  139
   82  149
   51  122
   83  112
   74  132
   63  152
   30  135
   59  107
  133  112
   61  123
  123  153
  154  129
  107  109
   95  115
   50  115
   60  158
  147  117
   52  152
  113  105
  140  123
  158  131
   97  101
  125  134
  121  130
   22  137
   17  101
  100   69
  112   97
   88   52
   67   58
  135   31
  128   45
   80   30
  116   73
  102   72
   74   35
   59   55
  138   85
  131   49
  177   64
  166   69
  134   50
  102   75
  178   96
   92   22
   60   68
   83   99
   56   27
   84   26
  133   60
   74   61
  103   96
  150   47
   76   16
  105    7
   64   43
   55  102
  131   22
   84   95
  117   18
  164   10
  131   34
   83   42
  156   26
  100   65
   34   85
  121  115
   91   74
   59   52
  144   49
  139   70
   72   77
  126   89
  108   93
   80   64
   68   75
  148   98
  139   69
  186   82
  169   97
  144   92
  112   76
  183  115
  103   57
   68   65
   57   46
   99   46
   90   63
  103   91
  119   70
   96   39
   69   48
   33   57
   25   94
  118   42
   85   88
  133   40
  135   57
  135   70
   72   20
  139   60
   93   71
   14   68
   83   51
  130   78
  152   83
  118  101
  146   83
   90   92
   59   86
   71   80
  164   84
  116   78
  176   83
  121  101
  178  109
  122   56
  140  102
  134   86
   54   46
  130   63
  133   45
   83   90
  125  114
   88  117
   61   83
   55   52
  142  124
  122   45
  173  107
  146  120
  149  110
  104  101
  162  140
  106   63
   52   69
  104  133
  130  131
   72  100
  115  110
   80  116
   59  133
  125   98
  119  130
  155  103
  182  119
   90  133
   87   76
  184  115
   70  125
   56  100
  122  111
   77  102
  110  105
   76   98
   55  149
  121  112
  119  143
  156   94
  178  109
   93  113
   85  103
  181  127
   63  116
   54  133
  113   80
   85   88
   57  101
   46  146
  131   85
  116  140
  165   79
  148   97
  137  111
   93   78
  161  103
   94  118
   45  123
  102   96
   64   97
   85  123
  179   90
  104  118
  170   87
  112  105
  196  115
  133   61
  114  108
  153  107
   55   94
   84   92
   72  111
  153  101
  143  106
  191   92
  171  110
  149  115
  117   74
  186  120
  108   97
   72   85
   67   63
  160   75
  117   57
  175   58
  125   72
  173   66
  118   57
  144   91
  129   35
   53   55
  135   83
  113   66
  164   75
  140   93
  145   98
   96   54
  154  101
  101   71
   43   35
   90  179
  157  150
  111  167
  188  181
  125  124
   99  162
  147  173
   45  150
  181  132
  132  148
  175  144
  122  117
  151  162
  131  102
   58   67
  147  156
  126  136
   63  166
  146  183
   87  120
   19  167
  123  113
   75  164
  157  165
   80  136
   34  180
   88  111
  120  149
  112  161
    7  138
  103  132
  138   70
   33  115
  119  146
   38  175
   49  121
     0.957