    1   41    5    0    1  627
   72  163
   93  158
  154  141
  107  129
   85  112
  168  157
  123  163
   74  148
  122  124
   41  160
  109  160
   87  163
   62  153
   63  116
  134  197
  110  150
  151  145
   66  155
   42  156
   85  172
  173  141
   98  145
  130  140
  150  169
   74  129
  111   96
  140  174
  139  129
  130  179
  119  151
  131  137
   67  133
  132  103
  117  150
   82  115
  111  158
  164  149
   99  139
   70  174
   47  187
   87   86
  157   32
  112   49
   84   96
  148   41
  124   38
   69   63
  120   69
   35   74
   93   77
   66   42
   53   82
   73   60
  131   79
  119   43
  147   44
   68   89
   27   80
   66   65
  169   65
   80   82
  111   34
  130   44
   57   68
  111   81
  119   64
  151   79
  121   54
  113   60
  128   45
   88   56
  149   71
  118   56
   89   59
  116   54
  144   40
   95   61
   85   74
   34   71
  180  108
  150   96
  104   68
  124  124
  154  130
   91  114
  140   89
   59  125
   93  125
   47  130
   76  117
  110   83
  144  164
  160  117
  161  112
   99  118
   56  120
   40  139
  182  107
   82  108
  101  107
  109  136
   62   94
  133   59
   90  141
  186   92
  131  147
  124  117
  141  104
  129   99
  189   69
  137  116
  119   82
  144  124
  114  117
  108  105
  124  140
   39  154
  123  109
   62  154
  189  109
  171  108
  122  127
  106  128
   89  134
  124  136
  120  112
   78  140
   56  117
  108  146
  141  104
  131  109
   62  147
   86  138
  106  133
  150  127
  120  139
  153   95
  189  114
  118  129
   89  137
  169  133
   94  135
  178  124
  101  125
  109  106
   91  113
  102  127
   88  116
   45  115
   74  115
  184  101
   79  123
   50  136
   93  137
   82  157
  163   98
  124  106
   74  117
  119  126
   41  148
  104  150
   83  104
   58  155
   62  119
  131  152
  107  117
  148   98
   63  161
   39  152
   81  121
  170  119
   93  153
  126   94
  146  114
   71  124
  108  144
  136  121
  139  148
  129  123
  116  114
  128  100
   71  127
  134  136
  115  130
   81  125
  109  128
  160  114
   96  115
   71  148
   45  144
  119   57
  151   41
   90   87
  128   98
   56   75
   82   79
   38   49
   65   90
   99   89
  133   49
  150   53
  149   70
   87   97
   51   85
   36   74
  171   91
   70   94
   89   63
  113   33
   62   97
  121  108
   85   72
  175   98
  132   32
  112   82
  130   73
  121   75
  178   98
  125   63
  107   85
  132   54
  113   52
   96   87
  113   64
   41   44
  120  106
   53  149
  158  163
   26  159
  124  163
   81  111
   90  172
  108  157
  169  139
  153  131
  184  133
  106  179
   43  168
   85  134
  207  154
  110  174
  136  130
  131  103
   54  161
  149  180
  133  132
  186  175
   86  103
  150  144
  166  138
  110  151
  179  170
  156  144
  126  158
  154  136
  161  129
  132  151
  117  150
    8  134
   60  182
  132  165
   26  139
  100  137
   63  180
   65  125
   87  150
  143  189
  132  149
  159  171
   81  124
   21  130
   67  199
  181  178
   86  116
  114  159
  121  177
   44  169
  124  132
  117  199
  164  105
  108  187
  125  183
  140  164
   96  128
  161  129
  130  140
  102  131
  130  150
  144  151
  107  174
   98  157
   21  180
  105  127
   49   72
   88   76
   73   91
   41   89
   60  115
  117   62
  112   69
  133  105
   53   96
   42   83
   66  118
  156  126
   78   95
  111   94
  141   76
   72  128
   96  125
  124  116
  137  105
  136   79
  100  120
  114  105
   84   86
  138  115
  103   69
   74  103
  101   60
  145   71
   81  121
   73   56
   49   52
   87  151
   72  152
   80  122
   60  150
   90   85
   92  171
  156  128
  110  100
   73  154
   78  150
   44  121
  130   85
   78  144
  103  104
  155  134
   99   72
   91  105
  120  123
  157  131
  169  143
   71   97
   89   94
  127  122
  168  104
   89  135
   82  105
  104  139
  119  126
   56   85
  103  159
   79  162
   68   44
   51   50
   50   47
   86   48
  118   67
  140   20
  134   49
   72   54
   50   45
   38   73
  156   66
   55   47
   83   36
  125   46
   68   64
  106   58
   98   73
  160   46
  138   56
   98   65
  115   45
  112   22
  165   48
  110   24
   92   35
  117   28
  117   21
   82   61
  100   47
   49   57
   64  117
   81   94
  106   84
  158  140
  151   94
  174  105
  100   97
   40   96
   68  134
  196  111
   96   87
  120   95
  113  118
   41  103
  141   76
  116  134
  184   73
  101  129
  139  117
  155   98
  115   74
  181   67
  147   91
  121   65
  148  100
  143   95
  121  107
  117  114
   10  130
   71  112
  107   67
  130  109
  161   75
  148   38
   93  118
   64  110
   23   62
  168   59
   75  109
   90   49
  124   69
   75   66
  123   94
   85   63
  181  103
  145   76
  109   52
  128   46
  132   83
  186   87
  125   87
  111   77
  136   86
   99   72
   94   55
  121  106
   54  101
   48   90
  108   62
  114   57
  125   70
   40  103
   55   91
   74   76
  147   92
   87   99
  120   64
  154   34
   85   97
   85  110
  135   74
  124  102
  148   38
   93   83
  105   74
   83   78
  127  100
   92   68
   60   87
   88   60
  153   55
   73   88
   62   72
   63   56
  108   72
  124   50
  123   90
   51   77
   50   65
   57  108
  146  109
   69   75
  103   77
  141   69
   77  109
   89  103
  118  107
  140   83
  144   77
   90  106
  105   88
   96   63
  145   93
   95   47
   72   81
   98   38
  136   53
   71  105
   79   50
   56   62
  161  116
  107  112
   77  114
   85  117
   47  139
  126  106
   85  104
  109  107
  161  136
  105   94
   91   58
  126  141
  159   87
  175  147
   67  117
   86  104
  132   97
  171   68
   87  114
   83   81
  105  123
  121  116
   53  105
  107  138
   86  153
  176  155
   92  150
   43  151
   96  184
  198  156
  113  140
  142  147
  149  173
   69  146
  137  108
  146  185
  165  123
  112  184
  143  164
  157  147
   85  131
  155  105
  143  148
  108  117
  137  157
  174  151
  124  153
   95  171
   33  187
   81  105
   82   92
   38  167
  135  163
   82  105
  104  132
  155  130
  101  161
   99  145
  118  166
  166  118
  171  137
   76  162
   95  142
  135  107
  176  136
   96   93
   91  126
  113   96
  112  109
   62  158
  112   92
   82  117
   89  116
   95   54
  128   81
  113  120
  145   67
  186   53
  119   91
   70  117
  162   51
  108  119
  183   52
   80   69
   87   70
  106   95
  123  109
   66   92
   28   97
   54   86
  172   75
   58   79
   66  101
   97   85
   29   79
  180   86
   90   71
  105   55
  130   37
   84   89
  137   92
   96   77
  196   77
  152   43
  120   81
  139   66
  146   55
  201   82
  138   41
  126   69
  150   31
   95   34
  106   82
  136   43
   61   36
  125   52
   96   91
  128   36
  171   31
  105   61
   62   86
  145   33
  118   88
  171   35
   73   42
   83   40
  102   65
  131   78
   68   64
   44   66
   69   59
  155   47
   52   50
   68   76
   84   65
   78  154
   93  115
  131  146
   82  105
  124  123
   92  144
  184  142
  152  155
  107  121
  126  108
  138  130
  190  118
  125  143
  113  114
  137  147
   92  135
   93  110
  125  167
   61  172
   97   75
  148   94
   92   97
   93   89
  114  114
  157   83
  162  104
   77  102
   95   82
  123   62
  166   79
   93   73
   84   66
  107   79
  116   71
   62   96
  102   98
   72  108
  114  145
   45  100
  121   93
  108  146
  166  121
  114  155
  120  122
  136  109
  102  118
  165   93
  127  134
  102   99
  129  140
  135  130
  102  109
  100  158
   25  168
  135  132
   88  123
  160  183
  156  156
  204  198
   49  157
   63  150
  146  159
  171  130
   67  176
   77  140
   95  183
  154  172
   36  144
  111  200
  115  210
   93   43
  145  126
  120   59
  149  125
  103  105
  115   88
   71   71
  117   46
   99   87
   62   58
   91   97
  165   92
   83   93
   53  110
   65  127
   88   74
  183  131
  130   77
  121   84
  138   82
  127  108
  185  120
  134  106
  116  109
  141  101
  114   89
  105   92
  120  119
   39  107
  170  132
  145  158
  100  119
  118  110
  124  127
  176  105
  115  142
  100  108
  124  147
  105  135
   84  106
  111  166
   55  173
  131  183
  101  148
  117  137
   94  141
  149  112
  108  158
   82  122
  109  165
  135  156
   83  136
   84  182
   44  194
   76  189
   95  169
  128  129
  170  137
   94  134
   86  138
  109  143
  114  149
   62  180
  106  143
   75  169
  102   90
   86   66
  128   95
   89   50
   58   83
   85   41
  152   55
   70  107
   62   58
   65   69
  123   77
  144   88
   46   83
   49   76
   67   84
  164   71
   38   84
   85  105
  105  107
  141   66
   90   87
   66   66
   92   97
  139   93
   67  109
   75  110
   61  127
  111  155
   86  128
  112  158
  134  144
   86   98
   87  178
   41  179
   46   65
   76   88
  170   75
   73   64
   47  108
   80  112
  139   83
  168   78
  123   83
   99   97
   26  113
  194   85
  106   88
   59  114
   81  103
   92  135
   75  186
   42  198
   73  113
   46  112
   43  121
     0.288