    1   31    4    0    1  558
  117  105
   87   79
   65   55
   97   95
   85   60
  106   97
   98  111
   71   69
  127   51
  122   89
  121   99
  128   57
   60   99
   88   46
  121   64
  156   88
   77   75
   67   48
  104   96
   45   64
  141  102
   67   97
   94   45
   86   41
  100   69
   96  117
  109  116
  144   96
  108   77
   54  122
   90   64
   61   84
  102   77
   82   87
  103   69
   93   82
   67   87
  123  103
  118  131
  117   85
  123   82
   56  107
   90   84
  116   99
  152  132
   74   82
   67  127
  108  105
   41  117
  137  110
   67  135
   89   85
   82   90
   95   85
  101   88
  104   94
  139   65
  104  113
   52  101
   60  121
  102  127
   95   86
  116   85
   94   88
   64   77
  134   97
  117   95
  113   65
  126   90
   54   58
   77  108
  117   84
  164   97
   88   72
   54  121
  116   58
   54   99
  146   61
   80   95
   90  111
   77  113
  105   77
  104   90
  104   79
  137   90
  115   84
   43   81
  138   94
  103   69
  123   51
   67   57
   28   61
  128   84
   81   95
   76   38
  110   70
   20   62
  104   84
   84   73
  155   97
   96   53
   59  110
  149   62
   62   92
  134   65
  107   97
   92   87
   41   91
  100   61
  140   61
   72   55
  100   56
  104   80
   20   61
  114  114
  134  157
  117  170
   84  123
  155  102
  139  141
  133  154
  149  115
   76  151
   70  114
  139  116
  184  140
  105  130
   54  109
  121  148
   73  116
  169  154
   93  149
  114  115
   95  112
  128  123
  105  176
  126  172
  157  157
  137  128
   57  178
   75   96
   89  104
   75   61
   90   69
  110   70
  124   82
  119   74
   59   67
  123   91
  108   55
  119   71
   47   66
   95   89
  131   64
   15   66
  106   70
   88   74
  103   93
   84   94
   67   63
  130  108
  103   99
  136  100
   71   53
   67  102
   71   86
   38   97
  125  113
   92  141
   87   93
  108   93
   29  116
   94   94
   92  110
  155  142
   90   92
   56  138
  137  115
   55  128
  134  119
   96  145
   82   95
   52  100
   97   96
  129   92
   79   99
  111   69
  104  124
   25  107
   87  122
  134  129
  137  165
  136  127
  142  111
   76  147
   97  100
  135  132
  160  166
   76  120
   79  147
   89  146
   48  146
  149  151
   69  171
  109   99
  101  102
  109  120
   89  124
  124  133
  159  103
  114  147
   70  141
  122   33
   91   64
   88   77
  105   46
   28   70
   96   59
   91   35
  152   64
   87   53
   59   58
  136   67
   53   44
  131   73
   95   71
   80   61
   53   61
   94   46
  128  100
   78   95
  111   86
  101   48
   28   99
  102  133
   97   78
  116  116
   39   96
   84  132
  103  116
  161  135
   92   98
   49  153
  131   97
   57  133
  141   99
   92  134
   83  135
   60  138
  102  105
  121  104
   90   94
  121  105
  111  120
   28   98
  125   72
  123   78
   59   71
  141   96
   97   73
  105   96
   65   60
  107  111
  158   69
   42   91
   83   75
  114   98
  117   99
   75  101
   74   65
  156   98
  100   91
  122   90
   54   79
   70   95
  150  125
   88  138
  121  129
  143  140
  145  170
   60  120
  102  171
  112  138
   41  159
  143  141
   81  171
  123  131
  114  135
  106  125
  114  102
  134  112
  170   86
  104  152
   88  120
   30  133
  124  136
   63  105
  140  114
   91  126
   81  118
  160  130
   60   94
  118  135
  116  123
  104  137
   41  137
   92  119
  154  172
   70  165
   91  160
   89  104
   39  168
  116  101
  108   88
  125  102
   52   69
   89  125
  125   63
   17  104
  112   60
   81   98
   97  103
   82  107
   71   77
  123   37
  101   29
  135   58
   78   90
   63   22
  113  116
  101  126
   45  101
  111  153
  147   88
   28  131
   94   84
  105  122
  119  138
   91  142
   72  108
  147   89
  112   75
  140  102
   54  115
   80   70
  178  109
  117   78
   46  128
  160   74
   82  107
  156   79
  121  109
  109  117
   41  120
  122   83
  149  106
   93   97
  106  102
  127   93
    2  100
   58  116
   94  117
  142  141
   29  123
   97  148
   98  153
  102   77
   73   75
   60  111
  140  150
   93  152
  123  128
   66  130
   61  159
   76   59
  158  110
   62   76
  123  117
  116  110
  102   60
   37   55
   96   83
  152  132
   67  131
   89  111
   94   90
   33  137
  148   67
   33   51
  108   74
  108   79
  130   31
  107   32
   87   38
  150   87
  128   85
  157   68
   62   56
   94   91
   64  153
  110  138
  127  166
  118  132
   51  136
   94  120
  166  118
   87  121
   96   98
   80  146
   55  129
  122   77
  131   68
  120   40
   40   37
  103   47
  169  100
   85   97
   84   83
   92   49
   49  102
   78  120
   98  111
   85  112
  110   89
   97  144
  112  138
  145  130
  119   96
   50  143
  111   82
   91   81
  126   77
  107  131
  123  127
  153  114
  136   87
   53  132
   59  120
   81   92
  128  103
   79   99
  115   92
   89  115
   40  105
  144   35
  136   90
  128   85
  151   75
  153   37
   45   89
  113  167
   98  163
  130  148
  115  113
   35  169
  119  130
  146  127
  138  102
   44  134
  137   91
   67  104
   71  116
   73  138
   81  133
   38   61
     0.224