    1   31    3    0    1  779
  153  114
  155  158
  110  101
  116  118
  114  155
  110  187
  170  116
   60  103
  170   91
  153   89
   90  155
  147   98
   69  154
  116   97
  103  127
  157  169
  151   82
  146  126
  143   98
  104  112
   87  118
  104  136
  195   91
   98  136
   92  150
  147  188
   46  131
  126  131
  135  104
   38  101
  138   97
   85   77
  122   58
   86   83
  109  112
  138   68
   35   58
  140   75
  143   79
   62   80
  146   64
   69   99
   89   66
  113   75
  136   94
  132   82
  122   54
  113   72
   77   47
   63   51
   83   61
  174   74
  130   70
   59   90
  115  113
   17   63
  124   89
  104   82
   48   75
   62  143
   92  119
  139  132
   83  113
  174  124
   93  144
  141  148
   93  165
   70  112
  102  139
   45  105
  150  152
  115  154
  105  123
   94  165
  105  129
  161  142
  121  133
   71  121
   86  119
  138  159
  157  101
   96   96
  132  113
   78  134
  115  169
  119  168
   38  161
   78   77
  130   48
   73   27
  175   86
   80   88
  159  105
  120  109
   79   34
  109   94
   31   85
  134   96
   82   84
  130   30
  123  113
  126   65
  156  100
  108   77
   75   73
   88   54
  168  104
  124   64
   96   74
  142   29
   63   65
   97   96
  128  106
    5  101
  131   81
  154   99
  149  122
   94  117
   80  137
  163  138
   74   67
  181  125
  116  131
  165  125
  177  112
  128   79
  120  142
  107   94
  140  133
  147  107
   94  105
  119   84
  145  133
  211  103
   76  120
   89  100
   94   93
  177  126
   95  135
  107  130
  119  129
  160   83
   46   66
  165   86
  159   87
   86   97
  156   75
   78  116
  104   74
  114   85
  158  111
  153   90
  145   69
  131   84
  100   56
   86   68
  104   77
  196   82
  112   87
   82  108
  140  131
   35   76
  134   99
  129   90
   50   83
  189  131
  109  125
  152  146
  109  145
   85   75
  110  135
   56  139
  166  132
  127  116
  115   63
  102  150
  116  102
  177  142
  137  115
   87  115
  102   92
  144  141
  168  112
  111  127
  145   92
   94   99
  129  127
  133  140
   48  136
   43  116
  162  145
  158  131
   84  140
  156  136
   77  178
  101  120
  114  104
  156  148
  151  137
  143  113
  127  145
   97  116
   83  130
  102  123
  194  127
  115  147
   79  168
  136  174
   32  109
  133  119
  126  123
   50  120
  144   78
   96   88
   70   27
   96   68
   36   54
  144   75
  106   72
  110   39
  100   91
  108   48
  158   73
  115   56
   69   47
   83   37
  145   83
  148   33
   94   43
  133   40
   72   52
  107   86
  119   89
   29   83
  112   92
   39  125
  127   75
   59  130
  128   82
  120  108
   94  139
   90   92
   83   97
  131   84
  101   83
   44   87
   65  105
  132   87
  157  107
   65  124
  102  157
   56  104
  119  119
   88  100
   49   93
   84  148
  107  127
   32  178
  141  105
   87  103
  134  157
  125  118
  130  119
  163  135
  115  115
   80  130
   94  130
  170  108
  127  149
  102  170
  148  183
   69  117
  103  107
  134   99
    6   98
  134   45
   72   96
  148   54
  137   84
   81  120
   73   44
   75   78
  145   41
  122   64
   64   66
   85   86
  111   50
  176   82
   78   94
  105  137
   76   84
  135   91
   95   66
   64   61
   82  191
   80  144
  125  114
  145  133
  141  160
  129  127
  104  168
   89  138
   71  149
   93  130
  182  150
  137  160
   56  180
  114  162
   11  118
  137  116
  106  141
   60  141
  118   67
  133   67
  112   58
  108   83
   91   41
  110   69
   99   48
   49   41
   76   32
  146   75
  162   40
   43   60
   83   72
   46   47
  135   82
   69   81
   64   75
  139  100
  123  117
  109  145
  124  108
  188  150
  149  119
   99  130
  114  110
  148  135
  180  140
  122  161
  154  146
  107   99
  142  108
  142  128
   59  127
  130   79
  124  159
  123  110
  145  151
   97  124
   68  124
   82  101
  169  149
  118  122
   86  137
  135  106
   51  108
   97  137
  121  149
   15  145
  136  120
  118   83
   83  114
  111   84
   75   92
  101   91
  172  111
  173  108
   28  129
   83  145
   46   91
  157  120
   84  116
   85  110
  122  112
  184   68
  144   99
   94   95
  110  118
  147  100
  175  107
  118  118
  152  165
  102  120
  136  137
  139  116
   54  109
  141   79
  104  102
   52   91
   67  115
  135  110
  151   97
   76  104
  115  156
   61  121
  110  143
  100  125
   39  118
  103   99
   67   87
   80   91
  160  125
  128   79
   89  100
  134  126
   59  104
   90  138
  120  133
   13  126
   78  134
   93  116
  182  166
  104  124
   90  132
  142   76
   49  127
  111  157
  129  168
   22  163
   87   82
  150   96
  171   54
   36   49
   73  109
   50   93
  145  122
   63  110
   75  102
  137  136
  155   87
   60   95
   99   76
   51  101
  120  136
   84  140
   50  134
  172  139
  102  144
  134  118
   90  153
  130  187
  122  193
   53  187
   42  111
   63  162
   60  136
  155  163
   66  150
   84  143
   88   76
   42   33
  129   63
   75   74
   59   70
  101   97
  135  125
  139  114
   53  107
  135   95
  128   94
   56   88
   98  112
   48  110
   31  113
     0.382