    1   31    4    0    1  595
  143  184
  125  167
   62  179
  122  191
   98  127
   90  162
  121  134
   36  142
  160  188
   76  124
   45  160
  112  129
  100  156
   88  117
   96  171
   36  162
  124  169
   49  206
  114  169
   72  180
  121  208
   67  173
   74  156
  117  160
   50  138
  126  173
   77  193
  160  150
  111  207
   77  168
  138  158
  117  156
  131  171
  136  101
   77  136
  139  126
   92  143
  114  166
   64  100
   57  140
   91  103
  105  144
  141   93
   74  148
   79  148
  137  142
   84  187
  151  142
   73  157
  177  186
  114  149
   86  140
  172  149
   76  138
  116  171
   85  176
  111  124
  138  188
   23  163
  126  138
  133  112
  145  177
   91  167
  153  160
  101  167
  126  121
   64  177
   71  135
  105  187
  115  138
  153  191
   88  139
   92  130
  134  171
   97  107
  158  173
   87  135
  186  125
  121  141
   83  137
  180  136
   84  167
  118  157
   99  101
   96  164
  139  109
   11  147
  139   81
  116   79
   93   43
  108   98
   41  119
  163   71
   91   82
   47   74
  116   79
  110   94
   79   90
   93   56
   19   88
  141   38
   48   96
  131   39
   74   57
  126   82
   82   53
   91   85
  124   99
   66  115
  141  133
   76   91
  171   56
  128   94
   86  121
  144  105
   89  127
   84  104
   79  126
  149  141
  106  103
   54  113
  113  117
  123  116
  116  117
   68  126
   51  119
  170  135
   70  160
  161  136
   75  135
  165  162
  117  128
  119  112
  163  121
   91  121
  155  148
   75  148
  171  114
  160  161
   81  138
  104  141
  128  101
   22  115
  175  133
   88  126
   59  106
  126  140
  114   94
   82  139
  109  127
   40  101
  126  148
   61  145
  123  150
   86  133
  107  153
   65  130
   76   96
  104   99
   62  112
  139  128
   90  132
  174  129
  111  147
   91  117
  144   58
   86   79
  127  112
   51   78
   58   83
   95   93
  101   77
  138   90
   84  100
   79   83
  125  113
   83  127
  143  114
   75  108
  171  132
  106  102
   73   77
  165   81
   69   75
  105  104
   88  114
  108   92
  127  128
   26   94
    8   82
  193  147
   99  130
   78  122
  144  144
  131  103
   97  139
  129  142
   59  112
  121  162
   80  153
  135  163
  105  148
  106  165
   70  145
   73  111
   85  102
   75   85
  150  102
  110  140
  187  142
  107  155
  106   97
  149   41
   40   43
   68   14
  113   55
  107   14
  139   57
  104   34
   84   13
  102   57
   88   55
  137   59
   88   40
  165   61
   98   37
   51    5
  156   19
   65   39
   98   52
  100   43
  120   40
  107   57
   41   41
   66  169
   66  141
  100  172
  112  160
  149  181
   80  122
   88  152
  138  137
   92  142
  157  139
   81  115
  184  125
  120  120
   87  152
  179  163
   83  188
  119  196
   94  141
  103  144
  141  140
   14  184
   66   75
  134  114
  123   92
   82  122
  116   60
   44   83
  130   82
   68   64
  131   84
   94   52
  102   46
   71   59
   81   85
  100   93
   70  121
  147  124
   98   65
  182   86
  115   61
  100  112
   77  102
   98   56
  129  106
   60   54
   66   47
  143   85
   71   37
  145   87
   58   50
  168   49
  108   56
   91   53
  164   55
   72   86
  120   82
   70   25
  127   78
  139   39
   39   71
  107  103
  133  118
   51  135
   69  111
  153  149
   76  155
  154  150
   64  142
  175  164
  117  137
  102  107
  171  105
   81   79
  131  114
   73  143
  134  127
  149  157
   43  108
  147  180
   96  119
   89  131
  119  145
   93   94
  148  147
   86  111
  177   81
  111  119
   67  135
  169  140
   75  170
  106  166
  100  103
  103  146
  124   90
   24  155
  126  102
   88   93
   76  133
   96   85
  136  136
  104   99
  155   98
   88  104
   25   99
  142  100
   69  131
  119  126
  115   73
  148  125
   81   87
   70  116
   76   57
  101  117
   81   79
  129  119
   83   89
  157   95
   90   91
   50   64
  148   54
   57   82
   93   71
   95   68
  126  103
  103   82
   47   61
  130   93
   86   37
  144   95
  112   59
  111   55
   80   63
   82   52
   94   49
   84   79
  160   69
  116   27
  197   83
  116   40
  115   59
   67  127
  149  116
   57  109
  166  133
  110  104
  102   77
  163   81
   77   74
  133  103
   63  115
  143   94
  147  129
   54   94
  151   91
   64  102
  158  131
  109   95
  109   82
  156   90
   80   78
  144  111
   64  118
  160   72
  150  131
   72  103
  101  126
  141  102
   74  134
   33  153
  127  160
   62  189
  123  188
  110  126
  157  162
   72  119
   78  177
  148  132
   88  121
   78   87
  144   73
   53   70
  112   47
   62  105
  137  123
  122  119
   52   53
  103  160
   55  135
  162  123
   69  147
  102  127
  102  131
  115  173
  112  143
   37  120
  122   81
  171   71
   94   99
  154   84
   76   76
  165  118
  164   89
   75   75
  113   43
   81   61
  158   77
   99   51
  191   27
  131   61
  108   66
   75  153
  148  147
   77   86
  176  145
  138  100
   90  136
  129  132
   96  101
  110   48
  151  107
   15  120
  130  137
  169  154
   74  151
   90   92
  153  100
   97  158
   72  122
  126  195
   27  149
   51  141
     0.199