    1   31    5    0    1  399
  104   90
   94   74
  108   96
   91   94
   79   54
  113   46
   97   47
  191   33
  121   83
  111  112
  117   75
  121   15
   57   92
  113   75
   28   69
  101   61
  118   89
   70   82
   95   70
  103   74
  147   59
  138   63
   86   73
  106   99
  113   43
   34   43
   99   90
  182   17
  162   51
   94   81
   96   92
  102   99
  103  126
   90   72
   93   79
  116   47
  171   56
  101  114
  142  137
   86  104
  100   64
   63  111
   64  117
   27   96
   97   85
   75  117
   82  115
  104   74
   91  119
  161   72
  117   64
  102  121
  119  109
  114   46
   84   50
  124  110
  162   61
  168   80
   77   92
   79   60
   18   93
   52   37
  103   57
  107   50
  155   43
   87   81
  133   97
   92   71
  116   63
   99   70
  156   95
   99   61
  118   51
  135   80
   30   84
   57   34
   57   99
   66   31
  102   35
   32  104
  161   65
   77   53
  102   58
  184   70
  149   59
   75   52
   52   48
   88   87
   80   87
  128   64
  101  112
  204   82
  134   80
  109  114
  133   78
  137   78
   77  106
  139   60
   57   78
  117   80
  142   90
   69   77
   96  116
  112   58
  142   95
  150  116
   81   60
  128  127
  119  110
   27  113
  128  101
  195   79
  159   70
  105  113
   71   54
   57   41
  111   54
  126   35
   57   77
  142  107
   43   70
   67   15
   72   90
   95   66
   61   64
   89   58
   63   84
   60   76
   80   74
   50   65
  134   60
   72   68
   80   64
  135  100
   86   51
  101   52
  156   86
  118   19
  135   47
   33   82
   72   72
  108   21
  115   48
   48  105
  140  126
   53   95
   87   56
   88  100
  130  110
   85   86
  102   76
  102  107
   40  107
   61   57
   19  111
  103   61
   63   44
   56  114
  151   94
   66   23
  108   28
  176   99
  110   53
   99   71
   13   78
   73   72
  143   68
   73  123
  105  151
   74  115
   81   57
   53  129
  111  118
   54  107
   72   99
   97  128
   25  123
   47  100
   51  117
  104   93
   90   91
   46  117
  116  133
   61   68
   71   68
  141  127
  134   56
  113   90
   44  115
  139   68
   69  105
  111  128
   68   95
   73   87
   51  105
  104  113
   50   86
   66   76
   89  107
   33  106
   54   91
   50  116
  111   73
   86   91
   53  121
  115  112
   65   95
   74  100
  140  103
  130   83
  118   71
   41   95
  104  120
  155  150
   86  113
  106  144
   76  138
   68  130
   40  110
  108  113
   71  126
   92  120
  114  155
   96  135
  171  133
  120  160
  113  144
  133  159
  123  165
   97  169
  137  133
  166  143
  176  111
   80  146
   88  142
  115  105
  120   45
   65  122
  132  105
   56   99
  101   91
  129  119
   47  113
   74   95
   91  103
  119   87
  130   87
   59  102
  120  127
   97   63
   38   62
  132  119
  175   46
  137   81
   84  109
  108  138
  117  136
   74  167
  141  104
   71  141
  103  144
  132  147
   31  131
   60  181
   79   97
   99  160
  121  180
   39   86
  132  190
   85  171
   60  173
  150  162
  167  139
  118  135
   74  177
  102   40
   61   71
   68   63
   22   46
   96   39
   79   67
   81   62
  103   63
   92   65
  160   44
  119   63
  101   70
  116   82
  114   60
   80   64
  120   67
  164   38
  168   28
   79   65
   59  134
  124  109
   58  108
   86  102
  115  127
   24  118
   51  119
   67  107
  101  105
  107  114
   40  106
  119  144
   73   98
   58   99
  140  130
  152   66
  115   91
   61  127
   76   85
   21   46
  103   37
   87   63
   87   69
  110   60
  101   90
  167   40
  128   68
  107   98
  119   65
  122   83
   79   88
  117   54
  173   75
  175   47
   88   50
   54  104
   76  100
  104  122
   23  113
   47  122
   58  101
  102  105
   97  118
   42  101
  115  144
   65  106
   65  108
  139  127
  142   73
  114   88
   51  127
   96   46
   78   75
   81   69
  103   56
   92   64
  161   44
  119   50
  102   65
  117   84
  115   34
   81   36
  121   75
  164    3
  168   36
   78   66
   83   92
   86   97
  106   90
   63  118
  153   69
   78   97
  104  126
  171   95
  110  112
  137  117
  191   83
  127  103
  149   75
   38   80
   13   70
   38  129
   47   47
   79  107
   92  132
   25   58
  142  132
   58  130
   87  133
  166  102
  137  101
   87   83
   43  121
   55   22
   38  107
   85   37
   83   34
   42  114
  156   29
   67   63
  106   68
  181   55
  130   76
   79   61
   32   23
   71   99
   91   48
  113   74
   31  107
  133   58
   77   93
   66   98
  153   49
  158   87
  109   58
   66   46
  105   77
  104  103
   44   38
  114  101
   72  103
   58  106
  136   70
  149   74
  118   53
   58   90
   59  103
   86  123
  160  136
   93   91
  124   93
  183  127
  109   67
  130   89
   19  118
   51  126
  106   73
   78  125
   53  130
  129   51
  152  117
  125   85
   62   71
  142   42
   88   66
  108   71
  163   64
  114   78
  134   65
   29   32
   63  171
  105  175
  175  131
  115  145
   94  120
   18  153
  115   53
  163  123
  139   73
  159   93
   54  103
  112   39
  179  100
  152   66
   91   71
  125  116
  148  114
   37  121
   86  124
   27  150
   76  133
     0.314