    1   51    2    0    1 1724
  118  153
  140  156
   92  122
   53  161
  100  183
  149  135
   43  115
  150  182
   70  115
   60  105
   58  173
   32  156
  126  127
  110  191
  130  133
  142  101
  119  109
   69  178
   60  175
   82  128
  133  120
   57  147
   85  164
   78  142
  118  145
  114  168
   69  152
   61  111
  155  131
   51  191
  101  162
   69  147
   99  145
  136  147
   59  189
   94  154
  106  164
  111  115
   30  177
  168  118
  143  107
  124  198
  111  135
  152  101
  131  179
   56  148
   98  180
  152  140
  100  119
   21  156
  171  103
   64  145
   43  105
   87  132
  125  134
   73  103
  161  131
   48  133
   58  126
   87  130
   24  142
  138   99
  142  143
  132  115
  143  117
  119  108
  102  122
   70  150
   94  114
  167  111
   53  144
   93  149
  101  146
  105   90
  118  110
   97  120
   37  108
  184  129
   76  137
  101  105
   36  150
   86  104
  161  111
   60  135
  109  104
   82  109
  130  106
   62  139
  190  140
  162  117
  147  147
  143   97
  140  121
  165  133
   32  136
   71  135
  147  101
  115  115
   37  102
  122  118
   80  164
  122  165
  176   89
   50  122
  152  166
   99  101
   89  121
   41  148
   60  110
  127  140
   87  168
  144  109
  159  119
  134  119
   44  167
   77  133
   99  107
  104  109
   81   95
  107  117
   68   86
  140  149
  131  165
   77  125
   90  117
  137   92
   81  175
  116  160
   99   91
  122  157
  132  161
   88  175
  119  143
  133  156
  113  130
   44  146
  161  109
  140  126
  118  179
  119  126
  175  112
  102  156
   86  104
  128  156
  172  152
  113  105
   40  161
   77   70
   89   79
  160  105
   77   85
   89   77
  124  112
  104  110
   37   79
   67  106
   64   84
  114   90
  101   84
  126  100
   90   91
   78   70
  123  107
   92   86
  148   87
   71  113
  148  112
   26  118
  112   67
  108   65
   98   79
   86   89
  130  101
  112   84
   73   60
  112  122
   95   84
  121   93
  104   82
  132   54
  125   56
   91   91
   87   91
  112  121
   84  101
   83   93
  167   68
  150  103
  154   81
  102  102
  144   83
  141   83
  102   91
   45   72
   41   62
   94   63
  102   80
  141   65
  101   87
   94   98
  101   43
   51   43
  119   93
  166   60
  110   55
  127   90
   92   83
  128   74
  122   29
  107   59
  197   68
   60   59
  144   43
  100   70
   68   86
  114   85
  124   38
   42   80
  196   62
  117   74
   75   81
   78   71
   51  102
  173  109
   97   76
  138   60
   77   70
  137   92
  103   33
  187   97
  158   96
  151   72
  184   63
  109   88
  197   50
   80   47
  119   49
  125   99
  126   69
   58   93
  205   45
   81   60
  155  115
  136   34
  123   54
   34  100
   93   68
  130   77
   87  120
  161   57
  180   53
  152   55
   48  114
  112   91
  125   54
  102   51
  109   55
  143   76
   62   47
  165   90
  154  109
  106   76
  121   54
  126   44
  117  124
  134  103
  134   52
  147   95
  144   98
  122  124
  151   89
  164  101
  129   66
   80  100
  156   43
  142   60
  120  129
  155   70
  201   46
  117  107
  121   62
  163  108
  195   90
  136   47
   69  102
   99  132
   75  123
  145  162
  125  154
   53  134
   87  163
   50  122
  133  138
  111  140
  140  145
   99  138
   98  110
  146  164
  114  141
  167  139
   90  169
  170  170
   33  173
  123  102
  126   90
  121  137
  103  137
  144  156
  135  126
   82   91
  131  177
  107  112
  144  119
  126  122
  155  111
  141  103
  114  133
  110  147
  117  169
  101  144
  101  137
  189  121
  163  151
  174  133
  123  159
  164  135
  155  114
  123  143
   67   94
  142   64
   97  109
   91  102
  100   76
   49  107
  120   70
  165   79
  110   85
  126   92
   92   85
  126   51
  119  107
  105   86
  195   85
   57  114
  141  113
  100  118
   68   49
  113   31
  122   81
   39   84
  195  101
  115   67
   76   33
   75  122
   51   61
  172   68
   94   63
  135   55
   73   45
  136   81
  100   89
  186  116
  157   92
  150   78
  181   67
  108   98
  195   75
   76  103
  116   77
  124   63
  124   89
   56   43
  130  119
  112  134
   69  110
   71   69
   65  138
  144  128
   88   96
  119  128
   72  123
  108  137
  139   84
  104   99
  178  107
   73   85
  161   71
   56   97
   95  138
  110  143
  118   92
   81  120
  162   94
  127  140
   56  139
  113   97
   80  151
  149  158
  113  141
  145  118
  118  130
  114  134
  107  102
  141  129
  116  135
  115  140
  187  111
  136  124
  182  117
  107   76
  148  117
  130  148
  116  106
   59  147
  109   90
   69  105
   68   62
   67  107
  144  125
   85   71
  116   87
   69   86
  107  127
  136   85
  102   70
  177   74
   70   46
  159   67
   57   42
   92  114
  107  127
  116   82
   77   83
  162   55
  125  134
   52  122
  110   43
   77  123
  148  128
  110  134
  142  103
  114  116
  113   98
  104  100
  142   78
  116   95
  115  136
  185   89
  133   81
  181  113
  104   58
  145  113
  127  119
  114   71
   56  125
  103   92
   58   46
  116  116
  170  110
  109   74
  128  103
   90   99
  132  119
  129   65
  111   76
  201   84
   65   56
  151   46
  100   67
   70  117
  117  124
  129   73
   50   96
  198   68
  124  122
   74  120
   87   66
   54  130
  176  136
  104  123
  144   99
   85  111
  139  110
  109   84
  186  101
  158  111
  152  122
  190   91
  112   99
  201   99
   88   52
  127   99
  126  126
  129   82
   63  127
   51   26
  150   57
  123   46
  154   21
  166   55
  143   48
   80   49
   40   28
  106   26
  140   33
   79   37
   76   31
   99   46
  139   52
  138   55
   91    4
   77   45
  172   33
   71   54
  125   51
   79   48
  120   67
  157   74
   78   55
  118   29
  122   42
  134   56
   42   26
  190   66
  165   61
  146   57
  117   27
  174   54
  138   34
   68   24
  109   34
  175   64
  125   35
   46   60
   57   85
  121   76
  107   42
  134   72
   95   68
   86   86
  134   29
  103   45
  156   52
   82   23
  159   10
   24   34
  119   86
  117   92
  109   41
   95   65
  134   37
  124   89
   78   88
  122   33
  102   99
  131  105
  115   90
  144   67
  134   79
  102   79
   98   50
  109   69
   89   79
   90   89
  177   59
  157   67
  162   66
  113   21
  155   65
  149   95
  113   51
   56   96
   82  133
  156   88
  173   61
  147   61
   40  114
   99  130
  116   84
   90   76
  100  110
  130  124
   65  107
  157   74
  147   99
   96  103
  111   64
  129   93
  104  129
  129   94
  122  112
  140   69
  139   69
  110  126
  140   94
  154  100
  123   49
   67  126
  159   85
  142   56
  119  138
  142   79
  193   69
  104  123
  109  108
  151  124
  188   64
  128   78
   59   83
  123  115
  138   93
  113  100
   50  167
   81  151
   78  110
  118  105
   62  115
  107  136
   56  105
  120  136
  110  159
   58  135
   73  101
  132  104
   74  179
   95  153
   88  109
  102  136
  115  137
   75  178
  103  143
  116  154
   94  106
   43  159
  148   70
  123   96
  103  186
  122  123
  156   87
  118  165
   75  122
  117  165
  151  131
   91  101
   21  147
  112  111
   65  102
  116  107
  131  116
  101   90
  186   93
   62  116
  153  117
   74  121
   74   98
  104  105
  118   86
   62  100
  176  105
  121  117
   49  100
   97  125
   58  114
  157  121
  104  117
  139   82
   98   95
  121  107
  104  107
  160  129
  133  115
  129  124
  184   76
  116  113
  188  105
   94  106
  134  106
  115  111
  116   97
   55  107
   81  132
   88  120
  127  135
   93  119
  158  123
   69  142
  151  140
   36  149
  104  122
  105  123
  103  107
   82  130
  141  133
  116  130
   63  118
  110  152
   88  139
  130  147
  105  129
  135   97
  120  110
   97  136
   93  122
  121  158
   95  145
   94  136
  172  106
  143  143
  163  117
  102  131
  143  119
  134  136
  104  127
   47  129
  100   80
  104  120
   79  132
  169  137
   35  148
  126  136
   74  158
   68  120
   86   99
   97  111
   39  143
  168  144
   96   64
   58  102
   71  160
   50  136
  145  144
   77   67
  114  100
   77   93
  109  147
   79   97
  161  172
  132  156
  124   58
  160  119
  104  156
  169   80
   67  135
  108   81
  104  137
   97  140
   32  118
  137  110
  104   63
  162   55
   81   88
  161  103
   31   84
  114   61
  116   86
  112   84
   93   42
  141   71
  126  114
   73   81
  122   90
   98   58
  136   59
  116  111
  145   78
  132   85
  105   30
  101  107
  116   62
   95   32
   96  122
  181   61
  154   45
  168  106
  113   86
  155  107
  145   53
  114   56
   58   71
  121   38
   98   35
  105   65
  139   77
   61   65
  162   75
  151   91
  102   62
  117   47
  125   49
  113  107
  131   86
  130   70
  144   84
  141   89
  118  106
  147   71
  160   83
  126   61
   76   87
  155   68
  140   63
  118  113
  151   52
  198   55
  113   92
  117   61
  159   92
  192   79
  132   36
   65   87
  182   88
   60   80
  151  102
   70   69
   75  127
  101  145
  115  109
   62   92
  172   75
  119  159
   45  140
   96   73
   59  133
  153  136
  101  158
  136  124
   99  137
  117  104
  101  131
  156   74
  128   97
  125  163
  181  106
  116   84
  184  140
   93   90
  133  141
  114  128
  112   83
   52  139
  105  102
  140   96
   59  112
  161  169
  150  177
  102  126
  118  146
  123  117
  113  175
  130  173
  131  109
  143  182
  140  188
  118  176
  147  152
  160  164
  125  161
   77  136
  153  148
  139  160
  116  174
  152  143
  197  148
  114  152
  118  104
  160  151
  191  178
  132  133
   65  180
  136   47
   75   66
   63   78
   91   80
  105   29
   46   70
  172   55
  105   76
   52   76
   80   68
   46   93
  150  101
   86   77
  123   55
   82   66
  113   82
   88   42
  162   89
  133   87
  126   77
  169   53
  101   79
  177   54
   76   43
  117   54
  100   90
  104   60
   40   86
  100  149
   85   82
  111   69
  107  112
   16  115
  189  132
   93  102
   87   65
   48  153
   66   96
  164  104
   73   99
  118   86
   60   77
  131  113
   80  121
  188  148
  159  124
  148  114
  161   98
  120  129
  179  108
   51  134
   90  110
  132   97
  116  120
   42   78
   74   61
   82   83
   91   64
   39   26
  164   38
   90  105
   61   78
   69   51
   56   61
  140   63
   72  104
  108   68
   78   79
  105   31
   74   88
  159   18
  130   22
  121  112
  155   49
  109   12
  164   92
   64   56
  104   93
  108   56
   93   29
   26   72
   83  102
   79   99
   42   65
  156   93
   79  128
   70   97
   66  114
   68   82
  132   86
   62  126
   96   92
   84  100
   99   62
   61  122
  156   96
  128   71
  115  137
  142   76
  121   77
  152  120
   57  106
   99  121
  120   77
   84   77
   14   90
  119  100
   54  111
  183  121
  119  112
   57   90
   89  142
   49  111
  162  119
   99  110
  137   76
   89   85
  125  114
  102  114
  169  142
  141  124
  136  120
  183   88
  107  124
  190  106
   87  122
  128  107
  114  109
  118  112
   54  100
  104   93
  104  115
  116  104
   99   67
  125  136
  119   70
  121   78
  114  101
  141   79
  145   76
  101   88
   86  116
  112  125
  100   99
   81  115
  164   81
  174  106
  138  106
  114  120
  155  108
  165   71
  114  101
   55   58
  120   63
  115  101
   83   67
  118   82
  105   42
  120   42
  109   98
  136   66
  134   72
   94   20
   88   97
  104   54
   83   25
   76  110
  166   50
  160   38
  149   94
  108   78
  149   96
  151   37
  106   48
   49   56
  104  151
   53  155
   78  140
   46  173
  149  181
   85  153
  122  134
   81  145
  113  162
   87  113
  161  166
  133  166
  126  151
  168  134
  101  157
  176  128
   75  116
  115  127
  100  170
  103  138
   39  166
   91  139
  129   68
  114  131
  130  134
  120  157
  147  124
  144  136
  105  102
   98  129
   95   69
   92   95
   85  162
  176  105
  169   81
  155  139
  119   88
  160  139
  160  126
  117   82
   60  138
  113   82
  124  139
  121  146
  101  117
  129  101
  141  112
  105  123
   63   73
  141  118
  123  125
  100  112
  139   98
  177  114
  108   91
  101   66
  143   90
  171  135
  112   96
   46  133
   70  106
  151  114
   57   77
  102   63
   71   72
  118   99
   64   39
  177  111
  148  105
  136   74
  145   69
  124   99
  163   52
   41   65
   81   51
  131  104
  103   80
   28   96
  110  121
  103  164
  130  129
  135  139
   92   91
   75  143
  117   55
   99   80
   77  171
  153  109
  166   73
  131  150
  103  104
  145  151
  158  116
  104   87
   44  133
   88  188
  116  155
  116  161
   73  107
   69  185
  125  133
   98  105
   82  199
  148  138
  146  119
  138  183
   87  163
  129  184
  138  125
   86  132
   28  145
  109  114
  112  126
   73   97
   62  116
  132   69
  105   92
   89  150
  141   96
  144   78
  135  127
   81   74
  122  127
  137  121
   80   74
   22  131
  114  104
  112  119
   23  145
  168  155
  143  130
  124  142
  103  112
  160  137
  123  134
   65  151
  106  136
  159  100
  104  131
   27   84
  112   75
   67  109
  169   95
  140   81
  129  129
  148   66
  116   78
  163  110
   50   91
   91  111
  121   90
   97   66
   24   96
   74  153
  192  126
  163   97
  150  159
  155  108
  130  109
  175  147
   43  142
   82  149
  141   78
  118  114
   42   99
  179   96
  150   67
  142  105
  172   67
  101   78
  185   98
   70  105
  110   99
  117   32
  115   80
   47   40
  149  148
  129  141
  100  110
  167  148
  122  124
   69  139
  111  126
  166  138
  111  133
   34  130
  117   99
  120  123
  143  159
  134   82
   55  136
   97   84
  142  149
   89  142
   10  134
  138   99
  140  135
  160   98
   30  130
   70  100
  146  112
  112  123
   33   95
  162  149
  112  174
   77  177
  119  176
  158  103
   99  151
   27  119
  102  181
   86  135
  128  182
  168  160
  108  120
   37  173
   35  122
   76  126
  144  142
  105  120
   26  139
  100  128
  166   93
  116   64
   37  110
  176   80
  119  126
   57   81
   90  143
   13  114
   52  138
     1.919