    1   51    3    0    1 1030
   74  140
  141   81
  137   97
   64  113
   84   75
   98  140
  107   72
   35  111
   74  130
  123  126
  143  106
   91   88
   42  151
  109  127
  132  123
  106  129
  144   83
   43  137
  122  145
  139  121
  134   91
   68  123
  122  142
   97  102
   58   85
   34  132
  114  107
   98   75
   84   92
   34  143
  125  143
   54   92
  121  116
   81   95
  123  152
   45   78
   95  135
   79   88
  118  134
   49  126
  108  130
   84   81
   72  102
   99  113
   46  115
   78  116
  170  120
   49   72
   54  102
   36  121
  110  102
  107   64
   63   89
   98   87
   78   87
  109   97
   27   45
   47   73
  103   43
  119   85
   74   74
   26   18
  137   51
  142   74
  102   90
  119  110
   69   26
  103   32
  111   60
  128  100
   61   51
  118   60
   90   54
   60   97
   61   63
  113   96
  113   81
  112   74
   47   15
  130   27
   71  119
   96   58
   98   90
   99   26
   15   77
  106   56
   51   73
   94   43
   30   30
  107   81
   66  102
   42   86
  106   64
   69   84
   91   90
  139   36
   52   87
   29   95
   37   92
  100  142
  114  117
  101  141
  129  138
   92  142
   59  139
   86  179
   56  159
  107  165
   75  112
   68  165
  159  165
  133  173
   63  185
  128  151
   96  161
  117  153
  154  121
  180  160
   24  161
   78  141
  141  124
  112  155
   85  130
   95  121
  119  125
  133  108
   95  158
  126  152
  112  156
  139  158
  134  158
  113  162
   60  128
  152  135
   76  113
  137  167
   42  148
   82  127
  117  135
   47  110
  117  160
  113  172
   89  120
  150  138
  103  127
   51  120
   38  180
   76  135
  125   85
  103  154
  132   96
   54   87
   26   61
  109   81
  123   57
   91  104
   54  122
  165   75
  167   54
  120   58
  130  107
   96   98
  123  127
  103  125
  131   81
   79   73
  135  141
   90   95
   68   83
   89  136
  135  133
  140   96
  140  108
   67  116
  156  122
   97  115
   81   66
  125   69
  113  128
   28   90
  131  134
   62  103
   80   84
   50   97
  128  143
   79  113
   29  125
  133   60
   91   49
  118  138
  117  100
   66  100
   45  129
   62   56
  124   77
  109   84
  127   83
   55   59
   40  101
   97   78
  112   93
   86   54
   57   85
  169   85
  164   96
  111  110
  123   94
  100   79
  120   76
  114   56
  144   94
   70   81
  126   75
  104   44
   80   90
   92   67
  129   76
  140   64
  143   52
   76   78
  153   74
  103  102
   95   80
  129   90
  109   84
   32   64
  138   68
   58   53
   93   86
   46   66
  121   74
   88   83
   15   66
  132   83
   99   98
  116   74
  107   56
   77   69
   42   75
   59  106
  117   87
   84  111
   44   76
   93  120
  114   92
  144  118
   89   80
   56   82
  100  100
  104  117
   82  132
  148  122
   47   85
  124   68
  158   57
  163  122
   49   97
   99   68
  125   69
   87  118
   28   64
   93   95
   69   92
   75   78
   63   76
  101   68
   80  129
  142   99
  100  116
  127   78
   61   91
  123   60
   88   80
  140   98
   51   74
   86   79
  107  109
   80   85
   86  103
   73  121
   49   88
  181   64
   77   97
   61   95
   21  130
  137  127
   55  114
   63  156
  141  133
  156  146
  110   96
   57  132
  137  140
  164  151
  134  164
  157  136
   75  131
  140  117
  132   83
  106  143
   94  136
  150  103
   68   99
   26  138
   64   93
  142  102
  130  109
  113   92
   27  125
  155  118
   77  142
  107  135
  108  141
  136  127
   47  111
  108   98
   88   96
  105  140
   67  118
  137   93
   79  121
   75   92
  129  138
   52  152
  110   95
  167  108
   26  112
   67  102
   65  160
   51  103
  100  135
  114  105
  147  146
   93  127
   63   64
  103  112
   98  135
   77  152
  153  166
   55   87
  129   71
  165  106
  171  159
   46  113
   94  100
  133  109
   96  156
   34  105
   91  145
   67  136
   78  126
   71   70
   99   70
   88  175
  150  119
  109  149
  132   61
   68  134
  131   97
   94  127
  147  105
   55   89
   82  124
  115  157
   84  136
   91  126
   82  145
   42  137
  186   92
   86  142
   66  145
   23  153
   85   46
  113   15
  139   59
   85   66
   48   50
  103   24
  112   46
   87   62
  143   93
   40   26
  119   58
  150   69
  153   77
   51   23
  103   79
  116   47
   78   75
   27   77
   96   95
   77   67
   77   68
   54   44
  105   53
   70  102
  134   31
   91   65
  121   57
   53   62
  113   73
   81   65
  131   21
   45   28
   90   91
   98   90
   74   84
   83   37
   66   56
   58   93
  174   37
   69   74
   55   92
   20   64
  120   75
  136   68
   89   26
   36   93
  129   79
  147   81
  114   90
  137   54
   62   82
  119   85
  120   59
  117   60
   74   74
  130   80
   79   44
   45   55
   54   70
  122   51
  114   26
  104   30
   29   85
  136   83
   61   61
  101   69
   92   60
  116   92
   29   30
   93   73
   69   26
   98   83
   46   70
  117   69
   64   43
   59   44
  110   68
   52   76
   94   57
  154   62
   35   29
   47   47
   45   84
  105  119
   86   67
   65  127
  175  125
  164  130
  104  140
  124   94
  106  122
  122  114
  128   80
  159  109
   64  120
  119   98
  118   84
   94  104
   98   88
  127   58
  142   76
  149   63
   88  119
  153  114
  112   98
  110  116
  137  110
  111  123
   43   81
  148   94
   64   67
  108  127
   47  109
  118   79
  101   77
    8   50
  134  117
  110  127
  116   63
  108   99
   90   75
   46   56
   60  134
   82  145
   42   99
  153  117
  156  141
  111  157
  122  179
   84   92
  113  111
   98  135
  128  168
   70  118
  127  138
   88  124
   63  166
   77  139
  124  169
  128  151
  127  145
   57   95
  144  106
   85  188
   84  125
  113  157
  104  107
   15  147
  120  132
   52  144
   82  110
   39   99
  118  156
   69  173
   32  158
  121  131
   81  151
  106  164
  125  107
   58  157
   35  168
   51  159
   79  158
  152  140
  120  135
   39  139
  146   68
   96  147
  130  149
  171  119
  193   95
    8  135
   54  138
  155  109
  123   91
   81  128
   86   86
  111   83
  127   91
  103  151
  118  148
  118   65
  157  128
  139  104
  129  157
   75   88
  159  133
   93   90
  155  146
   55  135
   67  118
  130   61
   69   89
  116  126
  118  126
   78   99
  173  128
  113   77
   66   82
   36  130
  149   76
  136   70
   82   75
  103   40
   82   87
   97   98
  129   77
  155   39
   40   71
   97   98
  116   55
   88   34
   73   89
   99   67
  114   31
  123   49
   74   95
  125   95
   92   50
  115   64
  116   42
   89  104
   35   30
  131   91
   51   45
  113   83
   22   77
   91   88
   93   42
   31   62
  107   61
   93   62
   88   75
  134   72
   80   31
   27   62
   32   68
  174  120
  141  121
  159  102
   86  147
  144  164
  128  148
   95   82
  101  127
  157  167
   56  122
   24   79
   76  159
  149  139
  140  103
  125  121
   39  159
  164  161
   87  111
  101  119
  118   86
  139  169
   47  100
  118  161
   89  116
   98  140
   71  139
  144  159
   79  111
   73  134
  137  114
   64  108
  120  148
  162  137
   35  104
   69  134
   72  113
  117  165
  156  177
   50  103
  135   97
  146  123
  133  169
   80  126
  133  124
   96  120
   54  166
   36  126
  125  160
  107  147
   85  138
   30   88
  135   92
   65  186
  126  131
   93  160
  135   97
   54  144
  102  119
   90  139
  124  120
   62  100
  119  144
   90  168
   83  150
  111  138
   37  157
   87  154
  179  102
   47  153
   66  159
   48  165
  117   62
   94  108
  113  103
  112   71
  142   81
   65  103
  122   89
  102   69
   78   76
   86   79
  123   38
  133   53
  137   48
   71  108
  146  103
   97   65
   95   98
  124   85
  103  112
   27   58
  132   85
   52   50
   93  112
   39   95
  116   69
   84   45
   17   40
  125   98
   94  104
  109   50
  113   86
   73   49
   36   34
   53  111
   87  126
  102  124
  124  123
  152  166
   48  136
  104  134
  113  114
   86  163
   79  131
  108  155
  122  141
  129  132
   74  123
  133  121
   95  179
  109  138
  120  159
   92  130
   32  138
  132  127
   49  132
  107  137
   27  113
   99  145
   91  161
   22  144
  114  143
   95  161
   96  150
  125  103
   79  147
   28  154
   40  170
  112  104
   99  106
  124   75
   70   49
  127  121
   85   77
   59   75
   73  116
  123  119
  126   83
  124   92
   53   92
  142  100
   81  107
   85   43
  109   62
  104  104
   12   77
  115  114
   53   88
   83   60
   39   74
  117  125
   65  102
   36  110
  118   38
   76   45
  103  122
  130   79
   54   88
   35  115
   49   52
  167  161
  184  108
   17  158
   65  182
  146  142
  112  105
   62  172
   71  139
   92  116
  107  132
   89  183
   99  183
  104   96
  153  150
  125  119
  126  192
   70  118
  146  176
   90  128
  151  170
   50  165
   53  167
  122  106
   74  138
  100  146
  103  141
   58  151
  177  160
  101  111
   63  135
   22  145
  171  154
   22  142
   76  129
  133  106
   99  150
   55  121
   67  130
   87  122
  102  108
   78  137
   94  132
   93  159
  141  141
  113  150
  115  142
   58  123
  134  122
   78  110
  139  147
   38  127
   62  127
  110  139
   64  120
   90  144
   92  159
   58  127
  167  117
   89  127
   51  129
   10  168
   67  168
  119   96
  106  137
   67  183
   24   97
  111  141
   91  154
   74  137
   42  140
  121  128
   64  187
  131  169
   87  183
  128  135
   53  155
  106   99
   86  141
  128  168
   54  144
  105  111
   94  166
   79  135
   97  174
   51  191
   72  129
  178  135
   58  157
   61  144
   35  199
  121   54
   97   46
   59   65
   33   44
  113    7
   97   37
   84   25
   34   79
  124   73
   54   56
  121   78
   80   72
  123   82
   45   42
   96   51
   79   29
  119   89
   49   70
  107   32
   84   36
   72    8
   98   79
   46   88
   78   14
  170   60
   49   36
   54    8
   36   96
  127  102
   92   84
   45  143
   76  138
   78  101
   92  114
   70  122
   89  129
   85  117
  138   73
  105   70
  116  135
   55   95
  127  141
   78  109
  136   90
   39  104
   70  150
  105  116
   67  131
   81   66
   83   49
   52  144
  169  107
   82  104
   51  134
    5   48
   62   96
   91   92
  142   97
  145   74
  142   70
   64   93
  162   92
   99  112
   75   83
  128   93
  121  101
   32   71
  131   92
   69   68
   73   93
   57   77
  135   99
   79   95
   39   87
  138   86
   90  100
  123   97
  125   69
   62   80
   53   94
   68  109
   91   92
  149   54
  148   44
  141   53
   59  112
  167  109
   98   33
   78   88
  128   64
  130  119
   38   48
  130   97
   78   52
   76  106
   65   95
  143   84
   78   22
   52   55
  142   86
   85   86
  127   66
  138   88
   56   37
   61   49
   74   91
  142   52
  157   58
  164   41
  100   56
  168   47
  125   92
  116   75
  152   86
  126   56
   56   58
  161   25
   79   44
  115   77
   63   53
  132   33
  112   71
   22   43
  150   79
  123   94
  132   43
  106   43
  100   61
   61   52
   75  103
  151   73
  156   88
   90  129
  163  130
  116  105
  106  101
  143   89
  119  138
   46   68
  151  127
   70   83
  105  118
   56  111
  129  127
  102   93
   16  104
  143   99
  113  105
  126  117
   97  106
   90   78
   53  107
   69  112
  125  101
   39   99
  166  103
   89  137
  106   84
  120  108
  144  110
   52   96
  120  113
   94   98
  104   90
   75   79
  147  127
   84  123
   78  117
  140   89
   64  107
  122  127
  168   79
   36  108
   74  125
   76  116
   77  131
   90  128
   91   87
  142  115
  112  101
  117  137
   59   74
  134  114
   81   71
  140  130
   40  116
   63  103
  110   66
   67   74
   88  114
   91  120
   54   88
  170  108
   89   64
   53   73
    9  127
  122  105
  117   29
  151   77
  139   50
  124  114
   70   41
  158   96
   87   49
  149   96
   51   89
   74   87
  127   27
   61   58
  118   74
  118   72
   84   71
  164   83
  111   32
   61   55
   38   77
   88  151
  127  163
  109  162
  100  156
   45  132
  128  122
   64  117
  125  170
   24  149
   74   99
   99  130
   49   97
   92  165
   89  176
   70   87
  152  138
   82  127
   36  103
   14  185
  125   91
   93  120
  134   65
   53  105
  102   85
   90  101
  123   80
   61   60
  120  109
   89  130
   82  113
  111   97
   36  117
   88  118
  178   63
   46  115
   65  123
   48  125
  120   71
  102  161
   22  101
  128  158
   51  117
   88  125
   39  130
  117  160
   79  118
   22  137
  124   98
   90   88
  108  151
  117  129
   68  108
   35  139
   52   92
  112  173
   58  100
  152  160
   73  113
  134  149
   42  145
   89  154
  115   99
   41  127
  121  124
  114  120
   95  140
  144  141
  102   97
   50  125
   42  124
   71  141
  136  177
   96  152
  151  115
   57  135
   79  190
  119  165
   86  174
   93  103
   87  100
   38  186
  188  141
   91  152
   68  179
   24  102
  100   68
   73   49
   95   28
   52   30
  125   82
   64   71
   61   70
  118   22
   54   41
  102   80
  154   33
   29   55
   52   77
   53   49
   64  114
   72  124
   50  121
  128  155
   66  130
   42  136
  128  104
   78  114
  113  149
  132  119
   51  115
   46  141
   59  123
   95   95
   75  102
  150  135
   83   91
   72  112
  144   68
   73   54
  128  125
  160  102
   43   82
   72  113
   79   55
   45   95
   57  144
  117  129
   70  131
   94   75
   97   94
   55  142
  174   98
   95  113
   58  137
   16  102
   83   91
  117   68
   46   75
  117   18
  113   32
   90   87
  149   48
  103   54
   51   80
   38   40
   94   99
   79  102
  155   70
   83   83
  139  114
  165   81
   54   83
   82  108
   90   92
   72  116
  117   86
   42  106
   98  123
  167   65
   29  111
   60  124
   53  114
  146   60
  125   69
  127   35
  116   48
  105   19
   60   25
   71   76
  105  119
   72  131
  162  133
   99   87
   53  116
   24  124
   88   48
  142   71
   53   72
   29   58
   34  123
  110   44
   76   94
   53  100
   71  111
  115  118
   72  116
   37  171
   43   82
   31   55
   60   97
     1.754