    1   31    3    0    1  613
  106   31
   73   52
  148   64
  159   33
  103   91
   53   66
   71   69
   97   74
  157   47
   64   68
  115   63
   88   77
  117   76
   93   36
  117   33
   73   70
   85   37
  108   39
  114   59
   61   60
   36   44
   57   28
  101   27
  143   50
   55   19
   92   45
  162   83
  131   87
   78   38
   40   73
   69   73
  155   63
  166   86
  108   81
   59   79
   78   71
   98   61
  159   42
   72   57
  123   49
   95   73
  124   71
  100   81
  125   57
   79   79
   92   56
  116   37
  121  107
   60   79
   44   69
   55   75
  102   70
  148   40
   60   66
   92   92
  169   85
  133   75
   85   90
   41   76
  118  127
  128   85
  110  134
   27  133
   45  102
   73  124
  126   95
   56  125
  107  114
   97  139
  120  137
   62   58
  117   72
   73  136
   99  104
   94   91
   90  119
   47   83
   36   68
   48   62
   76   61
  110  107
   20   86
   77  106
  135  147
   97  133
   89   94
   17  138
  122  159
  167   92
   77  151
   75   95
   86   92
   99   99
  104  111
  151   95
  155  133
  175  129
   65  144
  166  118
  132  149
  158  133
  130  108
  120  183
   75  120
   91  122
   77  141
   86  136
  121  109
   54  141
  106  168
  146  148
   64   91
  148  164
   53  141
  126   87
   38  135
   40  108
  110   71
  159   99
   22   92
   73   83
   88  112
   89  108
   66  148
   80  122
   86  132
  104  124
   66  106
   82  177
   82  131
   10  129
   83  144
  113  139
  123   98
   50  138
  112  163
  129  127
  127   80
  100  162
   54  122
   55  129
   58  140
   66  129
   93  111
   83  119
  132  117
  131  129
  152  128
   57  139
  145  119
  108  130
  134  104
  114  103
  104  156
   54  146
   68  133
   56  132
   66  128
  107  102
   30  118
   85  142
  136  138
   63  144
  123  141
   30  129
   45  102
  131   66
  161   76
   69   46
  107   62
  144   24
  147   28
   38  113
  122   93
  133   37
  156   62
   75   74
   87  107
  112  116
   67  106
  115  106
  132  102
  117   58
   69   85
  142   98
   91   21
  123   80
  150  104
   83   26
   91   67
  130   43
   48   76
   95   61
  109   95
  122   92
   37   47
  110   33
   94  101
  119   71
   76   46
   66  104
   71   17
   39   23
   73   49
   93   44
   89   61
   28   64
  101   89
  108  107
   96   70
  111   80
   41   98
  161   93
   64  102
  115  103
   88  105
  116  105
   96   87
  116   85
   76   91
   87   64
  108   84
  116   78
   66  113
   36   97
   62   79
  106   79
  146   88
   59   54
   97   64
  164  106
  135  130
   82   67
   45   97
  106  138
  155  133
  153  148
  175  147
   75  107
  169  102
  128  142
  154  109
  136  109
  126  132
   65  130
   91  113
   66   98
   76   97
  128  120
   53   92
   97  117
  155  154
   68  157
  143  111
   47  145
  130   75
  112   55
  139   57
   81   93
  138   82
   85   33
  109   42
  117   69
  113   70
   24  110
   55   95
   25   84
   64   83
  127   61
   36   59
   55   63
  156   50
   98  102
   98   72
    8   43
  108   76
  133   73
   67  132
  130  110
   82   88
  108   87
  106   91
  100  141
   36  132
   48  123
   38  125
   64  121
  114   74
   22  108
   66  128
  142   88
   90  106
   97  131
    6   80
  120  108
   34  121
  103  107
  102   99
  125   67
   64   96
   56  122
   84  135
   39  121
   86  113
  106  110
   97   92
   41   91
  114  109
   98  112
  107  136
  118  112
   54  103
   80   96
  164  106
  119  151
  144  119
  135  118
  125  127
   52  128
   84  112
   52   88
   64   91
  130  131
   49   97
   84  114
  159  164
   75  166
  133  103
   36  155
   65   81
  100   29
  117   49
   61   62
   89   97
   97  105
   22   94
   97   93
  127   90
  133   47
   64   72
  127   87
  132   23
  140   75
  113   92
   69   18
   81  151
  105  120
   78   99
   73  145
   64   75
   28   66
   65   89
   90   85
  101  115
   25  108
   93  131
  120  159
  102  131
   97  120
   34  150
   85   70
   98   76
  109  109
   71  110
   26   95
   68   86
  109   83
  141   83
   57   69
  102   94
  157  114
  135  123
   82   92
   47  105
   96  107
   94  118
  100  126
   77  109
  103   90
  116   90
  106  118
   59   82
  131  104
  103  149
   99  155
  150   96
   72  140
   64  113
   76  142
   43  129
   78  123
   97  120
   87   86
   32   99
  106  106
  102   53
   97  120
  116  114
   46   52
   57  144
   27  135
   58  138
   85  134
  107   86
   24  120
   87  137
  128   73
  102  105
   90  142
   28   72
   27   96
   52  102
   87   97
  121   48
   35   86
   83  106
  142   48
  112   61
   75  109
   26   45
   66    9
   87    9
   91   51
   21   21
   94   41
  115   86
   93   84
  105   31
   34   77
   59   96
  119   60
   28   75
   59   84
  148   25
   90   92
  101   92
    3   24
   99   87
   21  126
   90  152
  120  114
   98   49
   98  150
   31  110
   30  157
  103  183
  104  146
   92   78
  117  181
   44  142
  102  116
  142   93
  127   24
   84  111
   45   87
  116  142
   74  157
  128   57
   43  134
  140  139
  100  130
   61  110
  128  108
   44   72
   68  117
     0.220