    1   31    4    0    1  558
  175   81
   65   86
   82   75
  153  127
  111  139
   29  108
  120  131
  136  129
  148  116
   63   95
   97   82
  150  101
   54   76
  113  117
   75   72
   71   87
  115   88
  131  100
   94  105
  133   63
   95   79
  113   90
  129   98
  138  108
   88   89
  126   88
  148   73
   53   70
   77  116
   25  105
   31  141
  138  121
  101  182
  141  192
   48  159
   65  186
  122  184
  146  171
   26  145
  149  136
  157  157
   76  122
   58  169
  104  123
   63  134
   84  137
   75  143
   81  159
  159  119
   80  127
  170  134
   86  146
  169  163
   74  143
  136  142
  127  128
   71  111
  109  171
   33  161
   77   82
  179   48
  120   75
   47   75
  148   57
  161   46
  171   37
   91   74
  114   44
  171   26
   74   84
  141   67
   90   71
   98   87
  143   84
  158  109
  119   35
  150   59
  121   85
   95  101
  154   86
  152   40
  111   44
  145   52
  174   50
   79   91
  100   49
   53   31
  162  119
   97  102
   43   74
  126  113
  131  125
  140  149
   65   88
   88  114
  141  120
   43  116
  117   82
   90  148
   81  107
  114  166
  139  126
   88  111
  121  129
   90  159
  111  124
  140   94
  125  150
  100  107
  140  147
  144  127
   49  143
   70  160
   31  141
  122  125
   24  133
  126  106
  148   96
  161  115
   72  136
  108  116
  163   96
   67  153
  119  121
   68  150
   75  153
  126  164
  136  176
  107   93
  145  135
  108  163
  112  169
  130  149
  150  121
   88  110
  122  133
  160  126
   66  165
   90  129
   33  112
   60  100
  105   96
   91   89
  106   82
   33   96
  127   65
  114   60
   35  104
   88   96
  111   96
   79  108
   75  111
  119  129
   50   68
  118   81
   51  109
  151  121
  129  108
  127   80
  101   66
  153   81
  104   71
   42  112
   79   90
   31   72
  105   29
  113   39
  126   65
   41   31
  109   37
  131   36
   39   57
   94    8
   91   76
   65   52
   92   93
  118   74
   72   27
  121   58
   72   88
  134   70
  122   43
  129   67
   87   29
  134   69
  124   52
   31   79
   66   77
   14   58
  144  144
  154  145
   77   87
   97  101
  154  122
   56   66
  129  117
   89  111
   89   70
  127  126
  149   87
  102  120
  133   98
  104  117
   98   80
  147   83
  135  139
  106  103
  142  124
  158  103
   63   94
   83  148
   41  134
  140  159
   68   93
   92  115
  139  134
   42   80
  121  123
   95  126
   86   72
  116  140
  144   81
   88  132
  118  113
   91  130
  111   77
  145   83
  121  153
  106  116
  146  139
  145  118
   52  105
   71  163
   36  148
   42  155
  116  122
  146  126
   54  148
   90  163
   78  110
   50  157
   97  117
  109  173
   83  135
  136  114
   82  121
  136  163
  109  163
  145  109
   71  129
  119   89
  133  111
   47  139
   81  113
    4  113
  110   46
  119   62
   23   30
  114   42
  108   70
   89   19
  102   87
  140   39
   69   57
   99   53
   73   78
  131   36
  146    7
  105   86
  111   44
  156   77
  128   55
   44   58
   67   96
   38   79
   95  128
   34  159
  103  102
  126  175
   97  153
   84  192
  135  175
   43  119
  112  157
   50  188
  157  171
  147  143
  120  158
  119  128
  170  165
  105  150
   55  181
   87  167
   47  149
   61  142
   83  174
  138   96
  101  153
   61  104
  122  164
   30  152
  142  113
   35  105
  181  155
  139  163
  150  135
  121  141
  177  112
   79  118
   72  125
  109  140
   56  138
   83   21
  125   89
   90   62
   63  106
  118   84
   36   44
  129   70
   35  101
  168   80
  133   52
  138   83
  111   43
  165   84
   88   65
   58   90
   95   93
   44   74
   90   63
   71   65
  100   78
  126   78
   76   88
  117   51
   78   69
  125   69
  129   75
  124   95
   92   71
  136   77
  131   60
   35   55
   60  104
   20   92
   94   97
   86  115
  135  119
   48   67
  107   80
   54  111
  151  111
  145   96
  115   93
  116   53
  165   90
  109   73
   50  108
   81  103
   43   85
  111   82
   82   75
  109  110
  184   71
  108   71
  183   67
   64   87
  193  114
   76   93
  138   94
  154   80
   94   44
  130  122
   52  113
  103  141
   63   66
  169   91
   67  116
  199  133
  122  119
  178   68
  116   76
  177   82
  109   81
   90  122
  129   77
   64   59
  108   94
  158  112
  107  142
  138  117
  106   90
  166  131
   64   88
   96  129
  156  109
   71  130
  102  141
   28  122
  120   59
   76   90
  128   86
  125   66
  128   63
   88   30
  134   66
  129   51
   34   86
   64   72
   15   54
   63  130
  192  133
  117  131
  172  142
  109  116
  170  127
  106  106
   83  123
  121  152
   56  138
  102  102
  153  113
  128   82
  112   92
  150   60
  156   70
   63   68
   82   84
   45   86
  175  122
  116  145
  143  117
  189  129
  134  109
   75  112
  101  154
   70  141
  136  104
   88   87
  141  113
  110  104
   40  143
   79  112
   19   94
   61  136
  121  174
  133  158
   63  188
   99  176
   20  158
  151   97
  134   96
   45  136
   65   85
   35   72
   89  157
   74  133
  112  202
   53  188
   76   94
  112  164
   34  152
  101   42
   65   49
   67   91
     0.288