    1   31    3    0    1  641
  172  108
   39  137
   58   97
  149  138
   54  160
  148  109
  100  115
   84  169
   50  178
   68  184
   95  173
   43  116
   96  115
  142  144
  173  115
  117  192
   85  148
   63  135
  115  148
   68  143
   97  105
   95  109
   79  174
   63  161
  102  160
  139  189
   54  149
  149  132
   78  167
  100  123
   94  159
   70  136
  110  124
   56  138
   91  128
  138  138
   54  170
  114  157
   36  155
  165  178
   57  118
  100  144
  135  170
  104  139
   74  186
   68  139
  119  134
   98  113
   78  159
   33  146
  156  141
  134  165
  113  129
   65  143
  109  174
  105  173
  105  105
  137  147
   76  115
   78   38
   92   69
   68   91
   97   43
  104   40
   69   93
   94  108
   66  117
  138   95
   33   53
   95   53
   92   62
  148   39
   59  117
   70   77
  111   63
   65   85
   71   63
   51   35
  121   48
  108  101
   72   96
   90   90
   81  116
  104   67
   92   69
   98   98
   45   63
  123   55
   62   76
  127   36
   73   24
   77   76
   67   91
   70  102
  107   79
   25   45
   91   59
  111   52
  164   23
   90  100
   76   60
   89   46
   90   75
   65   48
   78   44
   91   54
   78   83
   48   83
   98   73
  110   99
   82   56
  124   59
   71   82
   70   60
   79   76
  122  122
   94  126
   87  121
   89   87
   83   85
  126  131
   38  116
  106  148
   91  145
  170  127
   80  125
   87   95
  111  105
   88   97
   81  129
   76  144
  101  144
   99  107
   48   80
  109   85
   95  107
  104  147
  113  103
   75   81
   51  121
   95   37
  150   39
   65   59
  126   56
   41   63
  177   67
   69   33
  112   66
  144   63
  111   40
   80   76
   79   29
  129   23
  109   43
   90   50
   37   58
  168   61
  146   57
  125   45
   74   38
  115   68
  114   66
  111   31
  149   46
   82   46
   92   84
   67  120
   81  118
   63  123
  126  128
   22   70
   88  103
   99  115
  151   86
   72  139
   67   93
  100   83
   72   91
   63  105
   60   98
  109   98
   95  120
   63  101
   89  101
   93  132
   93  119
  105   75
   88  108
   56   83
   69  130
  109   91
   64   81
  156  141
   47  129
  104  161
   99  158
  140  141
   43  131
   75  108
  124  118
   75  108
   81  142
   35  157
  139  157
  124  115
   90   89
   89   96
   73  111
  115  160
   76  116
  116   89
   41  134
   71   99
   38  116
  123   67
   30   78
   69   95
  134   42
  141   58
   96   93
   56   70
   74   62
   96  103
   42   36
   69   78
  119   90
   94   82
   81  104
   71   83
  123   99
   63   44
  128   88
  101   91
   88   94
   72  140
   92  144
   44   76
   99   54
  142  117
  176   87
  118  160
   88  114
   66  102
  116   97
   71  115
   99   71
   92   57
   79  141
   60  114
  106  123
  140  154
   56  121
  151   86
   75  129
  101   68
  137   37
   29   68
   73   99
  120   67
  127   66
   75   30
   42   30
   94   43
   79   68
   51   51
   48   88
  127   94
  105   10
   85   55
   63   26
  104   24
   84   67
  107   64
  108   29
   71   81
   50  126
   86  158
  150  158
  133  138
  103  141
   64  109
   86  117
  109  106
   62  142
   69  154
  140  154
  116  123
  103   89
   63  101
  134  124
   68  160
  135  112
  123   97
  101  131
  116  109
  114   61
  188   72
  104   26
  101   47
  107   55
  110   89
   89   49
   98   95
   78  104
   94   27
   24   79
  123   49
  120   40
   98   60
  138   81
   51   53
   73   96
  141   97
  107   77
   85  123
   63   81
  108   67
  101  104
   71   84
   46   99
  152  106
  128  105
  111  107
   54   94
  118  120
   93  100
  116   90
  133  102
   86   99
  140  138
   85   75
   51  107
   83  118
   84  146
   41  117
   62  161
  115  168
   91   81
   74  134
   72  105
  111   88
   74  130
  117  141
   96  106
   76  158
   94  134
   67  119
  106  124
  108  161
   73  121
   54  164
  155  172
  131  120
  115  155
   57  127
  127  138
   89  137
  125  152
  137  135
   94  165
   65   86
   74   91
   94   59
   50  118
   76  119
  102  115
   78   99
   64   49
   85   77
  119   96
   66  135
  128   75
   84   73
   82   88
  120   60
   81  100
   84   54
   64   97
  116  106
  111   67
   63   96
  106   70
   80   85
  113   71
   99   89
   90   79
   37  101
  109   64
   83  104
   98   91
   72   86
   84  113
   31   80
  117   92
  125  122
   87  118
  141   52
   51   96
   81   61
  105  125
   54   90
  150   79
  142  145
   96  114
  115  125
   59  156
  139  134
   80   86
  124  130
   16   68
   68   47
  109   37
  103  123
   57  105
  104  108
   88  137
  106   98
  105   75
   84  115
   45   62
  153   51
  136   75
  105   82
   86   69
   83   92
  121   38
   78   59
  131   78
   50   60
   82   83
   69  106
   97   80
  138   99
   50  102
  147  102
   85   89
  101  117
   81   94
  104  108
  153  139
   36  137
  160   69
   95  112
  116   78
   81   45
  115   14
   70   92
  123   84
   88   41
   78  102
  121   95
   64   97
  130   68
   85   73
   84   84
  140  137
   97   97
  112   66
   11  116
   89   67
  103   92
   25   65
   66  106
   64   99
   89  115
     0.227