    1   21    5    0    1  311
   91  145
   67  119
   90  178
   85  195
  131  104
   72  153
   49  160
   68  137
  139  153
   85  112
   69   98
  139  188
   94  139
   68  132
  152  163
   84  129
  126  129
   34  135
   82  180
   11  110
   39  111
   98  114
   63  140
   92  108
   69  131
   59  104
   87  108
  119  109
   66   90
   84  110
  159  125
  145   79
   98   84
  109  144
  118   64
  132   76
   77  100
  137  120
   71  108
  131   90
   32   93
  117   37
   77   31
   90   67
  116   30
   86   50
   22   40
  107   45
  187   96
  133   84
   92   49
  152   39
  142   69
  154   77
   60   36
  147   86
   71   29
   63   51
   89  110
   65   86
   54   46
   82   76
  120   55
   67   93
   79  118
  154   54
  141  103
   94   73
  109   97
  112   92
  127  103
   73   72
  132   44
   67  104
  109   42
   52   88
   44  110
   68   79
  124   98
   70   62
   59   37
  139  139
  109   97
   65   83
  133   94
   92   86
  109   87
   44   80
  100  130
   32   48
   84  103
   62  136
   91  119
  134  119
   79  147
   93  161
  163  156
  159  182
  113  141
   97  102
  123  167
  143  177
   92  125
  148  146
   85  145
   88   77
  111  109
  104   88
   41  125
  103  150
  182   58
  111  129
   77  105
  165  126
  133  121
  152  131
   36  105
  132   58
   52  138
   83   50
  116   29
   63   67
   78   92
  154   24
  137   76
   90   47
  113   71
  112   66
  125   77
   69   46
  130   14
   63   79
  146   84
   93   44
   49   29
  115  120
  128   73
   90   64
  120   93
   73   63
  112   63
   67   67
  100  112
   46   41
   69  113
   59  135
  139  137
  117  145
   72  104
  125  120
   94  130
  106  140
   52   90
  107  127
   41  120
   77  112
  142   48
   92  103
   76   70
  160   80
   83   92
  136  103
   35   66
   76   40
    6   98
  111   69
  126  106
   90   75
  126  105
   67   94
  116  105
   65   75
   94   59
   42  107
  127  142
   82  129
  138  178
  126  135
  138  145
   56  139
  134  117
   60  166
  120  132
   88   84
  121  159
  147  169
   99  117
  150  141
   89  133
  123  143
  104   96
  115  104
   55  105
  117   73
   49  131
  107  125
  143  125
   11  127
  101  174
   19   96
  132  111
   85   59
  109   94
   61   78
   19  146
  100  196
   21  114
  117   75
   42   50
   42  108
     0.044