    1   51    5    0    1  656
   58  128
   23   69
  125   87
  110   84
  124   64
  171  103
   61  108
   64   65
   94   42
   45  115
   73  109
   92   65
  156   84
  151   99
   41  129
   85  127
   49   96
  153   93
   34  124
   93   46
   57  136
  180   58
  175   41
   63   82
   71   76
  120   81
   84   85
   74   48
  126  110
   83  115
   88  103
   91   99
  138  122
  122   93
   90   60
   66   63
   86   47
   72   66
   36   81
  112   56
   51   59
  123   72
   60  100
   71   43
  144   44
  182  105
  149   77
  121   87
  147  108
   19   74
   43   83
  148   97
  108   46
  129   40
  157   89
   41  121
   93   23
  121   54
   51  128
  109  109
   80   74
  156   51
  160  100
   73  112
   88  115
   32  109
  120  100
   67  114
  120   63
   81  121
  154   47
  143   53
   53   55
   56   47
  146   71
   73   46
   78   52
  133  115
   85  109
  100   93
  106  111
  104  104
  127   74
   75   62
   90   74
  113   53
   86   48
   64   44
  123   75
   16   40
  139   36
   38  114
   43   53
  152   51
  184   97
  141   78
   87   52
  166   88
   18   66
  133   87
   83   31
  115   45
  114   43
   53  113
   98   56
  140   69
   44  118
  125   79
   39   72
  117   26
  127   75
   74   57
  107   65
   23  101
  122   85
   78   67
  114   84
  107   67
  127   52
  131   69
   35   27
   98   33
  148   46
   31   33
   49   80
  123   92
   58   69
  131   52
  107  103
  111   48
   91   32
   33   60
   75   73
  106   64
   67   43
   61   33
  121   90
   53   50
  115   41
   12  108
   25   78
  119   66
  144   57
   99   62
  109   24
  145   35
   46   49
  124  133
  157  123
  135   98
   83  128
  139  140
  176  124
   84  132
  163   95
   80  105
  142  126
  161   88
  116  117
  141  112
   57  118
  120  100
  117  107
  156  136
  141  122
  103  116
  110  125
   74  117
  120  122
  189   92
   46  136
   90  144
  164  105
   98   97
  163   91
  147  119
  112  115
  122  102
   73  106
  116  108
  147  119
  108  115
  103  133
  161  133
   68  122
  155  130
   37  125
   27  139
  153  123
  167   90
  119   89
  126  130
  184  108
   78   96
  120  125
  114  115
   72   92
  102  139
  150  113
   51   97
  132   91
   55   89
   94  136
  106   83
   71  132
  121  124
   43   81
  145   67
   83  118
  111  119
  119  135
  141  115
  151  115
   51  127
  118  129
  151  103
   19  144
   42  132
  128   85
   52  106
  146  107
  113   82
  134  131
   68  118
   55  101
   63   91
  100  111
   60  119
   59  140
  128  111
   75  123
  101  134
   35   88
   46  127
   98  114
  121  105
   82   87
  132  139
  130  125
   62  102
  166  157
   54  139
  104  141
  132  110
   64  145
  119  150
   90  107
  168  152
  172  140
   84  180
  100  176
   43  128
  120  129
   78  171
  132  107
   89  186
  158  124
  144  111
   65  147
   54  144
  158  135
   83  156
   90  122
  146  147
   97  160
  107  153
  119  130
  104  175
  139  150
   85  114
  103  105
  125  112
   98  132
   76  152
  135   97
   10  129
  151  143
   46  130
   48  117
  164  113
  195  154
  151  123
   92  156
  179  164
   28  129
   86  205
   92  129
  149  150
   54  211
  124  180
   79  160
   97  107
   86  173
   51  167
  126  173
   61  193
  170  179
   74  174
   93  164
  120  176
  171  134
  179  149
   66  116
  127  114
  143  141
   47  105
   47  156
  131  190
   59  173
  149  155
  112  195
  158  157
   60  134
   81  147
   35  161
   79  146
   48  126
   42  107
  129  172
   91  129
   73  117
   60  199
   73  156
   82  146
  121  160
  108  155
  150  103
  101  142
   68  140
   66   82
  119   57
   27   98
   97  109
   69   66
  120  102
  115   99
   37  139
   97  135
   39   83
  151   87
   47  130
   77   42
   90  145
  164   74
  167   57
   46   99
   97   93
  115   92
   55  103
   41   55
  103  105
   50  120
  118  112
   82   85
  138  133
   86  106
   70   70
   42   64
   69   62
   37   83
   24   99
  100   39
   65   77
   90   89
   46   83
   60   52
  108   60
  146  113
  118   82
  126  105
  117  121
   38   85
  176   48
   86  121
  164  115
   84   71
  150   93
  168  104
  118  135
  141  133
   58  102
  116   98
  118  130
  159   56
  140  142
  109   65
  104   48
   77   90
  117   84
  191   87
   54   94
   94   61
  167  116
  103  121
  161  109
  149  105
  108  128
  129  100
   77   66
  120   69
  151   54
  112   74
  105   90
  163   64
   64   68
  160   81
   39  106
   27   56
  160   51
  175  111
  126   83
  124   96
  189  114
   76   80
   41  174
   95  146
   84  124
  126  106
  116  138
   24  147
  107  149
   54  156
  166  142
   45  147
   63  137
   95  155
  179  104
  182  121
   62   98
  106  100
  115  106
   66  115
   52  136
  118  154
   63  143
  125  126
   91  158
  153  139
   89  109
   85  111
   29  125
   53  116
   42   96
   12  111
  111  142
   77  105
   86  108
   61  163
   75  133
  111  118
  150  130
  128  118
  140  110
  108  123
   48  104
   76   31
  102   63
  152   76
  143   34
   15   44
  106   35
   65   68
  174   50
   32   30
   76   94
   83   46
  195   72
  194   83
   75   68
   98   74
  117   46
   89   87
   75  101
  132   46
   85   20
  114   27
   99   68
  160   45
  116   48
  102   64
   47   65
   68   77
   67   70
   18   84
  120   90
   76   78
  112   84
   75   75
   88   97
  137   80
  177   22
  152   47
  144   79
  132   46
   44   52
   53   92
  127   91
  131   97
   60  110
   88  110
   13  120
  125  104
   61  108
  102  114
   89  118
  142   85
  141  100
   24   82
   83   87
  133   65
   47  101
   49  117
  110  114
   56  102
  113   86
   91  121
  112  103
   97   76
   51   83
   68   94
   95   94
   60   81
   48   98
  105  115
   43   90
  112   95
   22  126
   35  113
  123   97
  155   90
  114   81
  101   95
  141   90
   28   68
  169   39
  170   99
   73   95
   92  100
   46  121
  134  107
   66  101
  122   98
   76  105
  169   66
  157   83
   66   43
   41   46
  148   68
   88   50
   88   93
  141  116
   96  100
   93   82
  111  123
  118   86
  138   60
   90   76
   94   90
  116   79
   93   58
   66   48
  129  105
   24   63
  146   55
   53  128
   58   92
  162   80
  196   87
  155   83
  102   41
  173   70
   18   68
  128   87
   23  107
   96  101
   49  118
  160  100
   32   97
   68  135
   81  111
  178  113
  178  124
   58  111
   94  117
  102   87
   71  131
   57  142
  115  103
   67   89
  112   80
   83  119
  147  104
  100   94
   84  105
   41  108
   62  118
   50  111
   12  127
  104  133
   67  119
   99  126
   58  125
   72  138
  122  121
  161   79
  134   89
  132  123
  122   98
   36   93
   84  109
  138   99
   59  130
  156  113
   98   93
  124  159
  136  110
  145  138
  158  148
   67  134
  134  141
  167  112
   14  154
   57  167
  145  106
   68   81
  162   94
  129  130
  146  111
   67  115
   69  129
   72  130
  112  142
   73  136
   72  151
  145  155
   90  144
  109  150
   48  137
   56  162
  101  146
  109   89
   76  112
  146  146
  138  113
   79  118
  100  101
   55   71
  166   67
   31   98
   66   14
   83  109
  184   29
  184   15
   64   52
   97   45
  107   54
   77   52
   63    5
  121   85
   72   90
  114   77
   89   73
  152   95
  104   65
   90   34
   40   38
   60   21
   54   37
    9   48
  110   27
   72   29
  101   39
   64   74
   78    3
  125   18
  165   79
  140   52
  137   56
  123   80
   40   48
   25  115
  105  118
   85  161
  127   80
  109  175
  119  108
  117   92
   44  132
   92  128
  158  123
   42  139
   65   96
  134  136
   73  150
  131  143
  116  117
   95  164
  108  138
   49  102
   90   94
  118   95
   81  117
   73  135
  130   69
   42  112
  131  125
    7  116
   10   92
  136   95
  160  143
  112  113
   98  140
  161  152
   46  117
  138   72
   44   84
   89   47
   74   92
  159   20
  157   32
   40   27
   78   19
  117   42
   61   26
   53   40
  104   87
   61   79
  101   63
   76   86
  124   75
  102   45
   67   35
   59   48
   83   30
   56   18
   34   22
   92   56
   46   13
  109   13
   39   89
   51   39
  125   30
  161   67
  126   49
  110   29
  136   59
   20   37
  101  125
  126  176
  139  121
  147  144
  160  161
   70  123
  137  132
  169  126
   16  138
   60  176
  147  159
   71  131
  166  117
  132  177
  149  103
   68  110
   72  146
   73  157
  114  155
   75  137
   75  137
  148  179
   93  146
  111  142
   50  183
   59  173
  102  158
  107  121
   78  140
  149  129
  139   97
   82  131
  148   90
  139  109
  104   63
  119   76
   69   49
  123   45
  183   74
   33   30
   80   80
  158  122
   89  107
  162   89
  142  127
  118   90
  110   67
   66   77
  106   91
  139   74
   99   57
   95   35
  156  100
   72   57
  144   43
   33  130
   28   80
  141   74
  153   94
  106   87
  129   36
  174   75
   77   72
   75  151
  157   85
  154   94
   38   84
   77   76
  120  105
   60   71
   53   95
  105  151
   61  142
  101  124
   79  150
  121  133
  103  105
   66   99
   62  112
   85   93
   57   82
   37   70
   94  117
   44   77
  111   66
   36  153
   49   96
  126   92
  162  129
  125  114
  107   78
  138  117
   19  101
  149  114
  147  123
   32  110
   77  117
  127   88
   55  130
   53  142
  108   79
   61   53
  105   69
   86  103
  114   84
  103   91
   59  105
   67  105
   92  118
   61  112
   44  127
  100  130
   39  120
  114  126
   29  110
   41  138
  127  121
  161   64
  121   87
  101  122
  142   88
   20   93
  147  157
   45  170
  112  173
  147  146
   22  188
   38  173
  123  112
   49  141
  140  147
  108  103
  129  170
   73  160
   50  144
   63  132
   98  153
   57  162
   56  183
  123  149
   69  166
  101  178
   30  110
   42  168
  101  156
  127  144
   86  131
  126  183
  131  167
   56  146
   40  152
   68  146
  129  150
   63  154
   61  106
  115  173
   69  182
   97  172
   89  158
  113  191
  111  163
   67  128
   72  127
   96  117
   68  136
   47  151
  105  109
   33  129
  121  141
   34  157
   44  103
  135  114
  169  173
  130  143
   97  157
  148  177
   12  143
  103   67
  128   48
   42   81
   28   66
  107   62
   37   72
  127   65
   91   56
  134   87
   77   65
   60   35
   47   25
   79   44
   39   55
   36   77
  107   50
   66   57
   89   70
   38   59
   52   61
  100   48
  136   65
  105   34
  125   78
  118   77
   45   44
  161   94
   37   99
   65   51
  136  117
   73  126
  137  116
  119  101
  100  136
  105  107
   47   72
   90   71
  120   61
   82   81
   75   96
  133   52
   49   74
  131   86
    9  101
   10   48
  133   59
  155  117
  107   88
  105  102
  160  122
   51   88
   68  181
   67  169
  120  117
   74  140
   93  143
   92  114
  114  166
  116  154
   71  137
   75  127
   98  148
   72  155
   49  176
  108  147
   30  159
  125  171
   38  121
   47  163
  140  151
  175  140
  135  124
   97  176
  152  161
    8  139
   69   73
  131   20
   79   45
  126   49
  101   14
  165   72
  105   60
  100   43
   32   32
   54   53
   59   61
   11   82
  122   50
   85   65
  100   77
   75   21
   89   68
  126   56
  165   46
  145   30
  150   82
  119   67
   52   45
  108   78
   58   67
  115   51
   80   85
  142   67
   93   38
   77   45
   40   56
   64   54
   42   41
   17   57
  100   77
   65   50
   93   55
   52   90
   66   74
  115   57
  153   54
  126   44
  128   55
  118   53
   36   30
   48  158
  115  166
   85  111
  121  188
   90  180
   54  161
   59  149
   86  169
   51  181
   40  202
  100  159
   51  183
  103  196
   28  110
   42  181
  115  172
  149  162
  111  150
  110  202
  131  186
   32  165
  133   45
  111   82
  175   68
  113   60
  111   70
   35   72
   63   83
   69   76
   21   93
  132   97
   94   84
  107   91
   86   89
  100  103
  134   86
  173   43
  155   54
  160   89
  124   64
   61   58
  122  123
  166  114
   56  118
   87  128
   41  127
   88  141
   58  137
   52  153
  140  151
  100  144
   82  151
   67  129
   80  161
   82  144
  113   92
  108  110
  159  148
  106  116
   79  118
  146  122
   61   96
   67  109
   64  123
  104  110
   66   90
   65   78
  139  137
   87   94
  102   85
   46  161
   57  123
   94  111
  109  123
   79  117
  144   71
  130  107
   74  102
   98  132
   44  120
   87  111
  118  131
   79  137
   74  158
  134  130
   55  142
  127  153
   12   98
   17  147
  128  134
  148  115
  100  105
  111  157
  156  138
   55  119
   81   72
   67   84
   89   79
   69   61
   38   72
  106  104
   43   71
  121   72
   50  119
   61   97
  140   82
  177   79
  142   73
  112   69
  147   70
   10   59
  123   87
  153   80
  115   59
  108   56
  166  105
   66   66
  162   61
   41  122
   30   95
  162   81
  177   75
  129   77
  126   48
  192   57
   79   62
  117   32
   81   46
   79   55
  157   38
  105   38
  113   46
   63   85
   72   14
  103   29
   96   90
   91   63
  162   63
  139   90
   92   59
   43  108
   20  130
  120   82
   85  109
   78  123
   65   55
   79  104
  105   96
  144  106
  126   82
  147  132
   99  125
   57   96
   46   62
  106   65
   52   44
  105   55
   23   88
   37   61
  114   44
  145   72
  106   48
  110   64
  134   74
   36   40
   92   95
   51   62
  102   58
   36   99
   49   89
  118   74
  153   37
  118   56
  113   44
  130   13
   27   47
   64  151
  117  158
   68  139
   80  167
  141  151
  180  101
  151  117
  133  156
  140  126
   31  125
  126   49
   14   90
   19   78
  126   63
  146   33
   97   46
  114   39
  155   12
   57   36
   59  135
   67   99
  157   85
  193  113
  156   94
  113   91
  164  109
   14   82
   32   51
  114   35
  143   29
  100   10
  110   45
  138   37
   42    8
  110   63
  113   42
   79   53
  150   30
  147   18
   85   40
  175  117
  135   93
   95  144
  154  134
    8  107
   96  145
  132  197
  117  181
   55  160
  113   79
  174  120
   64  112
  155  169
   21  135
   43  137
     0.901