    1   51    3    0    1 1053
   57   86
   36  133
  133  102
   58  135
  151  129
  109  105
  129  114
   50  120
  117   91
  164   92
   49   96
  106   93
  168  106
  134  152
   66  112
  117  153
   77   87
  160  115
   63  131
   80  129
   84  126
   52  103
  120  142
   62  128
  126  101
   89  109
  123  127
   96  130
   30  135
  121  126
   79  134
   83   83
  143  143
  101  124
  101  128
  116  111
   42  131
  124   91
   32  146
  116  123
  149  120
  102  154
   45  131
   77  133
  134  120
   42   82
   47  128
  111  129
   88  117
   36  125
  100   96
  104   66
  122   95
  148   52
   43   83
  178   40
  116   55
   83   53
  102   46
   96   48
  102   37
  103   45
   78   99
   97   58
   51   99
   90   58
  162   93
   91   35
   37   57
  133   81
  101   75
  127   36
   30   15
  169   77
   68   25
   87   71
   63   79
   59   26
   99    7
  117   56
  131   46
   98   74
  157   96
   70  103
  131   82
   96  101
  111   62
   85   87
   50   92
  117   65
  111   98
   77   17
   63   89
  161   24
   77   61
  113   25
   65   52
  139   95
  101   24
  118   32
   66   60
  176   45
  106   65
  110   34
   63   34
  132   57
  158   55
   76   20
   76   33
  164   67
  141   70
   87   27
  119   71
   99   33
  130   68
   31   54
   68   44
  116   47
   84   44
   94   67
   52   61
  101   48
   71   60
  115   43
   98   48
   11   64
  101   64
   49   49
   86   46
  147   57
  132   62
  116   71
   87   50
   29   67
  143   59
   26   62
  117   57
  164   36
  101   71
   48   64
   55   55
  101   48
   10   43
   71   56
  120   45
   72   74
   44   54
   76  145
  195  128
  116  112
  113  112
   76  122
  149   82
  167   76
   95  100
   66   88
  173   88
  155  159
  106  117
  131  160
  118   97
  121  125
   42  125
   75  129
  135  134
  103  114
   96  133
   61  116
   99  112
   75   91
  124  133
  112  137
   29  125
  102  111
   49  133
  105   76
  161  145
  151  135
  133  139
   90  122
   31  142
  161   90
   43  151
  129  134
  181  126
  117  160
   66  119
   56  142
   86  112
   15   93
   86  119
  135  128
   74  125
   53  116
  168   75
  106  108
  112   63
   56   79
  126   79
  158   72
   66   72
   85   62
  164   70
  137  122
   79   82
  117  123
   91   83
  139  118
   40   57
   70   80
  106  105
   74  100
  101   58
   53   36
  107  101
   75   50
  115   94
   95  103
   11   48
  105   29
   57   79
   76   72
  144   97
  122  120
  110  128
   95  107
   30  126
  136   88
   20  111
  115  117
  158   89
   98  122
   41   38
   60  113
  111   47
   20   86
   62   46
  115   75
   74  121
   39   46
   90  152
  132  159
   67  171
  107  119
  144  117
   56  150
   90  138
  149  103
  118  210
   63  167
   99  211
   73  147
  145  168
   53  167
   59  178
   99  185
   67  163
  104  172
   41  151
  126  160
   69  120
  102  183
   77  188
   18  162
  101  142
   75  180
   82  126
  126  195
  116  184
   91  185
  102  171
   49  191
  117  128
   37  202
   98  184
  139  176
   82  211
   28  154
   58  193
  126  153
   37  141
   67  158
   96  176
   93  165
   52  156
  131   89
   79   95
  116   38
  137   45
   76   72
   70   66
  142   50
  122  125
   82   88
   98  126
   90   60
  125   63
   43  104
   47  104
  119   98
   87   68
   85  113
   31   96
  122   63
   52   68
   93  102
   79  104
   14  105
   83   90
   69  109
   94   49
  128  118
  135   85
  101   82
   85   74
   50   92
  130   32
   43  120
   96   87
  149   95
   86  127
   44   99
   38  103
  114   92
   29   49
   83   99
  101  104
   93   57
   62   96
   55  114
  144  167
  174  162
   81  133
   86  138
  179  169
  155  146
   95  124
  133  145
  108  148
  141  182
   46  110
   84  105
  118  140
   85  156
  108  118
   68  131
   91  161
   86  153
  130  124
  112  133
   26  124
  115  141
   49   99
   93  155
  161  115
  135  169
  128  181
  101  160
   13  172
  154  171
   25  133
  132  163
  176  123
  115  144
   59  131
   69  147
  106  120
   17  158
   65  121
  133  101
   56  189
   32  121
   69   83
  116   76
   89   72
  112   63
  116   76
   73  119
   89   80
   62  119
   79   84
  171  120
   94   51
   50   76
  123  103
   90  101
  133   50
   40   30
  171  103
   78   55
   97   91
   65  100
   60   40
  110   33
  119   74
  128   75
   99   92
  150  120
   55  129
  136  108
   95  126
   97   92
   83  107
   60  117
  102   86
  111  118
   75   31
   73  111
  165   43
   79   88
  106   40
   50   71
  139  123
   96   40
  181  104
   75   99
  103  105
  186  117
  157  127
   92  106
  138  129
  104   84
  157   59
   59  139
   93  125
  106  102
   73   73
  122  151
   76  141
  108   67
   98  125
  138  114
  116  111
   34  147
  128  141
   66  132
   93   98
  165  133
  127   78
  127   74
  115   72
   18   84
  151   90
   26  127
  137   82
  174  109
  119  131
   61  144
   82  104
  124  131
   33   81
   49  139
  135  128
   65   68
   16  136
   93  140
   74  148
  178  163
  158  153
  105  142
  134  155
  117  127
  129   97
   43  179
   80  162
  131  132
   99  111
  101  192
   66  184
   91  109
   81  170
  129  147
  115  142
   29  188
  108  184
   45  168
  103  143
  164  166
  148  100
  134   88
   95  106
   24  103
  161  136
   38  156
  132  107
  182  144
  119  157
   66  187
   62  131
   93  172
   14  126
   80  181
  137  165
   66  105
   46  178
   83   93
  110   61
   97  162
   94  121
   67  163
   93   97
  143  108
   75  126
   22  134
  133  136
  101  109
  109  132
   11  112
  154  105
   48   81
   68  136
   62  140
   46  123
   80  103
  101  137
  121   78
  106  150
  153  128
   84  127
  114  116
   83  135
  121   71
   73  155
   65  129
  132  129
  100  164
   67  114
   44  142
  144  113
   62   88
  107  118
   80  132
  126  102
   91  116
  106   92
   75   73
  107   44
   55   75
   97   48
  179   71
  107   82
   52   63
  140   47
  107   46
  144   94
   47   91
  185   52
   84   88
  104   53
   78   52
   75   92
  115   94
  133   70
  145   68
  111   71
  167   59
   67   70
  148   49
  111   64
  113   76
   99   69
   50   54
  113   47
  125   76
   90   93
   79   54
  178   77
   93   58
  123   85
   67   67
  154   79
  113   83
   94  160
  121  122
   61  161
  114   94
  175  115
  111  144
   44  140
  158  133
  125  106
  144  154
   46  141
  190  104
   80  121
  103  137
   87  138
   81  148
  109  139
  137  145
  154   94
  122  153
  182  127
   88  129
  149  114
  118  134
  133   94
  108  154
   50  127
  134  130
  134  162
  100  144
   75  139
  179  133
   97   84
  138  141
   86  140
  161  116
  125  138
  127  110
  129  149
  135  117
  106  154
   65   82
   67  105
  160  133
  129  133
  100   85
   60   71
  131  136
   68   97
  123  121
  118  130
   50   76
   90   80
   81  104
  131  111
  166  122
  176  152
  142  161
  102  140
   64  157
  174  128
   72  137
  126  148
  191  116
  131  148
   87   73
   47  142
  113   73
   44  123
  116   72
  141  100
  106  158
   85   71
  120  137
   93   78
  141  109
   43   95
   74  103
  105  112
   73   95
  104  103
   57   85
  105   95
   79   61
  119  108
   98  114
   15   94
  109   80
   57  106
   77   60
  147  120
  122  117
  113  122
   98  103
   27  124
  138   76
   16  127
  119  115
  161  102
  101  137
   44   88
   64  120
  113   82
   21   77
   59   89
  118  101
   71  110
   35   86
   76   65
  141   96
   61   94
   41   97
  113  101
   81   82
  102  103
   24   87
  138   82
   56   67
   84  100
   61  104
   28   96
   89   84
   86  101
  100   48
  110  113
  132  104
   82  108
  104   90
   64  111
  112   65
   53  119
   81  102
  130   93
   79  128
   46   91
   48  109
  132   82
   46   63
   86   89
   83   96
  108   97
   70   86
  168   68
   73  118
   78  108
   76   94
   44   63
  127  129
   61  118
  140   58
   91  100
  121  101
   90  101
   39  124
  124  117
   92  115
   94   73
  136  119
  101   81
   89   82
  124   69
   57   88
  112   69
   46  117
  109   82
  136   95
  103  123
   50  121
   81   98
  145  108
   54   57
   55  117
  101  110
  103   71
   49  114
   36  170
   55  144
  116  111
   85  133
   86  182
   39  185
  114  138
   59  186
  101  125
   85  116
    7  184
   89  190
   62  150
   88  166
  135  139
  132  123
  106  135
   82  128
   42  120
  134  171
   36  124
  104  117
  154  128
   90  121
   42  187
   44  102
  108  170
   22  154
   77  177
  108  150
   85  160
   55  175
   31   37
  151   71
  118   89
  131   57
   33   69
  178   94
   66   90
   91   54
   79   63
   69   62
   96   79
  125   30
  144   90
  115   44
  173  101
   87  113
  136   93
  106  103
  130  106
   96   62
   50   94
  134   55
  123   73
   89   70
   62   78
  166   58
   85   92
  128   59
   83   34
  149  122
  114   59
  120   94
   87   70
  134   86
   42   66
  170   67
   80   35
   99   92
   66   97
   60   77
  112   58
  119   91
  127   34
  101  105
  148   91
   52   92
  137   78
   94   98
   94   35
   82  111
   64   91
   99   85
  110  120
   74   69
   75  101
  166   66
   79   48
  104   72
   54   87
  138   72
   95   70
  111  127
   81  130
   43  110
  123  125
   53   79
  106  144
  100  149
   33  121
   78  101
   71  140
  114   89
  148  155
  159  148
  124  151
   85  135
   55  155
  155   95
   58  163
  110  148
  172  137
  112  172
   69  112
   32  155
  106  112
   32  105
  102  117
  123  135
   98  132
   75  115
  124  124
   83  121
  103   53
  103  113
  145   74
  126   67
   41  123
  132  123
   64   97
  103   88
  175   92
  140   30
  138   40
  117   43
    8   28
  163   87
   34   80
  146   33
  186   72
  128   80
   71  124
   86   54
  121  108
   33   72
   60  116
  145   95
   58   67
   19  113
   25  121
  150  116
   37  130
   87   82
   87   90
   49  119
   59  127
   97   89
  128  120
  132   93
  168  122
  110  134
  107  114
   81  125
  146  133
   77   99
   85  116
  158   77
  113  110
   77  123
   27  103
  135  106
   58  117
  118  112
  106   86
  124  144
   96  110
  174   51
  117   90
  141   24
  106   14
   72   83
  150   91
  126   48
  128   73
  148   37
  133   42
   85   55
  157   43
   90   41
  110   81
   80   22
  116   35
  130   28
  131   24
   82   87
  109   12
  179   71
   88   63
   78   77
  106   48
  136   77
   76   75
   94  147
  126  133
   98  131
   35  166
  126  162
   84  151
   88  121
  145  152
   98  105
  101  108
  121   94
   46  112
  124  118
   37  148
  118  107
  148  128
  106  152
   50  165
   82  126
  139  150
   47  104
   44  159
  112  147
   92  108
   36  156
   84   69
   64   78
   58   47
   95   65
  115   46
  131   87
  100   63
  158  111
   74  122
  129  101
   95  114
  115  103
   84   81
   50  105
  121   67
  110   92
   76   55
   59   92
  159   46
   75   93
  114   45
   69   45
  138  126
  101   45
   65   96
   34  147
  104  147
   92  123
   99  115
  112  120
  122   76
   73   88
  115   72
   66   81
  100  116
   54  112
   85   72
  121   98
   86  114
   46  148
   63   88
  141  132
   53  100
   78  140
   80  120
  110  106
   67  137
   39  115
  121  129
   93   76
   95  126
  131   58
  105  110
   84  123
  124  108
   60  110
  107  138
   48   55
  104  103
  131   74
  100   63
   49  121
   79   80
  146  107
   55  121
   60  110
   96   79
  106  141
   53  109
  101   62
   49   36
   86   41
  148   39
  132   39
  116   50
   88   29
   28   44
  143   51
   26   39
  117   34
  164   14
  101   47
   48   60
   55   30
  102   44
   11   34
   70   51
  120   32
   71   59
   43   49
  132  102
  135  144
  136   84
  144  114
   68  127
  158  116
  101  112
   98  153
   89   68
  100  107
  112   93
  130   58
   86  146
  104   84
  184  131
   94  135
   95  135
   91  104
  146  150
   91  134
  124   86
  114  107
  159   50
   92   54
  112   45
   83   57
  129   84
   76   99
   69   53
  140   83
  105  102
   71  127
   38   75
  142  112
   61   70
  112  120
   88  105
  126   67
   94  117
  150  150
  162  132
  126  134
   88  118
   58  139
  157   80
   61  154
  111  132
  174  128
  115  163
   72  126
   32  142
  108  119
   35   89
  105  126
  124  134
  100  116
   77  123
  136  141
  113  149
   79  128
   37  147
  141  121
   34  147
  111  138
  161  121
   98  156
   48  130
   46  140
  101  117
   15  110
   78  125
  115  125
   80  145
   52  122
  122  131
   89  132
   26  144
  149  125
   29  187
  122  143
  170  166
  107  191
   53  191
   57  164
   97  179
    5  127
   73  188
  125  183
   68  102
   43  185
  118   88
   77  108
  100   75
   65  107
   71   99
  116   81
   92  117
   57   80
   59  101
  147   69
   61   67
   92   77
   68   82
  121  102
   80   74
   90  169
  100  126
   78  159
  106  160
  120  136
  124  170
   78   90
  101  159
  176   97
   85  126
   82   98
   95  124
  135  160
   78   97
   97   17
   69  101
  103   75
  120   75
  115  109
   68   69
   93   88
  166   64
   75   33
   74   70
   92   80
  126   52
   70   68
   37  183
  149  159
  185  157
  131  192
   72  144
   93  171
  131  141
   41  117
   51  147
  146  160
   68  136
    8  144
  132   64
  174   27
  114   57
   57   56
   72   52
  112   40
   21   60
   60   45
  132   21
   58   89
   27   43
  125  111
  104  129
   55  147
   82  102
  153  134
   62   83
   66  142
   92  131
  113   50
   60  139
  102  187
   44  138
   66  169
  115  134
   23  118
   57  140
  119  153
   71  146
   33  137
   53   77
   85  155
  146   87
   54  131
   49   85
  108  115
  100  166
   43   85
   81  116
  148   59
   57   77
   59   62
   98   86
  107  109
   53   60
  163   83
   74   80
   78   88
   85   58
  126   95
   73   86
   49  134
   35  109
  122  134
   89  169
   28  108
   76   19
   96   50
   94  107
   58   20
  100  111
  110   41
   81  111
  141  131
  102  102
   72   95
     0.918