    1   41    5    0    1  590
   72   88
   79   82
  118   75
  139   56
   42   54
  191  110
  106   87
  138   67
   88  101
   96   73
  118   70
  131   91
   72   91
  116   86
  144  116
  150   61
  132   57
  153   83
  139   71
  109   81
  101   80
   70  100
  114   71
  108   69
  128   76
  104   91
   96   43
   83   59
  132  101
  146   87
  101   59
   77   86
  111   96
  118   78
   43   47
  112   48
   77   66
  122   96
   94   83
   92   68
  126   37
  121   61
  104   79
   50   61
  121   27
   72  110
  126   86
   28    9
  129   91
   88   81
  129   62
  106  111
   94   89
  123   28
  145   57
   94   51
   87   24
   99   94
  138   85
   70   44
   79   12
   70   36
   73   93
  138   96
  120   51
   79   63
  129   58
   94   64
   75  110
  107   82
   43   53
   51   18
  106   86
   55   66
  130   72
   31   90
  128   95
   65   52
   60   62
  132   70
  120   70
   37   69
  149  108
   92  102
  139   84
   56  103
  112   78
   62   71
  128  104
   90  107
   65  103
  111  114
  117   75
   74   54
  116   83
   80   81
  143   98
   43   90
   63  100
   56   77
   46   83
  114   83
  129  102
   74   59
  105   54
   73  114
  100  102
  101   74
   60   97
   63  100
   77   78
   32   54
  125   63
   42   79
  132   94
   36   78
   37   83
   93  101
   46  118
  127  158
   60  122
  115  118
   25  157
  124   79
   95   80
  121  156
  101  131
   98  144
  122  164
  148  126
  104  109
   89  136
  108   91
  127  140
   76  144
   76  153
   76  133
   79  103
  138   85
  108  156
   75  108
  127  102
  103  166
   82  122
  100  106
   31  151
   59  156
  111   82
   53   98
  123  100
   28   99
  118  100
   69  118
   69  133
   17  116
  155  125
   81  165
  122  140
   55  107
   95  151
   82  144
  108  121
   72  165
   79  144
  102  129
  123  112
   96  113
  118  103
  102  152
  122  140
   63  101
   46  110
   72   91
   68  149
  109  156
  109  113
   58  119
   97  121
   94  126
  108  165
   80  137
   50  112
   70  101
   89  151
   23  125
  103  129
   39  147
  111  164
   54  127
   57  116
  133  111
   48   47
  105   31
   31   93
  125   73
  105   78
  120   48
  101   40
  106   12
  128  115
  155   43
  115   67
   95   85
  120   62
  118   13
   86   57
   79   97
   87   63
   89   50
  142   71
   98   57
   78   51
  128   72
  114   57
   89   47
   99   43
   26   51
   71   84
  119   86
   57   59
  120   51
   37   52
  112  104
   78   95
   79   37
   73  104
  130  114
   24  195
  138  143
   96  153
  137  161
  115   99
  104  128
  133  214
  155  143
  101  156
   77  182
  105  130
  143  127
   79  163
   89  197
   79  164
   82  118
  148  138
  123  168
   88  140
  139  157
  101  171
   66  104
  115  121
   46  161
   60  188
  116  159
   64  142
  138  133
   40  122
  134  176
   75  181
   68  142
  160  121
   66   55
  137  131
   63  122
  153   92
  116  145
   86  121
  136   80
  136   91
   57   91
  120   69
   61  132
  168  117
   52   75
   89   64
   73   71
   64  130
  137  136
  152   82
   99  100
  126   99
   57   94
   96  145
  127  118
   78   84
   73   49
   90  128
   57  105
  151  110
   60  127
  156  139
   61   98
   25   95
   85  106
  148  178
   69  170
  169  130
  128  188
   97  161
  152  132
  143  134
   42  139
  138  121
   43  178
  184  158
   62  115
  102  116
   90  116
   79  175
  146  182
  169  119
  115  145
  131  147
   51  130
  113  188
  142  162
   97  122
   92   96
   94  177
   67  151
  166  155
   78  173
  172  189
   75  149
   16  136
   96   64
  106   65
  109   50
   71   58
  104   41
  126   98
  143   26
  121   48
  130   67
  127   57
   99   37
   88   46
   59   81
   96   47
   93   49
  123   65
   89   53
   76   34
   97   54
  119   60
  123   59
   82   37
   54   47
   91   71
  111   73
   38   43
   92   38
   55   48
   99   91
   79   76
   81   26
   79   83
  159  158
   98  128
   93  143
  147  168
  120  128
   81  112
  162  139
   89   88
  168  139
   70  146
   81  156
  101  135
   87  101
  116   81
  158  158
  109  109
   80  105
   84  168
  145  119
  129  106
  101  152
  108  159
   77   85
   40  100
  149  101
   86   97
  162  100
   75  122
   39  134
  120  145
  101  139
  104  144
  126  119
  152  117
  111   89
   92  100
  116  100
  121  140
   83  127
   78  114
   83  111
   86  111
  141   94
  101  140
   77  101
  128   81
  110  153
   86  131
   99  110
   26  137
   67  126
  116   71
   56   92
  121   99
   34  107
  114   64
   76   72
   76  125
   93  158
  120  158
  162  165
  146  132
  123  109
  182  135
  130  126
  158  154
  102  146
   87  152
  127  133
  115  131
  128  126
  152  159
  121  115
   43  101
  124  171
  170  152
  132  126
  111  154
  131  155
  110  118
   49  106
  147  114
  102  127
  162  133
  101  123
   80  140
  119   89
  140  177
  160  106
  135  119
  131  145
  141   89
   83   89
  103  126
   76  160
  108  127
  107   78
  141   97
   72  130
   88  102
  112  119
  134  133
  125   58
   96   83
   56  124
   99  151
  127  118
   55  104
  108   95
   63   82
  103  135
   94  143
   97  105
  132  111
  118   86
   99   61
  151   80
  107  104
  140  114
   73   94
   58   97
   96   79
   85  105
   97  105
  131  107
   91   77
   64   67
  100  120
  139  124
  105   96
   83  104
  100   99
   84   97
   19   76
  123   84
   72  102
  137  110
   71   81
   58   94
  162  117
  138  137
  135  158
  144  134
   80  111
  105  136
   78  171
  111  138
  110  123
  142  143
   75  142
   91  120
  111  141
  136  146
  130  129
   99  113
   60  135
  103  162
  129  155
   56  128
  110  120
   67  124
  107  173
   96  164
   99  115
  125  146
  180  163
  133  146
  153  192
  103  185
   85  177
  126  170
  115  158
  127  139
  147  198
  119  154
   42  138
  127  210
  169  177
  129  159
  109  194
  130  187
  111  117
   48  144
  144  151
  100  154
  158  102
  101  135
   83  180
  167   95
  113   73
  153  118
   85  114
   74  111
  110  100
   99   85
  112   67
  145  127
  107   81
   53   66
  108  139
  154  104
  121   86
   99  122
  115  119
   93   44
   35   71
  138   77
   88   81
  152   45
   85   71
   64  107
  135   73
   90  115
   96  133
   68  154
  103  126
  101   74
  132   82
   81  142
   83   97
  103  106
  127  150
  125   93
   89   83
   56  136
   96  152
  120  101
   46   93
  100   87
   60   71
  100  118
   87  129
   90  116
  162  135
   78   99
   78   59
  107   86
   94  131
  114  128
  153  110
  110  103
   66   89
   97  123
  152  151
  126  122
  102  110
  113   79
   85  111
   37  102
  145  111
   88  128
  159  115
   81   71
   52  113
   69   97
   83  107
  101   81
   86  136
  119  141
  160  110
  111  105
   85  106
   81  124
  144  152
  131  124
  102  108
  108  102
   76  136
   42  110
  151  115
   86  133
  164  149
   76  115
   35  107
   51  111
   89   77
   86   57
  116   77
   96   81
   70   58
   93   78
  111   86
  120   62
   75   48
   53   75
   85  101
  103   91
   30   65
   87   56
   51   58
  101  109
   71  102
   73   55
  113   62
  107  111
  123  111
  111   87
   97   81
   76   72
  128  100
  148  129
  103  100
   81   86
  112   61
  114   99
   40   82
  114   90
   78  108
  126  108
   92   64
   88   88
   89   58
  144   79
  101  111
   80   74
  131   90
  113  117
   86   70
  102   55
   29  104
   69  126
  119   96
   59   76
  123   67
   37   60
  116  113
   79  115
   79   84
  117  127
  108   91
   90   95
   76   88
  122  104
  141  143
   96  115
   75   92
  105   61
  108  116
   33   98
  108  105
   72  123
  121  125
   85   81
   82   98
  164  118
  111  100
  103  115
   63  129
  133  142
  134  115
  100  113
  101  127
   75  141
   50  110
  156  110
   82  126
  167  157
   71  134
   16   99
   71   87
  116   71
   84  143
   87  123
   99   98
   47  126
   48  126
   92   84
   42   78
  123   87
   29   99
  125   99
   51   90
   49  112
   53   73
  113  140
  151  105
  112   85
   92  124
  112  127
   98   61
   31   72
  128   76
   83   81
  142   79
   84   89
   71  107
  108  122
   51   94
  131   71
   61  106
   75  108
  130   53
   81   55
  154   61
   56   70
  150   70
   89   71
   76   90
   81  112
  113   94
   40  129
   76  125
  129   52
   70   79
  134   85
   47   89
  126   51
   88   75
   86  114
  100  111
   77   71
   94  106
   80  148
   12  117
  118  114
   65  123
  132  166
   65  141
   54   82
   84   88
   79   99
   92  133
   61  103
  156  105
   66  121
  161  148
   66  119
   24   86
   75   59
  102  105
   67   94
  158  102
   63  119
  161  110
   71   66
   36   99
  132  125
   58   94
  115   92
   76  104
  116  142
  102  117
  104   59
   44   92
  139   82
   52   75
  145  130
   49  131
   26   91
  143   50
  100   53
  157  103
  101   90
   84   28
   52  134
  122  144
   55  112
   52  121
  143   85
   85   93
   74   65
   51  159
   18  127
   47   91
     0.327