    1   21    5    0    1  386
  134   75
   79  106
  161   65
   96   88
   95   99
  103   87
  120   93
  163   93
  122   82
  141   96
   76   83
   51   92
   22   98
   82   51
  155   77
  122   77
  168   85
  127   95
  152   69
   73   93
   55  129
  106   94
   76  117
  101  116
  136  106
  159  123
  128  122
   76  105
   95  112
   88  100
   36  113
   56  121
  102   81
   99   96
   90  101
  167  102
   75  115
   94   95
   71  116
  142   61
   95   75
  103  105
  102  102
  143   73
  155   74
  104   63
  121  111
   90   87
   34  106
   30  106
  100   65
  135   78
  114   87
  176  101
  110   84
  130   77
   80  102
   56  100
   97  169
  162  147
  167   92
  101   95
   96  132
  118  166
   79  151
   60  147
   79  140
   96  118
  105  143
   73  128
  151  152
   47  153
  103  119
   57  138
   61  111
  134   83
  104   31
  139   32
  118   82
  138  105
   40   94
   55   82
   45   75
   48   59
  150   87
  101   63
  131   89
  111  101
  148   55
   37   73
  134   80
  168   94
  147   93
   94   78
  113   87
  104   75
   44   87
   59   94
  117   52
  114   70
  109   73
  184   77
   90   88
  106   67
   89   89
  124  170
  130  168
  126  153
  147   96
   20  128
   70  122
   67  138
   36  136
  154  133
   97  130
  107  101
  105  150
  153  135
   13  134
  120  140
   77  114
   99  132
   86  114
   42  136
   63  144
  101   99
   90  108
   84  123
  163  124
   65  125
   88  116
   68  139
   96  100
  115  131
  108  106
   54  140
   73  148
  122  102
  106   98
  106  127
  185  126
   77  112
   94  120
   90  143
  129  104
   92   74
   41  124
   28  135
  101   96
  142   71
  120  116
  179  105
  117   90
  137  111
   84  130
   57   96
   51  156
   31  169
   63  131
  152  101
  111  150
  149  134
  119  102
  150  146
   54  164
   45   65
   65   82
  101   66
   89   49
   82   70
  161   42
   62   59
   88   72
   66   77
   36   56
  106   39
  133   69
  116   42
  181   67
  109   85
  128   33
   85   54
  112   58
  118   31
  109   82
  182   71
   95   11
  111   76
   86   97
  156   74
  106   83
  130   54
  116   85
  154   87
   36   86
   92  148
  172  145
   66  102
   81  140
   77  164
  164   90
   31   98
  108   77
   71  101
   66  106
  100  155
   55  179
  149   60
   19   85
   56  124
     0.059