3
20
63
95
87
58
82
94
8
79
40
56
36
28
87
81
13
6
80
58
56
95
0
0
0
500
53
22
75
52
57
66
77
69
46
29
66
70
47
13
72
84
75
78
33
57
57
57
37
500
55
24
22
31
58
51
37
61
64
11
46
26
60
63
68
49
47
44
50
50
50
70
41
500
66
50
62
78
85
75
60
45
65
78
43
23
55
96
84
64
25
41
41
41
101
75
62
500
37
20
14
25
22
12
26
40
19
42
42
94
32
24
87
50
77
77
77
31
48
42
79
500
46
73
71
57
70
66
31
65
23
54
38
87
69
24
31
26
26
26
49
40
39
54
31
500
33
40
31
21
20
35
33
26
25
76
51
39
72
31
59
59
59
91
52
90
7
66
54
500
30
18
47
55
12
26
32
58
80
48
28
66
50
65
65
65
44
5
75
48
19
76
43
500
19
40
56
45
13
59
71
111
16
8
99
73
95
95
95
76
34
96
31
52
76
14
43
500
58
64
10
39
31
63
72
60
41
57
50
59
59
59
89
48
114
42
67
89
5
55
70
500
64
32
65
22
51
36
88
69
24
28
22
22
22
112
87
67
49
89
8
91
36
45
71
500
32
4
43
55
96
27
9
85
57
79
79
79
103
75
67
36
79
13
78
23
37
62
73
500
71
67
101
90
88
71
69
84
83
83
83
19
27
63
71
8
86
70
73
47
22
59
23
500
48
77
90
54
36
73
67
77
77
77
59
55
24
62
44
51
86
56
23
30
26
38
55
500
20
82
84
77
88
42
67
67
67
59
48
33
53
41
46
77
47
13
25
35
31
53
46
500
36
86
69
28
23
20
20
20
58
70
18
87
54
72
107
81
47
47
12
54
61
79
49
500
51
32
65
53
66
66
66
73
85
14
96
70
74
120
89
57
61
9
69
77
90
64
76
500
53
45
47
50
50
50
65
51
35
49
45
41
77
43
10
28
38
34
58
45
47
45
35
500
65
56
67
67
67
85
47
81
5
59
48
41
14
37
46
84
43
71
13
68
52
79
36
500
40
69
69
69
41
34
45
57
23
63
70
55
25
10
44
17
34
45
24
67
32
16
23
500
43
43
43
73
44
59
25
49
37
56
20
15
32
63
33
62
22
55
42
58
21
28
51
500
500
500
73
44
59
25
49
37
56
20
15
32
63
33
62
22
55
42
58
21
28
51
500
500
500
73
44
59
25
49
37
56
20
15
32
63
33
62
22
55
42
58
21
28
51
500
500
500
218 178 431 0 444 367 83 213 163 474 48 328 105 84 300 0 335 96 0 326
