3
40
44
35
87
36
52
6
67
2
34
68
86
10
87
58
66
53
3
53
30
16
47
90
35
35
45
42
79
99
2
28
82
36
34
13
89
41
4
76
79
95
0
0
0
500
39
89
79
97
84
69
105
87
65
32
86
42
34
45
52
58
70
28
28
70
70
43
21
82
61
49
86
28
82
15
93
56
68
20
82
22
85
51
12
32
32
32
72
500
43
42
30
16
16
50
38
50
47
40
72
62
68
70
12
34
73
52
15
47
29
49
19
10
46
15
55
14
58
49
47
64
61
36
51
42
49
70
41
41
41
25
82
500
81
43
39
25
90
20
85
40
80
93
82
91
96
38
7
57
69
26
83
48
56
31
36
24
46
45
37
56
90
18
97
53
77
61
82
78
64
58
58
58
54
95
44
500
60
46
33
72
54
47
20
55
50
38
48
52
20
40
44
25
33
48
8
17
45
23
31
48
27
44
26
64
37
57
31
51
20
56
36
38
14
14
14
68
68
18
70
500
86
82
71
106
25
72
53
20
26
15
9
64
95
85
37
82
32
52
53
90
68
87
82
75
85
64
55
94
14
72
51
47
51
23
70
44
44
44
97
63
26
86
35
500
70
97
90
55
37
78
30
22
33
39
56
74
40
19
70
61
39
21
83
60
55
84
36
81
22
84
63
56
30
74
18
77
40
24
27
27
27
77
63
15
74
14
64
500
71
68
36
29
52
35
24
33
38
29
54
49
12
45
40
12
15
56
33
44
55
34
54
28
60
50
44
35
48
12
52
24
38
2
2
2
46
101
57
80
45
39
88
500
71
50
21
66
39
28
39
45
37
55
35
15
51
53
21
2
63
41
38
65
23
62
14
74
45
56
21
62
5
66
36
24
12
12
12
99
63
29
87
37
86
29
22
500
71
36
66
83
71
80
84
24
8
59
59
12
69
36
48
21
21
26
33
43
25
52
75
24
84
51
62
53
67
65
62
47
47
47
93
69
17
87
29
80
36
24
82
500
42
66
87
76
85
88
27
9
64
64
11
71
41
54
16
24
31
31
49
22
58
75
28
87
57
63
58
68
68
67
52
52
52
45
41
70
18
50
37
53
49
43
70
500
85
51
42
53
59
52
59
18
32
61
72
38
18
74
54
37
79
15
74
6
93
44
73
7
81
22
85
54
5
31
31
31
91
39
45
69
42
79
5
13
83
60
83
500
85
79
80
78
48
71
109
75
52
43
59
80
48
48
85
32
91
41
91
25
86
62
96
24
79
25
60
103
68
68
68
72
118
56
104
54
65
99
82
60
38
50
68
500
71
79
81
19
22
71
60
4
60
36
53
9
16
40
18
54
10
60
62
39
77
61
50
57
55
61
71
49
49
49
69
60
22
66
9
56
36
20
58
29
55
20
27
500
57
57
24
53
81
48
35
28
31
51
38
25
61
27
64
31
63
30
64
47
68
17
51
22
36
74
40
40
40
75
118
54
106
53
68
98
81
63
36
53
68
81
54
500
107
46
18
75
82
30
90
60
71
27
43
41
43
62
35
73
91
35
106
71
80
76
85
88
81
71
71
71
67
48
33
56
19
54
29
14
57
41
57
13
16
18
43
500
11
22
55
46
12
56
23
38
25
10
28
31
38
25
44
65
29
70
45
51
41
57
51
55
35
35
35
49
41
81
6
62
43
60
58
50
82
58
41
34
57
48
50
500
12
50
54
18
69
33
42
29
23
18
40
35
32
44
78
17
82
43
65
46
70
62
53
42
42
42
82
33
46
58
38
70
10
12
74
58
75
30
22
38
61
2
78
500
91
42
75
18
50
57
82
62
87
72
78
76
69
39
93
2
77
37
52
36
21
77
46
46
46
84
35
46
61
39
72
7
12
77
59
78
33
25
40
63
5
80
28
500
27
64
68
38
17
76
55
42
80
21
76
9
90
50
68
14
78
18
82
49
9
29
29
29
87
84
5
92
25
74
54
39
74
17
68
45
53
30
59
52
55
23
36
500
47
85
45
39
57
47
11
69
19
61
32
100
14
93
26
86
45
91
72
36
47
47
47
93
45
41
73
40
81
11
13
85
56
84
40
36
42
70
18
83
23
37
84
500
70
39
51
18
23
29
32
46
24
55
76
26
85
55
63
56
68
67
65
50
50
50
56
100
47
85
39
48
83
67
44
29
34
50
63
38
35
76
11
57
45
67
57
500
46
63
61
47
82
47
80
53
76
12
85
32
83
8
60
6
33
87
50
50
50
85
22
58
55
49
74
13
24
79
70
81
38
26
48
67
11
87
40
40
72
54
48
500
62
82
63
91
72
82
76
74
35
96
7
82
35
57
33
25
82
50
50
50
60
31
84
14
65
54
55
57
61
87
68
44
35
61
57
46
85
69
54
41
85
68
93
500
58
40
22
64
6
59
12
85
30
72
12
72
22
76
51
21
26
26
26
67
29
89
20
72
62
57
60
68
93
76
51
40
67
65
49
93
74
60
48
90
74
100
43
500
45
72
57
65
60
58
35
77
17
65
28
41
29
10
67
32
32
32
83
12
67
47
55
73
24
33
78
77
82
41
28
54
68
20
91
49
45
68
64
55
84
15
75
500
81
33
84
41
84
18
82
53
89
14
70
15
50
95
60
60
60
93
74
13
90
29
80
42
29
82
31
77
45
49
34
66
43
67
15
36
91
3
23
38
47
100
35
500
34
51
25
61
80
28
92
60
67
62
72
73
70
57
57
57
25
72
60
46
40
12
70
58
14
52
16
30
39
34
5
59
34
57
35
28
67
45
54
57
35
42
46
500
52
27
62
82
28
93
60
69
63
74
75
71
58
58
58
89
58
25
78
29
76
25
14
79
41
77
37
37
33
64
27
72
9
30
83
19
24
49
32
92
25
74
39
500
11
78
52
60
78
80
43
71
47
66
89
61
61
61
57
92
38
80
29
46
74
58
44
22
35
42
55
29
32
67
17
47
36
65
48
33
20
68
72
46
18
59
60
500
24
111
47
92
18
99
41
103
73
15
50
50
50
20
76
65
47
45
7
74
63
9
56
14
35
44
39
8
64
34
62
40
25
72
50
58
62
32
47
47
46
34
85
500
74
23
71
30
60
31
65
50
39
28
28
28
33
98
66
72
51
29
91
76
23
51
13
52
63
47
23
81
15
70
52
48
75
56
50
80
53
61
26
67
58
95
62
500
30
79
54
55
52
61
61
64
45
45
45
16
94
77
61
59
17
92
80
10
65
10
53
62
54
23
82
32
78
56
34
85
64
64
80
37
64
44
65
52
101
69
83
500
50
90
12
71
12
48
95
60
60
60
76
43
35
60
27
63
19
5
67
47
67
23
20
27
53
12
68
18
21
68
34
25
54
16
76
11
73
21
39
28
18
14
23
500
71
12
49
15
25
75
39
39
39
38
65
47
49
26
26
57
44
28
41
27
18
29
21
13
47
35
43
21
38
54
32
45
46
46
29
45
33
28
66
35
48
31
53
500
12
58
11
30
84
48
48
48
65
57
27
61
10
52
36
20
54
32
52
15
23
10
39
29
51
17
6
61
30
11
39
31
70
9
56
26
38
40
10
30
9
56
6
500
30
50
12
54
27
27
27
27
93
67
66
50
22
88
74
16
53
6
48
59
46
18
78
20
69
49
41
76
55
53
77
46
59
32
62
53
94
61
78
55
48
61
92
500
92
61
3
39
39
39
86
2
80
44
68
77
37
47
83
89
88
51
38
65
75
33
100
62
57
69
78
68
97
29
75
49
109
34
41
60
62
32
66
112
57
74
40
500
58
7
35
35
35
13
89
96
46
75
24
98
89
26
87
35
62
66
70
40
87
60
92
69
19
103
81
89
83
14
74
72
67
49
112
84
87
80
87
81
116
51
9
500
56
20
20
20
58
58
31
57
11
45
41
26
47
32
45
10
22
7
32
33
45
24
2
54
36
14
39
34
63
12
52
26
34
47
16
34
13
54
14
48
33
66
58
500
23
23
23
90
39
44
67
41
78
5
12
82
59
82
37
31
42
68
11
83
27
36
80
39
38
67
16
88
26
88
30
50
20
31
12
37
86
27
33
47
92
49
57
500
500
500
90
39
44
67
41
78
5
12
82
59
82
37
31
42
68
11
83
27
36
80
39
38
67
16
88
26
88
30
50
20
31
12
37
86
27
33
47
92
49
57
500
500
500
90
39
44
67
41
78
5
12
82
59
82
37
31
42
68
11
83
27
36
80
39
38
67
16
88
26
88
30
50
20
31
12
37
86
27
33
47
92
49
57
500
500
500
774 416 617 810 539 371 297 0 145 137 23 264 524 718 48 466 783 188 430 389 627 268 369 0 678 473 171 241 115 132 51 0 722 249 424 381 14 525 741 616
