3
20
28
43
19
26
88
86
59
68
2
45
83
18
87
79
35
18
11
37
11
66
0
0
0
500
59
64
64
36
31
62
18
68
72
77
64
19
40
66
7
69
69
60
73
39
39
39
73
500
65
40
12
50
41
31
45
50
73
40
22
16
57
17
53
46
41
50
45
45
45
63
50
500
55
58
77
85
64
85
43
23
65
86
61
13
74
18
51
92
49
51
51
51
61
47
25
500
49
65
79
52
80
42
22
61
75
53
4
62
18
49
85
49
39
39
39
95
87
50
27
500
25
84
29
89
94
89
87
36
63
82
30
88
92
80
96
47
47
47
65
60
41
39
45
500
18
58
20
35
83
14
43
14
65
45
51
27
24
31
68
68
68
76
78
78
80
85
93
500
82
74
28
52
53
93
61
40
85
23
37
86
33
74
74
74
55
42
8
35
40
43
59
500
45
62
88
47
10
26
73
19
68
57
35
61
57
57
57
22
17
55
84
89
93
23
66
500
39
46
45
47
29
30
35
30
41
62
43
30
30
30
64
51
40
63
65
65
68
80
96
500
60
43
88
54
46
82
26
27
76
23
76
76
76
11
10
47
72
78
84
15
42
47
73
500
35
77
43
41
70
19
19
67
16
67
67
67
86
81
54
40
43
50
90
37
52
23
38
500
55
44
26
40
36
56
77
57
16
16
16
95
84
40
13
6
6
100
64
85
24
9
81
500
13
62
21
55
44
35
49
51
51
51
15
24
68
95
101
106
12
66
66
97
110
41
64
500
45
87
26
36
85
32
78
78
78
82
68
48
63
64
62
85
91
109
79
75
44
21
45
500
11
73
74
62
78
41
41
41
76
75
65
63
68
76
78
27
28
48
66
94
100
75
95
500
44
27
33
31
57
57
57
55
42
8
35
39
42
59
50
69
45
50
36
29
22
27
10
500
47
95
44
75
75
75
64
51
35
57
60
59
68
76
93
71
71
28
5
40
24
27
84
500
66
53
21
21
21
84
71
37
44
44
41
88
81
101
61
55
53
31
27
6
24
75
94
500
66
23
23
23
58
62
69
77
83
91
60
25
6
65
84
86
97
83
100
82
61
55
61
500
27
27
27
50
36
25
52
56
58
53
61
77
63
67
20
14
37
31
23
75
59
61
47
500
500
500
50
36
25
52
56
58
53
61
77
63
67
20
14
37
31
23
75
59
61
47
500
500
500
50
36
25
52
56
58
53
61
77
63
67
20
14
37
31
23
75
59
61
47
500
500
500
193 0 78 0 79 232 252 179 446 323 101 398 0 151 357 276 122 396 313 349
